<DATE>	<TIME>	<BID>	<ASK>	<LAST>	<VOLUME>	<FLAGS>
2024.12.26	00:00:31.527	1.25452	1.25644			6
2024.12.26	00:01:00.208	1.25452				2
2024.12.26	00:01:10.362	1.25459				2
2024.12.26	00:01:10.979		1.25642			4
2024.12.26	00:01:40.540	1.25487				2
2024.12.26	00:02:00.277	1.25487				2
2024.12.26	00:02:11.064		1.25642			4
2024.12.26	00:02:54.488		1.25552			4
2024.12.26	00:03:00.657	1.25487				2
2024.12.26	00:03:12.572	1.25474	1.25553			6
2024.12.26	00:03:24.979	1.25472	1.25551			6
2024.12.26	00:03:37.836	1.25469	1.25661			6
2024.12.26	00:03:38.137	1.25483	1.25570			6
2024.12.26	00:03:42.733	1.25472				2
2024.12.26	00:03:44.269	1.25483	1.25569			6
2024.12.26	00:03:45.180	1.25449	1.25562			6
2024.12.26	00:03:45.492	1.25482	1.25568			6
2024.12.26	00:03:47.645	1.25449				2
2024.12.26	00:03:48.596	1.25482				2
2024.12.26	00:03:56.848	1.25445	1.25561			6
2024.12.26	00:04:00.233	1.25445				2
2024.12.26	00:04:09.161	1.25480	1.25568			6
2024.12.26	00:04:14.689	1.25442	1.25561			6
2024.12.26	00:04:31.615	1.25480	1.25567			6
2024.12.26	00:04:36.839	1.25442	1.25561			6
2024.12.26	00:04:55.059	1.25316	1.25508			6
2024.12.26	00:05:00.001	1.25316				2
2024.12.26	00:05:10.767	1.25298	1.25490			6
2024.12.26	00:05:11.694	1.25316	1.25508			6
2024.12.26	00:05:29.549	1.25336	1.25528			6
2024.12.26	00:05:38.157	1.25358	1.25536			6
2024.12.26	00:06:00.311	1.25358				2
2024.12.26	00:06:09.254	1.25374				2
2024.12.26	00:06:10.181	1.25383				2
2024.12.26	00:06:24.361	1.25390				2
2024.12.26	00:06:38.219		1.25536			4
2024.12.26	00:06:40.988	1.25392				2
2024.12.26	00:06:43.134	1.25411				2
2024.12.26	00:06:50.210	1.25416				2
2024.12.26	00:07:00.062	1.25416				2
2024.12.26	00:07:13.031	1.25392				2
2024.12.26	00:07:13.338	1.25396				2
2024.12.26	00:07:31.223	1.25392				2
2024.12.26	00:07:38.314		1.25536			4
2024.12.26	00:07:41.393	1.25396				2
2024.12.26	00:07:51.243	1.25392				2
2024.12.26	00:08:00.157	1.25392				2
2024.12.26	00:08:01.086	1.25374				2
2024.12.26	00:08:01.395	1.25392				2
2024.12.26	00:08:01.702	1.25393				2
2024.12.26	00:08:03.864	1.25394				2
2024.12.26	00:08:05.708	1.25396				2
2024.12.26	00:08:11.581	1.25392				2
2024.12.26	00:08:21.778	1.25395				2
2024.12.26	00:08:35.046	1.25392				2
2024.12.26	00:08:38.433		1.25536			4
2024.12.26	00:08:38.738	1.25406				2
2024.12.26	00:08:45.515	1.25402				2
2024.12.26	00:08:57.225	1.25369				2
2024.12.26	00:08:59.678	1.25363				2
2024.12.26	00:09:00.297	1.25363				2
2024.12.26	00:09:01.215	1.25364				2
2024.12.26	00:09:10.016	1.25352				2
2024.12.26	00:09:38.719		1.25536			4
2024.12.26	00:09:42.730	1.25394	1.25543			6
2024.12.26	00:09:46.436	1.25390				2
2024.12.26	00:09:47.670	1.25386				2
2024.12.26	00:09:48.904	1.25380				2
2024.12.26	00:09:50.139	1.25378				2
2024.12.26	00:10:00.013	1.25378				2
2024.12.26	00:10:01.240	1.25394				2
2024.12.26	00:10:02.785	1.25391				2
2024.12.26	00:10:09.626		1.25583			4
2024.12.26	00:10:11.173	1.25387	1.25579			6
2024.12.26	00:10:11.492	1.25390	1.25582			6
2024.12.26	00:10:15.192	1.25418	1.25610			6
2024.12.26	00:10:21.023	1.25396	1.25588			6
2024.12.26	00:10:30.240	1.25386	1.25578			6
2024.12.26	00:10:40.982	1.25397	1.25589			6
2024.12.26	00:10:41.595	1.25396	1.25588			6
2024.12.26	00:10:51.135	1.25397	1.25589			6
2024.12.26	00:10:59.152		1.25536			4
2024.12.26	00:11:00.078	1.25397				2
2024.12.26	00:11:02.541	1.25394				2
2024.12.26	00:11:03.156		1.25586			4
2024.12.26	00:11:04.131		1.25536			4
2024.12.26	00:11:08.141		1.25586			4
2024.12.26	00:11:09.061		1.25536			4
2024.12.26	00:11:12.769	1.25386				2
2024.12.26	00:11:13.069	1.25403				2
2024.12.26	00:11:21.068	1.25402				2
2024.12.26	00:11:22.603	1.25404				2
2024.12.26	00:11:32.752	1.25403				2
2024.12.26	00:11:38.300	1.25404				2
2024.12.26	00:11:41.075	1.25402				2
2024.12.26	00:11:48.459	1.25403				2
2024.12.26	00:11:51.218	1.25404				2
2024.12.26	00:12:00.113	1.25404				2
2024.12.26	00:12:01.033	1.25402				2
2024.12.26	00:12:01.640	1.25400				2
2024.12.26	00:12:07.785	1.25399	1.25542			6
2024.12.26	00:12:08.089	1.25398				2
2024.12.26	00:12:09.610	1.25402				2
2024.12.26	00:12:10.521	1.25398				2
2024.12.26	00:12:11.146	1.25390				2
2024.12.26	00:12:12.369	1.25391				2
2024.12.26	00:12:12.670	1.25392				2
2024.12.26	00:12:20.966	1.25402				2
2024.12.26	00:12:31.096	1.25408				2
2024.12.26	00:12:31.707	1.25407				2
2024.12.26	00:12:41.213	1.25408				2
2024.12.26	00:12:47.653	1.25406				2
2024.12.26	00:12:51.024	1.25405				2
2024.12.26	00:12:51.634	1.25408				2
2024.12.26	00:12:57.782	1.25406				2
2024.12.26	00:13:00.235	1.25406				2
2024.12.26	00:13:06.363	1.25402				2
2024.12.26	00:13:06.972		1.25541			4
2024.12.26	00:13:07.282	1.25423				2
2024.12.26	00:13:07.889	1.25421				2
2024.12.26	00:13:09.722	1.25414				2
2024.12.26	00:13:11.253	1.25415				2
2024.12.26	00:13:14.309	1.25416				2
2024.12.26	00:13:14.616	1.25417				2
2024.12.26	00:13:21.048	1.25425				2
2024.12.26	00:13:31.131	1.25424				2
2024.12.26	00:13:50.745	1.25425				2
2024.12.26	00:13:51.055	1.25423				2
2024.12.26	00:14:00.258	1.25423				2
2024.12.26	00:14:00.874	1.25415				2
2024.12.26	00:14:01.174	1.25425				2
2024.12.26	00:14:07.086		1.25541			4
2024.12.26	00:14:11.087	1.25424				2
2024.12.26	00:14:14.459	1.25422				2
2024.12.26	00:14:20.661	1.25424				2
2024.12.26	00:14:21.276	1.25429				2
2024.12.26	00:14:27.101	1.25426				2
2024.12.26	00:14:31.091	1.25424				2
2024.12.26	00:14:31.707	1.25429				2
2024.12.26	00:14:36.612	1.25423				2
2024.12.26	00:14:41.220	1.25425				2
2024.12.26	00:14:41.524	1.25428				2
2024.12.26	00:14:51.047	1.25419				2
2024.12.26	00:14:57.186	1.25428				2
2024.12.26	00:15:00.260	1.25428	1.25547			6
2024.12.26	00:15:01.177	1.25425				2
2024.12.26	00:15:11.028	1.25420				2
2024.12.26	00:15:11.639	1.25425				2
2024.12.26	00:15:21.173	1.25428				2
2024.12.26	00:15:30.977	1.25427				2
2024.12.26	00:15:37.125	1.25425				2
2024.12.26	00:15:41.108	1.25423				2
2024.12.26	00:15:49.679	1.25419				2
2024.12.26	00:15:51.210	1.25424				2
2024.12.26	00:15:51.823	1.25426				2
2024.12.26	00:16:00.099	1.25426				2
2024.12.26	00:16:00.408		1.25547			4
2024.12.26	00:16:01.021	1.25419				2
2024.12.26	00:16:01.635	1.25424				2
2024.12.26	00:16:07.778	1.25419				2
2024.12.26	00:16:09.009	1.25414				2
2024.12.26	00:16:11.460	1.25415				2
2024.12.26	00:16:17.291	1.25427				2
2024.12.26	00:16:27.138	1.25425				2
2024.12.26	00:16:37.287	1.25418				2
2024.12.26	00:16:37.595	1.25419				2
2024.12.26	00:16:40.969	1.25426				2
2024.12.26	00:16:47.105	1.25420				2
2024.12.26	00:16:51.715	1.25424				2
2024.12.26	00:16:57.240	1.25420				2
2024.12.26	00:17:00.298	1.25420				2
2024.12.26	00:17:00.609		1.25547			4
2024.12.26	00:17:07.672	1.25419				2
2024.12.26	00:17:17.172	1.25426				2
2024.12.26	00:17:21.152	1.25423				2
2024.12.26	00:17:28.199	1.25399				2
2024.12.26	00:17:41.073	1.25402				2
2024.12.26	00:17:57.004	1.25397				2
2024.12.26	00:18:01.243	1.25398	1.25547			6
2024.12.26	00:18:01.551	1.25400				2
2024.12.26	00:18:11.055	1.25399				2
2024.12.26	00:18:31.007	1.25397				2
2024.12.26	00:18:40.153	1.25400				2
2024.12.26	00:18:49.373	1.25398				2
2024.12.26	00:19:00.114	1.25398				2
2024.12.26	00:19:01.343	1.25399	1.25547			6
2024.12.26	00:19:17.290	1.25398				2
2024.12.26	00:19:26.207	1.25401				2
2024.12.26	00:19:35.110	1.25400				2
2024.12.26	00:19:39.402	1.25417				2
2024.12.26	00:19:51.686	1.25419				2
2024.12.26	00:20:00.274	1.25419				2
2024.12.26	00:20:01.512		1.25547			4
2024.12.26	00:20:11.648	1.25425				2
2024.12.26	00:20:17.177	1.25423				2
2024.12.26	00:20:29.458	1.25418				2
2024.12.26	00:20:42.351		1.25562			4
2024.12.26	00:20:43.276	1.25400				2
2024.12.26	00:20:49.115	1.25402				2
2024.12.26	00:20:59.575	1.25400				2
2024.12.26	00:21:00.189	1.25400				2
2024.12.26	00:21:07.581	1.25403				2
2024.12.26	00:21:17.135	1.25402				2
2024.12.26	00:21:19.601	1.25399				2
2024.12.26	00:21:26.997	1.25400				2
2024.12.26	00:21:37.158	1.25399				2
2024.12.26	00:21:41.155	1.25398				2
2024.12.26	00:21:42.392		1.25562			4
2024.12.26	00:21:47.312	1.25399				2
2024.12.26	00:21:50.086		1.25536			4
2024.12.26	00:21:57.479	1.25400				2
2024.12.26	00:22:00.263	1.25400				2
2024.12.26	00:22:50.178		1.25536			4
2024.12.26	00:23:00.173	1.25400				2
2024.12.26	00:23:21.140	1.25401				2
2024.12.26	00:23:30.381	1.25400				2
2024.12.26	00:23:31.918	1.25399				2
2024.12.26	00:23:50.368		1.25536			4
2024.12.26	00:24:00.192	1.25399				2
2024.12.26	00:24:21.417	1.25400				2
2024.12.26	00:24:47.229	1.25398				2
2024.12.26	00:24:48.157	1.25413				2
2024.12.26	00:24:50.617	1.25408	1.25536			6
2024.12.26	00:25:00.120	1.25408				2
2024.12.26	00:25:04.713	1.25419				2
2024.12.26	00:25:12.395	1.25388				2
2024.12.26	00:25:13.313		1.25580			4
2024.12.26	00:26:00.003	1.25388				2
2024.12.26	00:26:13.549		1.25580			4
2024.12.26	00:27:00.268	1.25388				2
2024.12.26	00:27:13.796		1.25580			4
2024.12.26	00:27:48.196	1.25387	1.25579			6
2024.12.26	00:28:00.169	1.25387				2
2024.12.26	00:28:48.491		1.25579			4
2024.12.26	00:29:00.193	1.25387				2
2024.12.26	00:29:48.118	1.25388	1.25580			6
2024.12.26	00:30:00.105	1.25388				2
2024.12.26	00:30:48.319		1.25580			4
2024.12.26	00:31:00.277	1.25388				2
2024.12.26	00:31:26.617	1.25389	1.25581			6
2024.12.26	00:31:28.453	1.25390	1.25582			6
2024.12.26	00:31:39.180	1.25391	1.25583			6
2024.12.26	00:31:40.715	1.25392	1.25584			6
2024.12.26	00:31:48.079	1.25390	1.25582			6
2024.12.26	00:31:52.386	1.25391	1.25583			6
2024.12.26	00:32:00.057	1.25391				2
2024.12.26	00:32:01.286	1.25392	1.25584			6
2024.12.26	00:32:11.111	1.25393	1.25585			6
2024.12.26	00:32:15.412	1.25394	1.25586			6
2024.12.26	00:32:19.095	1.25395	1.25587			6
2024.12.26	00:32:27.699	1.25396	1.25588			6
2024.12.26	00:32:47.958	1.25392	1.25584			6
2024.12.26	00:32:51.033	1.25393	1.25585			6
2024.12.26	00:32:52.880	1.25396	1.25588			6
2024.12.26	00:32:56.567	1.25394	1.25586			6
2024.12.26	00:32:56.872	1.25396	1.25588			6
2024.12.26	00:32:59.333	1.25394	1.25586			6
2024.12.26	00:32:59.639	1.25397	1.25589			6
2024.12.26	00:33:00.249	1.25397				2
2024.12.26	00:33:00.863	1.25398	1.25590			6
2024.12.26	00:33:02.399	1.25406				2
2024.12.26	00:33:03.630	1.25401				2
2024.12.26	00:33:04.553	1.25394	1.25586			6
2024.12.26	00:33:05.779	1.25396	1.25588			6
2024.12.26	00:33:13.753	1.25392	1.25584			6
2024.12.26	00:33:15.901	1.25393	1.25585			6
2024.12.26	00:33:16.823	1.25394	1.25586			6
2024.12.26	00:33:19.579	1.25393	1.25585			6
2024.12.26	00:33:20.503	1.25392	1.25584			6
2024.12.26	00:33:21.734	1.25391	1.25583			6
2024.12.26	00:33:22.036	1.25392	1.25584			6
2024.12.26	00:33:22.349	1.25391	1.25583			6
2024.12.26	00:33:28.184	1.25390	1.25582			6
2024.12.26	00:33:36.183	1.25388	1.25580			6
2024.12.26	00:33:38.640	1.25389	1.25581			6
2024.12.26	00:33:38.944	1.25388	1.25580			6
2024.12.26	00:33:48.163	1.25386	1.25578			6
2024.12.26	00:33:50.316	1.25385	1.25577			6
2024.12.26	00:33:53.698	1.25394	1.25586			6
2024.12.26	00:34:00.168	1.25394				2
2024.12.26	00:34:27.193	1.25393	1.25585			6
2024.12.26	00:34:27.502	1.25396	1.25588			6
2024.12.26	00:34:27.805	1.25394	1.25586			6
2024.12.26	00:34:29.967	1.25392	1.25584			6
2024.12.26	00:34:31.815	1.25394	1.25586			6
2024.12.26	00:34:32.122	1.25393	1.25585			6
2024.12.26	00:34:33.045	1.25392	1.25584			6
2024.12.26	00:34:45.359	1.25391	1.25583			6
2024.12.26	00:34:49.971	1.25392	1.25584			6
2024.12.26	00:34:56.123	1.25393	1.25585			6
2024.12.26	00:34:59.502	1.25394	1.25586			6
2024.12.26	00:35:00.122	1.25394				2
2024.12.26	00:35:00.733	1.25397	1.25589			6
2024.12.26	00:35:01.036	1.25398	1.25590			6
2024.12.26	00:35:02.573	1.25402	1.25594			6
2024.12.26	00:35:03.801	1.25403	1.25595			6
2024.12.26	00:35:04.110	1.25404	1.25596			6
2024.12.26	00:35:04.729	1.25402	1.25594			6
2024.12.26	00:35:05.032	1.25406	1.25598			6
2024.12.26	00:35:07.183	1.25407	1.25599			6
2024.12.26	00:35:07.804	1.25408	1.25600			6
2024.12.26	00:35:08.112	1.25410	1.25601			6
2024.12.26	00:35:08.414	1.25412				2
2024.12.26	00:35:08.728	1.25410	1.25602			6
2024.12.26	00:35:09.033	1.25414	1.25603			6
2024.12.26	00:35:11.801	1.25416				2
2024.12.26	00:35:18.251	1.25418				2
2024.12.26	00:35:20.097	1.25420				2
2024.12.26	00:35:22.869	1.25422				2
2024.12.26	00:35:24.100	1.25424				2
2024.12.26	00:35:28.402	1.25426				2
2024.12.26	00:35:28.704	1.25428				2
2024.12.26	00:35:30.243	1.25427				2
2024.12.26	00:35:31.462	1.25428				2
2024.12.26	00:35:31.771	1.25430				2
2024.12.26	00:35:35.442	1.25431				2
2024.12.26	00:35:39.417	1.25433				2
2024.12.26	00:35:40.954	1.25436				2
2024.12.26	00:35:42.176	1.25440				2
2024.12.26	00:35:45.859	1.25441				2
2024.12.26	00:35:46.471		1.25602			4
2024.12.26	00:35:47.390	1.25443				2
2024.12.26	00:35:48.010	1.25444				2
2024.12.26	00:35:48.310	1.25447				2
2024.12.26	00:35:48.617	1.25448				2
2024.12.26	00:35:49.530	1.25449				2
2024.12.26	00:35:50.458	1.25450				2
2024.12.26	00:35:50.766		1.25601			4
2024.12.26	00:35:51.079	1.25451				2
2024.12.26	00:35:51.386	1.25452				2
2024.12.26	00:35:51.999	1.25453				2
2024.12.26	00:35:52.611	1.25454				2
2024.12.26	00:35:55.983		1.25600			4
2024.12.26	00:35:59.966		1.25599			4
2024.12.26	00:36:00.270	1.25454				2
2024.12.26	00:36:01.500	1.25455				2
2024.12.26	00:36:02.725	1.25456				2
2024.12.26	00:36:03.645		1.25598			4
2024.12.26	00:36:03.947	1.25457				2
2024.12.26	00:36:08.851	1.25456	1.25599			6
2024.12.26	00:36:09.159	1.25457				2
2024.12.26	00:36:10.999		1.25598			4
2024.12.26	00:36:11.919	1.25459				2
2024.12.26	00:36:12.526	1.25460	1.25597			6
2024.12.26	00:36:16.512	1.25461				2
2024.12.26	00:36:16.813		1.25596			4
2024.12.26	00:36:21.411		1.25595			4
2024.12.26	00:36:26.603		1.25594			4
2024.12.26	00:36:27.825	1.25462				2
2024.12.26	00:36:30.880	1.25463				2
2024.12.26	00:36:31.492		1.25593			4
2024.12.26	00:36:33.007	1.25464				2
2024.12.26	00:36:36.373		1.25592			4
2024.12.26	00:36:42.496		1.25591			4
2024.12.26	00:36:48.624		1.25590			4
2024.12.26	00:36:52.914		1.25589			4
2024.12.26	00:36:57.507		1.25588			4
2024.12.26	00:37:00.258	1.25464				2
2024.12.26	00:37:04.242		1.25587			4
2024.12.26	00:37:08.829	1.25463				2
2024.12.26	00:37:09.145	1.25464				2
2024.12.26	00:37:10.670	1.25465				2
2024.12.26	00:37:15.570		1.25586			4
2024.12.26	00:37:18.022	1.25467				2
2024.12.26	00:37:21.700		1.25585			4
2024.12.26	00:37:28.750		1.25584			4
2024.12.26	00:37:31.198		1.25545			4
2024.12.26	00:37:31.501	1.25461				2
2024.12.26	00:37:37.026	1.25462				2
2024.12.26	00:37:37.642	1.25461				2
2024.12.26	00:37:37.949	1.25467				2
2024.12.26	00:38:00.271	1.25467				2
2024.12.26	00:38:01.806	1.25461				2
2024.12.26	00:38:05.169	1.25462				2
2024.12.26	00:38:08.850	1.25461				2
2024.12.26	00:38:11.299	1.25462				2
2024.12.26	00:38:11.604	1.25468				2
2024.12.26	00:38:18.026	1.25467				2
2024.12.26	00:38:21.706	1.25468				2
2024.12.26	00:38:31.494		1.25545			4
2024.12.26	00:38:37.301	1.25467				2
2024.12.26	00:38:38.226	1.25468				2
2024.12.26	00:39:00.019	1.25468				2
2024.12.26	00:39:08.302	1.25464				2
2024.12.26	00:39:11.682	1.25468				2
2024.12.26	00:39:31.624		1.25545			4
2024.12.26	00:39:43.290	1.25446				2
2024.12.26	00:39:46.969	1.25444				2
2024.12.26	00:39:51.580	1.25448				2
2024.12.26	00:39:51.888	1.25438				2
2024.12.26	00:40:01.517	1.25438				2
2024.12.26	00:40:04.247	1.25443				2
2024.12.26	00:40:11.632	1.25439				2
2024.12.26	00:40:34.984		1.25545			4
2024.12.26	00:40:46.285	1.25440				2
2024.12.26	00:40:49.774	1.25436				2
2024.12.26	00:40:51.004	1.25437				2
2024.12.26	00:40:51.619	1.25439				2
2024.12.26	00:40:52.233	1.25436				2
2024.12.26	00:40:52.534	1.25440				2
2024.12.26	00:41:01.398	1.25440				2
2024.12.26	00:41:27.368	1.25441				2
2024.12.26	00:41:35.581		1.25545			4
2024.12.26	00:41:52.830	1.25438				2
2024.12.26	00:41:54.364	1.25441				2
2024.12.26	00:41:54.783	1.25438				2
2024.12.26	00:41:58.784	1.25441				2
2024.12.26	00:42:01.240	1.25441				2
2024.12.26	00:42:36.783		1.25545			4
2024.12.26	00:42:54.451	1.25442				2
2024.12.26	00:42:57.880	1.25439				2
2024.12.26	00:43:00.029	1.25439				2
2024.12.26	00:43:04.018	1.25442				2
2024.12.26	00:43:39.482		1.25545			4
2024.12.26	00:44:01.516	1.25442				2
2024.12.26	00:44:02.881	1.25439				2
2024.12.26	00:44:04.107	1.25442				2
2024.12.26	00:44:05.171	1.25439				2
2024.12.26	00:44:08.852	1.25442				2
2024.12.26	00:44:11.661	1.25443				2
2024.12.26	00:44:40.693		1.25545			4
2024.12.26	00:45:00.666	1.25443				2
2024.12.26	00:45:02.103	1.25439	1.25567			6
2024.12.26	00:45:03.945	1.25443	1.25545			6
2024.12.26	00:45:08.295	1.25455	1.25529			6
2024.12.26	00:45:11.049	1.25459				2
2024.12.26	00:45:11.978	1.25455				2
2024.12.26	00:45:13.523	1.25457				2
2024.12.26	00:45:13.829	1.25459				2
2024.12.26	00:45:16.296	1.25460				2
2024.12.26	00:45:17.524	1.25462				2
2024.12.26	00:45:20.606	1.25463				2
2024.12.26	00:45:21.538	1.25469				2
2024.12.26	00:45:23.998	1.25468				2
2024.12.26	00:45:25.237	1.25467				2
2024.12.26	00:45:26.779	1.25468				2
2024.12.26	00:45:27.699	1.25469				2
2024.12.26	00:45:32.616	1.25468				2
2024.12.26	00:45:37.542	1.25470				2
2024.12.26	00:45:41.239	1.25466				2
2024.12.26	00:45:42.162	1.25467				2
2024.12.26	00:45:43.086	1.25468				2
2024.12.26	00:45:43.399	1.25469				2
2024.12.26	00:45:45.544	1.25470				2
2024.12.26	00:45:48.919	1.25471				2
2024.12.26	00:45:50.456	1.25472				2
2024.12.26	00:45:53.522	1.25473				2
2024.12.26	00:45:57.210	1.25474				2
2024.12.26	00:46:00.275	1.25474				2
2024.12.26	00:46:01.196	1.25480				2
2024.12.26	00:46:08.318		1.25529			4
2024.12.26	00:46:11.090	1.25475				2
2024.12.26	00:46:11.704	1.25479				2
2024.12.26	00:46:16.607	1.25478				2
2024.12.26	00:46:16.913	1.25479				2
2024.12.26	00:46:21.820	1.25475				2
2024.12.26	00:46:30.414	1.25476				2
2024.12.26	00:46:44.829	1.25477				2
2024.12.26	00:46:50.969	1.25482				2
2024.12.26	00:46:51.580	1.25481				2
2024.12.26	00:46:53.728	1.25482				2
2024.12.26	00:47:00.170	1.25482				2
2024.12.26	00:47:01.703	1.25477				2
2024.12.26	00:47:02.008		1.25547			4
2024.12.26	00:47:03.860		1.25537			4
2024.12.26	00:47:31.519	1.25481				2
2024.12.26	00:47:40.411	1.25477				2
2024.12.26	00:47:41.642	1.25483				2
2024.12.26	00:47:45.322	1.25482				2
2024.12.26	00:47:46.238	1.25481				2
2024.12.26	00:47:47.163	1.25480				2
2024.12.26	00:47:48.393	1.25478				2
2024.12.26	00:48:00.050	1.25478				2
2024.12.26	00:48:01.892	1.25477				2
2024.12.26	00:48:04.031		1.25537			4
2024.12.26	00:48:21.528	1.25481				2
2024.12.26	00:48:27.364	1.25480				2
2024.12.26	00:48:31.659	1.25477				2
2024.12.26	00:49:00.223	1.25477				2
2024.12.26	00:49:04.331		1.25537			4
2024.12.26	00:49:31.005	1.25483				2
2024.12.26	00:49:31.619	1.25482				2
2024.12.26	00:49:33.463	1.25481				2
2024.12.26	00:49:34.073	1.25482				2
2024.12.26	00:49:34.687	1.25481				2
2024.12.26	00:49:40.512	1.25477				2
2024.12.26	00:49:42.667	1.25452				2
2024.12.26	00:49:42.969	1.25441				2
2024.12.26	00:49:43.280		1.25536			4
2024.12.26	00:49:43.583	1.25423	1.25542			6
2024.12.26	00:49:43.890	1.25419				2
2024.12.26	00:49:44.811	1.25416	1.25543			6
2024.12.26	00:49:46.346		1.25538			4
2024.12.26	00:49:49.414	1.25414	1.25534			6
2024.12.26	00:49:50.339	1.25421	1.25540			6
2024.12.26	00:49:56.780		1.25542			4
2024.12.26	00:49:57.701	1.25416	1.25538			6
2024.12.26	00:49:58.010	1.25415	1.25537			6
2024.12.26	00:49:59.239		1.25536			4
2024.12.26	00:49:59.541	1.25417	1.25538			6
2024.12.26	00:50:00.151	1.25417				2
2024.12.26	00:50:00.773		1.25537			4
2024.12.26	00:50:01.692	1.25416				2
2024.12.26	00:50:04.149		1.25536			4
2024.12.26	00:50:05.067	1.25417				2
2024.12.26	00:50:06.608	1.25416				2
2024.12.26	00:50:08.882	1.25417				2
2024.12.26	00:50:10.109	1.25418	1.25537			6
2024.12.26	00:50:10.719	1.25421	1.25541			6
2024.12.26	00:50:16.555	1.25422				2
2024.12.26	00:50:17.170		1.25540			4
2024.12.26	00:50:17.472	1.25424				2
2024.12.26	00:50:17.781		1.25538			4
2024.12.26	00:50:18.395	1.25425				2
2024.12.26	00:50:19.311		1.25537			4
2024.12.26	00:50:19.623	1.25426	1.25538			6
2024.12.26	00:50:20.546	1.25428				2
2024.12.26	00:50:21.157		1.25537			4
2024.12.26	00:50:21.460	1.25429				2
2024.12.26	00:50:21.764		1.25538			4
2024.12.26	00:50:22.388	1.25430				2
2024.12.26	00:50:24.527	1.25431				2
2024.12.26	00:50:25.451	1.25432				2
2024.12.26	00:50:28.838	1.25433				2
2024.12.26	00:50:30.376		1.25537			4
2024.12.26	00:50:30.685	1.25434	1.25538			6
2024.12.26	00:50:33.140	1.25424				2
2024.12.26	00:50:34.058	1.25425				2
2024.12.26	00:50:34.363	1.25424				2
2024.12.26	00:50:34.670	1.25434				2
2024.12.26	00:50:34.981	1.25431				2
2024.12.26	00:50:35.291	1.25424				2
2024.12.26	00:50:36.211		1.25539			4
2024.12.26	00:50:37.751		1.25538			4
2024.12.26	00:50:38.979	1.25434				2
2024.12.26	00:50:39.902		1.25539			4
2024.12.26	00:50:40.820		1.25538			4
2024.12.26	00:50:42.980		1.25537			4
2024.12.26	00:50:43.591		1.25547			4
2024.12.26	00:50:43.897	1.25436				2
2024.12.26	00:50:44.821		1.25548			4
2024.12.26	00:50:46.056		1.25547			4
2024.12.26	00:50:46.980	1.25431	1.25529			6
2024.12.26	00:51:00.202	1.25431				2
2024.12.26	00:51:08.207	1.25432				2
2024.12.26	00:51:11.283	1.25431				2
2024.12.26	00:51:38.038	1.25428				2
2024.12.26	00:51:41.417	1.25429				2
2024.12.26	00:51:43.888	1.25435				2
2024.12.26	00:51:47.263		1.25529			4
2024.12.26	00:52:00.189	1.25435				2
2024.12.26	00:52:01.102	1.25440				2
2024.12.26	00:52:47.040	1.25433				2
2024.12.26	00:52:47.351		1.25537			4
2024.12.26	00:52:48.278	1.25434				2
2024.12.26	00:52:48.580	1.25433				2
2024.12.26	00:52:49.203	1.25435				2
2024.12.26	00:53:00.307	1.25435				2
2024.12.26	00:53:28.632	1.25436				2
2024.12.26	00:53:47.396		1.25537			4
2024.12.26	00:53:48.327	1.25433				2
2024.12.26	00:53:52.626	1.25434				2
2024.12.26	00:53:54.167	1.25436				2
2024.12.26	00:54:00.001	1.25436				2
2024.12.26	00:54:21.515	1.25439				2
2024.12.26	00:54:47.505		1.25537			4
2024.12.26	00:54:51.197	1.25440				2
2024.12.26	00:55:00.107	1.25440				2
2024.12.26	00:55:09.019	1.25436				2
2024.12.26	00:55:09.328	1.25442				2
2024.12.26	00:55:21.930	1.25436				2
2024.12.26	00:55:47.735		1.25537			4
2024.12.26	00:55:58.498	1.25426				2
2024.12.26	00:56:00.029	1.25426				2
2024.12.26	00:56:03.710	1.25427	1.25546			6
2024.12.26	00:56:04.020	1.25434	1.25547			6
2024.12.26	00:56:04.330		1.25544			4
2024.12.26	00:56:05.558		1.25542			4
2024.12.26	00:56:08.332		1.25541			4
2024.12.26	00:56:09.257		1.25540			4
2024.12.26	00:56:13.260		1.25539			4
2024.12.26	00:56:14.488		1.25538			4
2024.12.26	00:56:16.332		1.25539			4
2024.12.26	00:56:17.571		1.25541			4
2024.12.26	00:56:18.184		1.25539			4
2024.12.26	00:56:19.725		1.25538			4
2024.12.26	00:56:22.791		1.25534			4
2024.12.26	00:56:26.176		1.25532			4
2024.12.26	00:56:58.448		1.25531			4
2024.12.26	00:57:00.287	1.25434				2
2024.12.26	00:57:03.363	1.25425				2
2024.12.26	00:57:03.670	1.25424	1.25539			6
2024.12.26	00:57:03.978	1.25436				2
2024.12.26	00:57:04.595	1.25427				2
2024.12.26	00:57:07.364		1.25540			4
2024.12.26	00:57:09.518	1.25436	1.25539			6
2024.12.26	00:57:14.123		1.25540			4
2024.12.26	00:57:15.659		1.25539			4
2024.12.26	00:57:28.203		1.25540			4
2024.12.26	00:57:33.121		1.25541			4
2024.12.26	00:57:35.262		1.25542			4
2024.12.26	00:57:35.880		1.25543			4
2024.12.26	00:57:38.635		1.25550			4
2024.12.26	00:57:38.950	1.25451	1.25555			6
2024.12.26	00:57:39.565	1.25436				2
2024.12.26	00:57:39.866	1.25423				2
2024.12.26	00:57:41.095		1.25554			4
2024.12.26	00:57:43.248	1.25428	1.25558			6
2024.12.26	00:57:44.472		1.25559			4
2024.12.26	00:57:44.782	1.25429				2
2024.12.26	00:57:48.764		1.25558			4
2024.12.26	00:57:53.061	1.25438	1.25566			6
2024.12.26	00:57:54.287		1.25565			4
2024.12.26	00:57:56.127	1.25437				2
2024.12.26	00:57:57.961	1.25438				2
2024.12.26	00:57:58.882	1.25439				2
2024.12.26	00:57:59.194	1.25440	1.25568			6
2024.12.26	00:58:00.108	1.25441				2
2024.12.26	00:58:01.036	1.25445				2
2024.12.26	00:58:01.645	1.25446				2
2024.12.26	00:58:03.181	1.25447	1.25569			6
2024.12.26	00:58:03.485	1.25446				2
2024.12.26	00:58:04.402	1.25448				2
2024.12.26	00:58:05.623	1.25451				2
2024.12.26	00:58:06.549	1.25453				2
2024.12.26	00:58:07.466	1.25455				2
2024.12.26	00:58:09.002	1.25446	1.25568			6
2024.12.26	00:58:09.613	1.25442	1.25563			6
2024.12.26	00:58:10.540	1.25440				2
2024.12.26	00:58:11.453		1.25564			4
2024.12.26	00:58:12.688	1.25441				2
2024.12.26	00:58:13.296	1.25440	1.25561			6
2024.12.26	00:58:13.601		1.25560			4
2024.12.26	00:58:13.909	1.25451				2
2024.12.26	00:58:14.522	1.25452				2
2024.12.26	00:58:15.438	1.25454				2
2024.12.26	00:58:16.661	1.25455	1.25559			6
2024.12.26	00:58:17.574	1.25456				2
2024.12.26	00:58:18.493	1.25457	1.25560			6
2024.12.26	00:58:19.412	1.25458	1.25559			6
2024.12.26	00:58:21.872	1.25460	1.25545			6
2024.12.26	00:58:22.177	1.25455	1.25543			6
2024.12.26	00:58:22.486	1.25453				2
2024.12.26	00:58:23.416	1.25454				2
2024.12.26	00:58:24.646	1.25455				2
2024.12.26	00:58:25.569		1.25542			4
2024.12.26	00:58:26.486	1.25456				2
2024.12.26	00:58:29.566	1.25457				2
2024.12.26	00:58:31.716		1.25541			4
2024.12.26	00:58:32.643	1.25458				2
2024.12.26	00:58:33.255		1.25542			4
2024.12.26	00:58:37.567		1.25541			4
2024.12.26	00:58:43.400		1.25540			4
2024.12.26	00:58:47.705	1.25459				2
2024.12.26	00:58:50.469		1.25539			4
2024.12.26	00:58:53.225		1.25542			4
2024.12.26	00:58:53.528	1.25463				2
2024.12.26	00:58:54.761		1.25541			4
2024.12.26	00:58:56.907		1.25542			4
2024.12.26	00:58:58.448		1.25541			4
2024.12.26	00:59:00.283	1.25463				2
2024.12.26	00:59:07.981		1.25540			4
2024.12.26	00:59:13.508	1.25451	1.25535			6
2024.12.26	00:59:13.812	1.25448				2
2024.12.26	00:59:14.121	1.25458				2
2024.12.26	00:59:14.436	1.25455				2
2024.12.26	00:59:14.736	1.25448				2
2024.12.26	00:59:16.277		1.25534			4
2024.12.26	00:59:19.649	1.25458				2
2024.12.26	00:59:28.254		1.25533			4
2024.12.26	00:59:33.475		1.25534			4
2024.12.26	00:59:39.003		1.25536			4
2024.12.26	00:59:39.314	1.25462				2
2024.12.26	00:59:49.142		1.25535			4
2024.12.26	00:59:59.898		1.25534			4
2024.12.26	01:00:00.203	1.25456	1.25540			6
2024.12.26	01:00:00.504	1.25438	1.25538			6
2024.12.26	01:00:00.805	1.25420	1.25527			6
2024.12.26	01:00:01.120	1.25412	1.25521			6
2024.12.26	01:00:01.424	1.25410	1.25520			6
2024.12.26	01:00:01.734	1.25414	1.25514			6
2024.12.26	01:00:02.039		1.25520			4
2024.12.26	01:00:02.342	1.25410				2
2024.12.26	01:00:02.956	1.25414	1.25524			6
2024.12.26	01:00:03.257	1.25412	1.25522			6
2024.12.26	01:00:03.566	1.25406	1.25516			6
2024.12.26	01:00:03.874	1.25401	1.25511			6
2024.12.26	01:00:04.177	1.25402	1.25512			6
2024.12.26	01:00:05.402	1.25400	1.25510			6
2024.12.26	01:00:05.707	1.25396	1.25498			6
2024.12.26	01:00:06.319		1.25501			4
2024.12.26	01:00:06.932		1.25498			4
2024.12.26	01:00:08.770	1.25388				2
2024.12.26	01:00:09.071	1.25396	1.25506			6
2024.12.26	01:00:09.379	1.25376	1.25475			6
2024.12.26	01:00:09.689		1.25476			4
2024.12.26	01:00:09.991	1.25382	1.25481			6
2024.12.26	01:00:10.297	1.25383	1.25489			6
2024.12.26	01:00:10.606	1.25384				2
2024.12.26	01:00:10.915	1.25380				2
2024.12.26	01:00:11.218	1.25376	1.25486			6
2024.12.26	01:00:11.523	1.25371	1.25481			6
2024.12.26	01:00:12.450	1.25376	1.25486			6
2024.12.26	01:00:12.757	1.25374	1.25484			6
2024.12.26	01:00:13.681	1.25378	1.25488			6
2024.12.26	01:00:13.985	1.25382	1.25491			6
2024.12.26	01:00:14.905	1.25386				2
2024.12.26	01:00:15.824	1.25390				2
2024.12.26	01:00:16.440		1.25490			4
2024.12.26	01:00:16.744	1.25377	1.25487			6
2024.12.26	01:00:17.053	1.25374	1.25484			6
2024.12.26	01:00:18.274	1.25372	1.25482			6
2024.12.26	01:00:19.506	1.25373	1.25483			6
2024.12.26	01:00:19.813	1.25372	1.25482			6
2024.12.26	01:00:39.120	1.25373				2
2024.12.26	01:00:40.341	1.25376	1.25480			6
2024.12.26	01:00:40.654		1.25479			4
2024.12.26	01:00:41.263	1.25379				2
2024.12.26	01:00:42.184	1.25382				2
2024.12.26	01:00:43.096	1.25376	1.25476			6
2024.12.26	01:00:44.325	1.25378	1.25480			6
2024.12.26	01:00:46.475		1.25484			4
2024.12.26	01:00:48.003		1.25485			4
2024.12.26	01:00:58.092		1.25482			4
2024.12.26	01:00:58.397		1.25480			4
2024.12.26	01:00:59.321	1.25380	1.25485			6
2024.12.26	01:01:00.240	1.25380				2
2024.12.26	01:01:00.544		1.25484			4
2024.12.26	01:01:01.467	1.25381	1.25489			6
2024.12.26	01:01:01.780	1.25380				2
2024.12.26	01:01:02.084		1.25490			4
2024.12.26	01:01:02.701	1.25381	1.25491			6
2024.12.26	01:01:03.318	1.25382				2
2024.12.26	01:01:03.623	1.25392				2
2024.12.26	01:01:03.928	1.25391	1.25490			6
2024.12.26	01:01:04.541	1.25390				2
2024.12.26	01:01:04.848	1.25384	1.25491			6
2024.12.26	01:01:05.152	1.25381				2
2024.12.26	01:01:05.464		1.25490			4
2024.12.26	01:01:23.022		1.25489			4
2024.12.26	01:01:25.472	1.25384	1.25490			6
2024.12.26	01:01:27.318	1.25386				2
2024.12.26	01:01:30.706		1.25489			4
2024.12.26	01:01:32.239		1.25495			4
2024.12.26	01:01:44.208	1.25378	1.25488			6
2024.12.26	01:01:45.441	1.25380	1.25490			6
2024.12.26	01:01:47.285	1.25381	1.25491			6
2024.12.26	01:01:50.337	1.25380	1.25490			6
2024.12.26	01:01:54.304	1.25381	1.25491			6
2024.12.26	01:01:54.606	1.25380	1.25488			6
2024.12.26	01:01:56.140	1.25375	1.25485			6
2024.12.26	01:01:59.841	1.25376				2
2024.12.26	01:02:00.145	1.25378	1.25488			6
2024.12.26	01:02:00.449	1.25376	1.25486			6
2024.12.26	01:02:02.603	1.25375	1.25485			6
2024.12.26	01:02:06.307	1.25379	1.25488			6
2024.12.26	01:02:07.540		1.25486			4
2024.12.26	01:02:07.843		1.25483			4
2024.12.26	01:02:08.772		1.25482			4
2024.12.26	01:02:10.011		1.25483			4
2024.12.26	01:02:11.237		1.25485			4
2024.12.26	01:02:11.847		1.25487			4
2024.12.26	01:02:16.751		1.25488			4
2024.12.26	01:02:17.061		1.25487			4
2024.12.26	01:02:20.433		1.25486			4
2024.12.26	01:02:29.057		1.25485			4
2024.12.26	01:02:29.669	1.25384				2
2024.12.26	01:02:30.284	1.25385				2
2024.12.26	01:02:30.594	1.25379				2
2024.12.26	01:02:36.429		1.25484			4
2024.12.26	01:02:41.023		1.25483			4
2024.12.26	01:02:44.391	1.25388				2
2024.12.26	01:02:44.693	1.25379				2
2024.12.26	01:02:45.312		1.25477			4
2024.12.26	01:02:48.377		1.25480			4
2024.12.26	01:02:48.686		1.25477			4
2024.12.26	01:02:59.123	1.25380				2
2024.12.26	01:02:59.734	1.25379				2
2024.12.26	01:03:00.040	1.25379				2
2024.12.26	01:03:00.342	1.25391	1.25486			6
2024.12.26	01:03:05.566		1.25484			4
2024.12.26	01:03:11.714		1.25485			4
2024.12.26	01:03:13.244		1.25484			4
2024.12.26	01:03:15.702		1.25485			4
2024.12.26	01:03:22.461		1.25484			4
2024.12.26	01:03:26.764		1.25483			4
2024.12.26	01:03:27.687	1.25392				2
2024.12.26	01:03:29.536	1.25391				2
2024.12.26	01:03:31.680		1.25486			4
2024.12.26	01:03:33.819		1.25485			4
2024.12.26	01:03:34.122		1.25486			4
2024.12.26	01:03:36.887		1.25487			4
2024.12.26	01:03:52.172		1.25485			4
2024.12.26	01:03:54.936		1.25484			4
2024.12.26	01:03:59.849	1.25390	1.25482			6
2024.12.26	01:04:00.156	1.25390				2
2024.12.26	01:04:00.461		1.25480			4
2024.12.26	01:04:01.380		1.25482			4
2024.12.26	01:04:02.603		1.25481			4
2024.12.26	01:04:04.138	1.25403	1.25482			6
2024.12.26	01:04:04.447		1.25479			4
2024.12.26	01:04:05.359		1.25478			4
2024.12.26	01:04:05.972	1.25413	1.25477			6
2024.12.26	01:04:07.195	1.25415				2
2024.12.26	01:04:29.496		1.25475			4
2024.12.26	01:04:36.831		1.25474			4
2024.12.26	01:04:39.586	1.25400	1.25410			6
2024.12.26	01:04:39.894	1.25388	1.25398			6
2024.12.26	01:04:40.196	1.25386	1.25396			6
2024.12.26	01:04:40.804	1.25389				2
2024.12.26	01:04:45.089		1.25397			4
2024.12.26	01:04:46.932	1.25391	1.25398			6
2024.12.26	01:04:47.549	1.25397				2
2024.12.26	01:04:47.859	1.25391	1.25399			6
2024.12.26	01:04:48.162	1.25397				2
2024.12.26	01:04:48.775	1.25388	1.25398			6
2024.12.26	01:04:49.388	1.25397	1.25400			6
2024.12.26	01:04:49.998	1.25398				2
2024.12.26	01:04:50.907	1.25389	1.25399			6
2024.12.26	01:04:51.514	1.25398	1.25401			6
2024.12.26	01:04:52.431	1.25390	1.25400			6
2024.12.26	01:04:52.735	1.25398	1.25401			6
2024.12.26	01:04:53.349	1.25390	1.25400			6
2024.12.26	01:04:53.654	1.25398	1.25402			6
2024.12.26	01:04:54.261	1.25391	1.25401			6
2024.12.26	01:04:54.566	1.25398	1.25402			6
2024.12.26	01:04:55.176	1.25391	1.25401			6
2024.12.26	01:04:55.478	1.25398	1.25402			6
2024.12.26	01:04:56.082	1.25392				2
2024.12.26	01:04:56.384	1.25398				2
2024.12.26	01:04:56.688		1.25403			4
2024.12.26	01:04:57.314	1.25392	1.25402			6
2024.12.26	01:05:00.074	1.25392				2
2024.12.26	01:05:01.291	1.25398	1.25404			6
2024.12.26	01:05:02.200	1.25392	1.25402			6
2024.12.26	01:05:11.059	1.25399	1.25408			6
2024.12.26	01:05:19.047	1.25400	1.25409			6
2024.12.26	01:05:21.801		1.25410			4
2024.12.26	01:05:23.929		1.25409			4
2024.12.26	01:05:48.723	1.25399				2
2024.12.26	01:06:00.032	1.25399				2
2024.12.26	01:06:14.831		1.25407			4
2024.12.26	01:06:20.323	1.25400				2
2024.12.26	01:06:25.541	1.25409	1.25411			6
2024.12.26	01:06:26.147	1.25408				2
2024.12.26	01:06:26.460	1.25401				2
2024.12.26	01:06:36.261	1.25402				2
2024.12.26	01:06:52.463	1.25409	1.25418			6
2024.12.26	01:07:00.119	1.25409				2
2024.12.26	01:07:03.169	1.25410	1.25419			6
2024.12.26	01:07:03.481	1.25413	1.25422			6
2024.12.26	01:07:13.274		1.25421			4
2024.12.26	01:07:13.882	1.25414	1.25422			6
2024.12.26	01:07:28.862	1.25421	1.25424			6
2024.12.26	01:07:29.778	1.25415	1.25423			6
2024.12.26	01:07:31.305		1.25424			4
2024.12.26	01:07:32.214		1.25423			4
2024.12.26	01:07:34.351	1.25420	1.25426			6
2024.12.26	01:07:34.652	1.25415	1.25423			6
2024.12.26	01:07:35.266	1.25416	1.25424			6
2024.12.26	01:07:40.771	1.25415	1.25423			6
2024.12.26	01:07:46.259	1.25411	1.25419			6
2024.12.26	01:07:46.874	1.25412				2
2024.12.26	01:07:47.481	1.25410	1.25418			6
2024.12.26	01:07:48.394	1.25419	1.25420			6
2024.12.26	01:07:49.008	1.25410	1.25418			6
2024.12.26	01:07:49.312		1.25419			4
2024.12.26	01:07:52.075		1.25420			4
2024.12.26	01:07:53.604	1.25411				2
2024.12.26	01:07:57.714	1.25410				2
2024.12.26	01:08:00.175	1.25410				2
2024.12.26	01:08:04.157	1.25409	1.25414			6
2024.12.26	01:08:04.458		1.25418			4
2024.12.26	01:08:05.380	1.25410				2
2024.12.26	01:08:13.626	1.25413	1.25422			6
2024.12.26	01:08:19.447	1.25412	1.25421			6
2024.12.26	01:08:25.271		1.25420			4
2024.12.26	01:08:31.711	1.25413	1.25421			6
2024.12.26	01:08:43.365	1.25414				2
2024.12.26	01:08:47.637	1.25410	1.25417			6
2024.12.26	01:08:47.942	1.25411				2
2024.12.26	01:08:51.930	1.25414	1.25421			6
2024.12.26	01:08:52.838	1.25415				2
2024.12.26	01:08:58.941	1.25414				2
2024.12.26	01:09:00.180	1.25414				2
2024.12.26	01:09:01.400	1.25421	1.25428			6
2024.12.26	01:09:02.328	1.25420				2
2024.12.26	01:09:03.242	1.25418	1.25426			6
2024.12.26	01:09:05.396	1.25421	1.25429			6
2024.12.26	01:09:06.934	1.25422	1.25430			6
2024.12.26	01:09:11.541	1.25421	1.25429			6
2024.12.26	01:09:13.383	1.25422				2
2024.12.26	01:09:31.189		1.25428			4
2024.12.26	01:09:39.775	1.25424	1.25430			6
2024.12.26	01:09:40.081	1.25426	1.25432			6
2024.12.26	01:09:40.385	1.25430	1.25436			6
2024.12.26	01:09:41.296	1.25426	1.25433			6
2024.12.26	01:09:41.602	1.25427	1.25434			6
2024.12.26	01:09:43.139	1.25421	1.25428			6
2024.12.26	01:09:43.444	1.25419	1.25426			6
2024.12.26	01:09:44.062	1.25420	1.25427			6
2024.12.26	01:09:44.374	1.25419				2
2024.12.26	01:09:53.628	1.25425	1.25433			6
2024.12.26	01:09:56.400	1.25426	1.25434			6
2024.12.26	01:10:00.094	1.25425	1.25433			6
2024.12.26	01:10:02.873	1.25426	1.25434			6
2024.12.26	01:10:05.653	1.25428	1.25436			6
2024.12.26	01:10:06.257	1.25427	1.25435			6
2024.12.26	01:10:10.884	1.25428	1.25436			6
2024.12.26	01:10:16.119	1.25429				2
2024.12.26	01:10:28.107	1.25427	1.25434			6
2024.12.26	01:10:37.365		1.25433			4
2024.12.26	01:10:53.885	1.25429	1.25435			6
2024.12.26	01:10:56.344	1.25428	1.25434			6
2024.12.26	01:11:00.050	1.25428				2
2024.12.26	01:11:05.296	1.25429				2
2024.12.26	01:11:46.511	1.25424	1.25429			6
2024.12.26	01:11:46.816	1.25423	1.25428			6
2024.12.26	01:11:47.125	1.25422				2
2024.12.26	01:12:00.293	1.25422				2
2024.12.26	01:12:05.225	1.25424	1.25430			6
2024.12.26	01:12:05.536	1.25426	1.25432			6
2024.12.26	01:12:06.771	1.25423	1.25429			6
2024.12.26	01:12:16.948	1.25428	1.25434			6
2024.12.26	01:12:17.260		1.25435			4
2024.12.26	01:12:31.120		1.25434			4
2024.12.26	01:12:40.355	1.25429	1.25435			6
2024.12.26	01:12:54.507	1.25428	1.25434			6
2024.12.26	01:13:00.044	1.25428				2
2024.12.26	01:13:00.965	1.25429	1.25435			6
2024.12.26	01:13:04.955	1.25428	1.25434			6
2024.12.26	01:13:15.355	1.25429				2
2024.12.26	01:13:18.415	1.25430	1.25435			6
2024.12.26	01:13:20.556	1.25429	1.25434			6
2024.12.26	01:13:23.007	1.25428	1.25433			6
2024.12.26	01:13:23.620		1.25432			4
2024.12.26	01:13:26.070	1.25429				2
2024.12.26	01:13:33.435	1.25430				2
2024.12.26	01:13:34.051		1.25435			4
2024.12.26	01:13:34.666	1.25429	1.25434			6
2024.12.26	01:13:34.972	1.25434	1.25439			6
2024.12.26	01:13:36.197	1.25433				2
2024.12.26	01:13:42.950	1.25434	1.25440			6
2024.12.26	01:13:49.096	1.25433	1.25439			6
2024.12.26	01:13:49.704	1.25442	1.25448			6
2024.12.26	01:13:50.007	1.25444	1.25450			6
2024.12.26	01:13:50.316	1.25443	1.25449			6
2024.12.26	01:13:50.621	1.25444	1.25450			6
2024.12.26	01:13:51.251	1.25443	1.25452			6
2024.12.26	01:13:51.864	1.25446				2
2024.12.26	01:13:52.171		1.25453			4
2024.12.26	01:13:52.788		1.25452			4
2024.12.26	01:13:54.930	1.25443				2
2024.12.26	01:13:55.542	1.25446	1.25453			6
2024.12.26	01:13:57.077	1.25442	1.25451			6
2024.12.26	01:13:57.992	1.25441	1.25450			6
2024.12.26	01:14:00.131	1.25442	1.25451			6
2024.12.26	01:14:00.747	1.25445	1.25453			6
2024.12.26	01:14:01.053	1.25444				2
2024.12.26	01:14:02.882	1.25451	1.25459			6
2024.12.26	01:14:03.183	1.25452	1.25461			6
2024.12.26	01:14:04.095	1.25451				2
2024.12.26	01:14:05.630	1.25449	1.25459			6
2024.12.26	01:14:07.160	1.25448	1.25458			6
2024.12.26	01:14:07.466	1.25449	1.25459			6
2024.12.26	01:14:07.770	1.25450	1.25460			6
2024.12.26	01:14:08.690	1.25449	1.25459			6
2024.12.26	01:14:09.304	1.25448	1.25458			6
2024.12.26	01:14:10.221	1.25451	1.25461			6
2024.12.26	01:14:11.740	1.25450	1.25460			6
2024.12.26	01:14:12.047	1.25449	1.25459			6
2024.12.26	01:14:12.354	1.25450	1.25460			6
2024.12.26	01:14:16.922	1.25451	1.25461			6
2024.12.26	01:14:19.978	1.25452	1.25462			6
2024.12.26	01:14:21.509	1.25450	1.25460			6
2024.12.26	01:14:22.121	1.25451	1.25461			6
2024.12.26	01:14:22.423	1.25453	1.25463			6
2024.12.26	01:14:22.729	1.25449	1.25459			6
2024.12.26	01:14:23.039	1.25450	1.25460			6
2024.12.26	01:14:23.960	1.25449	1.25459			6
2024.12.26	01:14:25.182	1.25450	1.25460			6
2024.12.26	01:14:30.096	1.25451	1.25461			6
2024.12.26	01:14:31.322	1.25452				2
2024.12.26	01:14:32.541	1.25451	1.25460			6
2024.12.26	01:14:37.736	1.25452	1.25461			6
2024.12.26	01:14:38.041	1.25453	1.25462			6
2024.12.26	01:14:38.345	1.25455	1.25464			6
2024.12.26	01:14:38.648	1.25456	1.25465			6
2024.12.26	01:14:39.875	1.25455	1.25464			6
2024.12.26	01:14:40.788	1.25453	1.25462			6
2024.12.26	01:14:41.396	1.25452	1.25461			6
2024.12.26	01:14:43.237	1.25453	1.25462			6
2024.12.26	01:14:43.548	1.25452	1.25461			6
2024.12.26	01:14:43.859	1.25453	1.25462			6
2024.12.26	01:14:44.462	1.25452	1.25461			6
2024.12.26	01:14:44.766	1.25453	1.25462			6
2024.12.26	01:14:45.386	1.25452	1.25461			6
2024.12.26	01:14:46.621	1.25453	1.25462			6
2024.12.26	01:14:47.845	1.25454				2
2024.12.26	01:14:48.153	1.25453				2
2024.12.26	01:14:57.944	1.25454	1.25463			6
2024.12.26	01:14:58.247	1.25455	1.25464			6
2024.12.26	01:15:00.098	1.25455				2
2024.12.26	01:15:00.406	1.25452	1.25461			6
2024.12.26	01:15:01.330	1.25448	1.25457			6
2024.12.26	01:15:01.642	1.25447	1.25456			6
2024.12.26	01:15:02.261		1.25457			4
2024.12.26	01:15:04.112	1.25450	1.25460			6
2024.12.26	01:15:04.421	1.25451				2
2024.12.26	01:15:05.034	1.25453	1.25462			6
2024.12.26	01:15:05.340	1.25451	1.25461			6
2024.12.26	01:15:06.263	1.25452	1.25462			6
2024.12.26	01:15:06.564	1.25451	1.25461			6
2024.12.26	01:15:07.186	1.25453	1.25462			6
2024.12.26	01:15:09.347	1.25452	1.25461			6
2024.12.26	01:15:09.965	1.25449	1.25458			6
2024.12.26	01:15:12.741	1.25448	1.25457			6
2024.12.26	01:15:16.448	1.25449	1.25458			6
2024.12.26	01:15:16.759	1.25448	1.25457			6
2024.12.26	01:15:18.605	1.25449	1.25458			6
2024.12.26	01:15:20.148	1.25447	1.25456			6
2024.12.26	01:15:20.458	1.25448	1.25457			6
2024.12.26	01:15:21.377	1.25446	1.25455			6
2024.12.26	01:15:22.610	1.25447	1.25456			6
2024.12.26	01:15:22.918	1.25446	1.25455			6
2024.12.26	01:15:23.846	1.25447	1.25456			6
2024.12.26	01:15:24.776	1.25446	1.25455			6
2024.12.26	01:15:26.321	1.25447	1.25456			6
2024.12.26	01:15:27.244	1.25448	1.25457			6
2024.12.26	01:15:27.545	1.25449	1.25458			6
2024.12.26	01:15:27.848	1.25447	1.25456			6
2024.12.26	01:15:29.386	1.25446	1.25455			6
2024.12.26	01:15:29.695	1.25447	1.25456			6
2024.12.26	01:15:30.311	1.25446	1.25455			6
2024.12.26	01:15:33.396	1.25445	1.25454			6
2024.12.26	01:15:37.407	1.25444	1.25453			6
2024.12.26	01:15:38.026	1.25445	1.25454			6
2024.12.26	01:15:41.118	1.25446	1.25455			6
2024.12.26	01:15:42.028	1.25445	1.25454			6
2024.12.26	01:15:42.642	1.25446	1.25455			6
2024.12.26	01:15:42.946	1.25445	1.25454			6
2024.12.26	01:15:46.005	1.25446	1.25455			6
2024.12.26	01:15:46.307	1.25447	1.25456			6
2024.12.26	01:15:49.402	1.25446	1.25455			6
2024.12.26	01:15:49.713	1.25447	1.25456			6
2024.12.26	01:15:51.248	1.25446	1.25455			6
2024.12.26	01:15:52.481	1.25448	1.25457			6
2024.12.26	01:15:52.785	1.25446	1.25455			6
2024.12.26	01:15:53.716	1.25445	1.25454			6
2024.12.26	01:16:00.177	1.25445	1.25453			6
2024.12.26	01:16:02.637	1.25444	1.25452			6
2024.12.26	01:16:03.558	1.25441	1.25449			6
2024.12.26	01:16:03.866	1.25440	1.25448			6
2024.12.26	01:16:04.182		1.25449			4
2024.12.26	01:16:09.130		1.25448			4
2024.12.26	01:16:10.367	1.25439	1.25447			6
2024.12.26	01:16:10.676	1.25440	1.25448			6
2024.12.26	01:16:12.220	1.25438	1.25446			6
2024.12.26	01:16:12.525	1.25439	1.25447			6
2024.12.26	01:16:13.760	1.25438	1.25446			6
2024.12.26	01:16:14.689	1.25440	1.25448			6
2024.12.26	01:16:15.929	1.25441	1.25449			6
2024.12.26	01:16:16.241	1.25444	1.25452			6
2024.12.26	01:16:16.854	1.25445	1.25453			6
2024.12.26	01:16:17.169		1.25454			4
2024.12.26	01:16:17.474	1.25446	1.25455			6
2024.12.26	01:16:18.087	1.25447	1.25456			6
2024.12.26	01:16:22.407	1.25445	1.25452			6
2024.12.26	01:16:22.711	1.25443				2
2024.12.26	01:16:23.026	1.25445	1.25454			6
2024.12.26	01:16:23.330	1.25446	1.25455			6
2024.12.26	01:16:37.840	1.25445	1.25454			6
2024.12.26	01:16:38.146	1.25446	1.25455			6
2024.12.26	01:16:38.452	1.25448	1.25457			6
2024.12.26	01:16:47.081	1.25449	1.25458			6
2024.12.26	01:16:47.383	1.25455	1.25464			6
2024.12.26	01:16:48.314	1.25454				2
2024.12.26	01:16:48.619	1.25453	1.25463			6
2024.12.26	01:16:50.469	1.25456	1.25465			6
2024.12.26	01:16:50.779		1.25464			4
2024.12.26	01:16:51.703		1.25465			4
2024.12.26	01:16:52.012		1.25464			4
2024.12.26	01:16:52.627		1.25465			4
2024.12.26	01:16:52.934		1.25464			4
2024.12.26	01:16:55.091		1.25466			4
2024.12.26	01:16:55.392		1.25465			4
2024.12.26	01:16:55.709		1.25464			4
2024.12.26	01:16:59.711	1.25459	1.25466			6
2024.12.26	01:17:00.011	1.25460				2
2024.12.26	01:17:00.946		1.25467			4
2024.12.26	01:17:01.252		1.25466			4
2024.12.26	01:17:02.181		1.25467			4
2024.12.26	01:17:02.491		1.25466			4
2024.12.26	01:17:04.337		1.25469			4
2024.12.26	01:17:04.644	1.25464	1.25473			6
2024.12.26	01:17:05.260	1.25463				2
2024.12.26	01:17:07.411	1.25468	1.25475			6
2024.12.26	01:17:08.034		1.25474			4
2024.12.26	01:17:09.884	1.25469	1.25476			6
2024.12.26	01:17:10.810	1.25468	1.25475			6
2024.12.26	01:17:11.424		1.25476			4
2024.12.26	01:17:12.039	1.25469	1.25477			6
2024.12.26	01:17:12.965	1.25468				2
2024.12.26	01:17:13.582	1.25469				2
2024.12.26	01:17:13.886		1.25476			4
2024.12.26	01:17:14.197		1.25477			4
2024.12.26	01:17:15.434		1.25478			4
2024.12.26	01:17:15.736	1.25475	1.25485			6
2024.12.26	01:17:16.660	1.25474	1.25484			6
2024.12.26	01:17:17.272	1.25475	1.25485			6
2024.12.26	01:17:18.195	1.25474	1.25484			6
2024.12.26	01:17:18.502	1.25475	1.25485			6
2024.12.26	01:17:19.426	1.25474	1.25484			6
2024.12.26	01:17:19.734	1.25475	1.25485			6
2024.12.26	01:17:20.346	1.25476	1.25486			6
2024.12.26	01:17:22.193	1.25475	1.25485			6
2024.12.26	01:17:22.802	1.25476	1.25486			6
2024.12.26	01:17:25.268	1.25475	1.25485			6
2024.12.26	01:17:25.584	1.25473	1.25483			6
2024.12.26	01:17:31.728	1.25467	1.25477			6
2024.12.26	01:17:40.341	1.25468	1.25478			6
2024.12.26	01:17:40.957	1.25467	1.25477			6
2024.12.26	01:17:41.269	1.25468	1.25478			6
2024.12.26	01:17:43.100		1.25477			4
2024.12.26	01:17:43.406		1.25478			4
2024.12.26	01:17:43.714	1.25470	1.25480			6
2024.12.26	01:17:44.325	1.25471	1.25481			6
2024.12.26	01:17:44.939	1.25472	1.25482			6
2024.12.26	01:17:47.086	1.25474	1.25484			6
2024.12.26	01:17:47.389	1.25473	1.25483			6
2024.12.26	01:17:51.688	1.25474	1.25484			6
2024.12.26	01:17:52.001	1.25473	1.25483			6
2024.12.26	01:17:52.917	1.25474	1.25484			6
2024.12.26	01:17:56.282	1.25482	1.25492			6
2024.12.26	01:17:56.585	1.25480	1.25490			6
2024.12.26	01:17:57.197	1.25482	1.25492			6
2024.12.26	01:17:57.499	1.25481	1.25491			6
2024.12.26	01:17:57.803	1.25480	1.25490			6
2024.12.26	01:18:00.259	1.25480				2
2024.12.26	01:18:01.481	1.25479	1.25489			6
2024.12.26	01:18:10.358	1.25480	1.25490			6
2024.12.26	01:18:10.966	1.25479	1.25489			6
2024.12.26	01:18:11.274	1.25478	1.25488			6
2024.12.26	01:18:11.579	1.25479	1.25489			6
2024.12.26	01:18:16.491	1.25475	1.25484			6
2024.12.26	01:18:17.718		1.25485			4
2024.12.26	01:18:22.346	1.25474	1.25484			6
2024.12.26	01:18:24.507	1.25472	1.25482			6
2024.12.26	01:18:28.506	1.25474	1.25484			6
2024.12.26	01:18:31.581	1.25475	1.25485			6
2024.12.26	01:18:32.200		1.25484			4
2024.12.26	01:18:50.342	1.25479	1.25488			6
2024.12.26	01:18:50.648	1.25480	1.25489			6
2024.12.26	01:18:50.958	1.25479	1.25488			6
2024.12.26	01:18:51.266	1.25478	1.25487			6
2024.12.26	01:18:54.349	1.25480	1.25489			6
2024.12.26	01:18:55.268	1.25481	1.25490			6
2024.12.26	01:18:56.812	1.25478	1.25487			6
2024.12.26	01:18:57.741	1.25480	1.25489			6
2024.12.26	01:18:58.361	1.25476	1.25485			6
2024.12.26	01:18:59.279	1.25477	1.25486			6
2024.12.26	01:19:00.202	1.25478	1.25487			6
2024.12.26	01:19:00.504	1.25477	1.25485			6
2024.12.26	01:19:00.808	1.25481	1.25490			6
2024.12.26	01:19:01.123	1.25480				2
2024.12.26	01:19:02.353	1.25479	1.25489			6
2024.12.26	01:19:04.202	1.25480				2
2024.12.26	01:19:10.672	1.25479	1.25488			6
2024.12.26	01:19:10.980	1.25480	1.25489			6
2024.12.26	01:19:11.289	1.25479	1.25488			6
2024.12.26	01:19:12.212	1.25480	1.25489			6
2024.12.26	01:19:14.048	1.25483	1.25492			6
2024.12.26	01:19:14.355	1.25482	1.25491			6
2024.12.26	01:19:18.362	1.25483	1.25492			6
2024.12.26	01:19:19.595	1.25482	1.25491			6
2024.12.26	01:19:22.361	1.25483	1.25492			6
2024.12.26	01:19:24.826	1.25484	1.25493			6
2024.12.26	01:19:28.213	1.25485	1.25494			6
2024.12.26	01:19:28.826	1.25484	1.25493			6
2024.12.26	01:19:29.136	1.25485	1.25494			6
2024.12.26	01:19:38.939	1.25484	1.25493			6
2024.12.26	01:19:40.769	1.25485				2
2024.12.26	01:19:41.076	1.25484				2
2024.12.26	01:19:49.348		1.25492			4
2024.12.26	01:19:50.578	1.25483	1.25491			6
2024.12.26	01:20:00.118	1.25483				2
2024.12.26	01:20:04.733	1.25481	1.25489			6
2024.12.26	01:20:09.358	1.25486	1.25492			6
2024.12.26	01:20:09.662	1.25484				2
2024.12.26	01:20:17.977	1.25483	1.25491			6
2024.12.26	01:20:18.287	1.25484	1.25492			6
2024.12.26	01:20:33.939	1.25486	1.25494			6
2024.12.26	01:20:34.246	1.25487				2
2024.12.26	01:20:34.552	1.25488				2
2024.12.26	01:20:38.825	1.25487				2
2024.12.26	01:20:43.736	1.25486	1.25493			6
2024.12.26	01:21:00.281	1.25486				2
2024.12.26	01:21:00.587	1.25482	1.25489			6
2024.12.26	01:21:00.889	1.25479	1.25487			6
2024.12.26	01:21:02.126		1.25488			4
2024.12.26	01:21:03.050		1.25487			4
2024.12.26	01:21:03.357		1.25488			4
2024.12.26	01:21:03.662	1.25480				2
2024.12.26	01:21:03.965	1.25478	1.25487			6
2024.12.26	01:21:04.282	1.25479	1.25488			6
2024.12.26	01:21:05.823	1.25478	1.25487			6
2024.12.26	01:21:06.128	1.25479	1.25488			6
2024.12.26	01:21:06.741	1.25478	1.25487			6
2024.12.26	01:21:09.813	1.25479	1.25488			6
2024.12.26	01:21:13.825		1.25487			4
2024.12.26	01:21:14.134		1.25488			4
2024.12.26	01:21:14.440	1.25480	1.25487			6
2024.12.26	01:21:14.743	1.25479				2
2024.12.26	01:21:15.060		1.25488			4
2024.12.26	01:21:16.279		1.25487			4
2024.12.26	01:21:18.750		1.25486			4
2024.12.26	01:21:19.056		1.25487			4
2024.12.26	01:21:19.663	1.25478				2
2024.12.26	01:21:19.964		1.25486			4
2024.12.26	01:21:21.497		1.25487			4
2024.12.26	01:21:23.348	1.25479				2
2024.12.26	01:21:24.276	1.25478	1.25486			6
2024.12.26	01:21:25.200	1.25479	1.25487			6
2024.12.26	01:21:26.128	1.25478				2
2024.12.26	01:21:26.432	1.25479				2
2024.12.26	01:21:30.129	1.25478				2
2024.12.26	01:21:33.213	1.25479				2
2024.12.26	01:21:41.195	1.25478				2
2024.12.26	01:21:41.510	1.25479				2
2024.12.26	01:21:42.439	1.25470	1.25479			6
2024.12.26	01:21:42.749	1.25468	1.25477			6
2024.12.26	01:21:43.369	1.25467				2
2024.12.26	01:21:43.672	1.25466	1.25476			6
2024.12.26	01:21:44.902	1.25467	1.25477			6
2024.12.26	01:21:47.978	1.25466	1.25476			6
2024.12.26	01:21:49.835	1.25465	1.25475			6
2024.12.26	01:21:51.063	1.25463	1.25473			6
2024.12.26	01:21:51.369	1.25462	1.25472			6
2024.12.26	01:21:51.981	1.25463	1.25473			6
2024.12.26	01:21:52.597	1.25462	1.25472			6
2024.12.26	01:21:58.435	1.25463	1.25473			6
2024.12.26	01:22:00.271	1.25462	1.25472			6
2024.12.26	01:22:00.580	1.25463	1.25473			6
2024.12.26	01:22:03.348	1.25462	1.25472			6
2024.12.26	01:22:06.732	1.25463	1.25473			6
2024.12.26	01:22:08.266	1.25464				2
2024.12.26	01:22:08.573	1.25463	1.25472			6
2024.12.26	01:22:10.124	1.25464	1.25473			6
2024.12.26	01:22:12.578	1.25466	1.25475			6
2024.12.26	01:22:13.195	1.25467				2
2024.12.26	01:22:13.500	1.25466	1.25474			6
2024.12.26	01:22:16.270	1.25465	1.25473			6
2024.12.26	01:22:20.861	1.25464				2
2024.12.26	01:22:29.485		1.25472			4
2024.12.26	01:22:30.098	1.25463				2
2024.12.26	01:22:30.404	1.25464	1.25473			6
2024.12.26	01:22:30.715		1.25472			4
2024.12.26	01:22:31.033		1.25473			4
2024.12.26	01:22:32.255		1.25472			4
2024.12.26	01:22:33.479		1.25473			4
2024.12.26	01:22:35.632	1.25460	1.25469			6
2024.12.26	01:22:35.938	1.25451	1.25459			6
2024.12.26	01:22:36.249	1.25448	1.25456			6
2024.12.26	01:22:36.551	1.25450	1.25458			6
2024.12.26	01:22:36.857	1.25449				2
2024.12.26	01:22:37.160	1.25448				2
2024.12.26	01:22:37.465	1.25450				2
2024.12.26	01:22:37.770	1.25448				2
2024.12.26	01:22:38.384	1.25449				2
2024.12.26	01:22:38.687	1.25450	1.25459			6
2024.12.26	01:22:39.616		1.25458			4
2024.12.26	01:22:40.541		1.25459			4
2024.12.26	01:22:40.842	1.25451	1.25460			6
2024.12.26	01:22:41.150	1.25450	1.25458			6
2024.12.26	01:22:41.461		1.25459			4
2024.12.26	01:22:41.772		1.25458			4
2024.12.26	01:22:42.688		1.25459			4
2024.12.26	01:22:44.535		1.25458			4
2024.12.26	01:22:45.768		1.25457			4
2024.12.26	01:22:47.312	1.25449	1.25458			6
2024.12.26	01:22:47.620		1.25459			4
2024.12.26	01:22:49.774	1.25450				2
2024.12.26	01:22:50.696		1.25460			4
2024.12.26	01:22:51.926	1.25451				2
2024.12.26	01:22:52.228	1.25450				2
2024.12.26	01:22:55.604		1.25459			4
2024.12.26	01:22:55.913		1.25458			4
2024.12.26	01:22:56.522		1.25459			4
2024.12.26	01:22:58.683		1.25460			4
2024.12.26	01:23:00.221	1.25450				2
2024.12.26	01:23:01.451		1.25459			4
2024.12.26	01:23:01.759		1.25460			4
2024.12.26	01:23:02.679		1.25458			4
2024.12.26	01:23:02.999		1.25457			4
2024.12.26	01:23:03.609	1.25449				2
2024.12.26	01:23:03.925	1.25450				2
2024.12.26	01:23:04.843	1.25449				2
2024.12.26	01:23:05.155	1.25450				2
2024.12.26	01:23:05.457	1.25449				2
2024.12.26	01:23:05.765	1.25448	1.25456			6
2024.12.26	01:23:06.074	1.25450	1.25458			6
2024.12.26	01:23:06.383	1.25451	1.25460			6
2024.12.26	01:23:06.689	1.25452				2
2024.12.26	01:23:07.000	1.25451	1.25459			6
2024.12.26	01:23:07.618	1.25450				2
2024.12.26	01:23:13.164		1.25458			4
2024.12.26	01:23:15.013	1.25443	1.25452			6
2024.12.26	01:23:18.091	1.25442	1.25450			6
2024.12.26	01:23:19.015		1.25451			4
2024.12.26	01:23:20.248		1.25450			4
2024.12.26	01:23:20.551	1.25441	1.25449			6
2024.12.26	01:23:21.174	1.25442				2
2024.12.26	01:23:21.478	1.25441				2
2024.12.26	01:23:21.787	1.25442				2
2024.12.26	01:23:22.405	1.25441				2
2024.12.26	01:23:22.708	1.25442				2
2024.12.26	01:23:23.022		1.25450			4
2024.12.26	01:23:23.631	1.25441				2
2024.12.26	01:23:23.933		1.25449			4
2024.12.26	01:23:24.556		1.25450			4
2024.12.26	01:23:24.867		1.25449			4
2024.12.26	01:23:25.790		1.25450			4
2024.12.26	01:23:26.096	1.25440	1.25448			6
2024.12.26	01:23:26.712	1.25439	1.25447			6
2024.12.26	01:23:27.026	1.25438				2
2024.12.26	01:23:27.948	1.25439				2
2024.12.26	01:23:28.872	1.25440				2
2024.12.26	01:23:30.409	1.25442	1.25450			6
2024.12.26	01:23:31.020	1.25439	1.25447			6
2024.12.26	01:23:31.324	1.25437	1.25446			6
2024.12.26	01:23:32.572		1.25445			4
2024.12.26	01:23:40.581	1.25438	1.25446			6
2024.12.26	01:23:40.893	1.25442	1.25450			6
2024.12.26	01:23:42.428	1.25441				2
2024.12.26	01:23:43.048	1.25440	1.25448			6
2024.12.26	01:23:43.970		1.25450			4
2024.12.26	01:23:45.204		1.25447			4
2024.12.26	01:23:45.820	1.25441	1.25448			6
2024.12.26	01:23:46.123	1.25440				2
2024.12.26	01:23:46.425		1.25447			4
2024.12.26	01:23:46.743		1.25448			4
2024.12.26	01:23:47.359		1.25447			4
2024.12.26	01:23:47.972		1.25448			4
2024.12.26	01:23:48.277		1.25447			4
2024.12.26	01:23:48.579		1.25448			4
2024.12.26	01:23:49.809		1.25447			4
2024.12.26	01:23:51.037	1.25442	1.25452			6
2024.12.26	01:23:51.343	1.25443	1.25451			6
2024.12.26	01:23:56.227	1.25442				2
2024.12.26	01:23:57.456	1.25443				2
2024.12.26	01:24:00.203	1.25443				2
2024.12.26	01:24:02.032	1.25440	1.25447			6
2024.12.26	01:24:02.639	1.25441				2
2024.12.26	01:24:03.255	1.25442	1.25450			6
2024.12.26	01:24:03.868	1.25441	1.25448			6
2024.12.26	01:24:04.175		1.25449			4
2024.12.26	01:24:04.481	1.25440				2
2024.12.26	01:24:05.092	1.25441				2
2024.12.26	01:24:05.404	1.25440				2
2024.12.26	01:24:05.710	1.25441	1.25448			6
2024.12.26	01:24:06.318		1.25449			4
2024.12.26	01:24:06.628	1.25440	1.25447			6
2024.12.26	01:24:06.932	1.25441	1.25448			6
2024.12.26	01:24:08.158		1.25447			4
2024.12.26	01:24:08.777	1.25440				2
2024.12.26	01:24:09.077	1.25441				2
2024.12.26	01:24:10.306	1.25440	1.25448			6
2024.12.26	01:24:11.223	1.25437	1.25445			6
2024.12.26	01:24:11.528	1.25435				2
2024.12.26	01:24:13.365		1.25444			4
2024.12.26	01:24:16.757	1.25433	1.25442			6
2024.12.26	01:24:17.067	1.25430	1.25439			6
2024.12.26	01:24:18.913	1.25429				2
2024.12.26	01:24:19.227	1.25430	1.25438			6
2024.12.26	01:24:20.145		1.25439			4
2024.12.26	01:24:22.602		1.25438			4
2024.12.26	01:24:22.905	1.25429				2
2024.12.26	01:24:23.222	1.25430				2
2024.12.26	01:24:23.527		1.25437			4
2024.12.26	01:24:23.834	1.25429				2
2024.12.26	01:24:24.761		1.25438			4
2024.12.26	01:24:25.068	1.25431	1.25440			6
2024.12.26	01:24:27.219	1.25432				2
2024.12.26	01:24:27.836	1.25431				2
2024.12.26	01:24:28.141	1.25432				2
2024.12.26	01:24:28.448	1.25433	1.25441			6
2024.12.26	01:24:29.377		1.25440			4
2024.12.26	01:24:29.690		1.25441			4
2024.12.26	01:24:35.220	1.25434				2
2024.12.26	01:24:35.528	1.25430	1.25438			6
2024.12.26	01:24:37.382		1.25437			4
2024.12.26	01:24:38.305	1.25433	1.25440			6
2024.12.26	01:24:38.611	1.25434	1.25443			6
2024.12.26	01:24:40.156	1.25432	1.25441			6
2024.12.26	01:24:40.773	1.25431	1.25440			6
2024.12.26	01:24:41.081	1.25432				2
2024.12.26	01:24:41.697	1.25431				2
2024.12.26	01:24:42.001	1.25432				2
2024.12.26	01:24:42.615	1.25431				2
2024.12.26	01:24:45.081	1.25430				2
2024.12.26	01:24:45.695		1.25438			4
2024.12.26	01:24:46.001	1.25429				2
2024.12.26	01:24:46.612	1.25430	1.25439			6
2024.12.26	01:24:46.920	1.25429	1.25437			6
2024.12.26	01:24:47.541		1.25438			4
2024.12.26	01:24:47.843	1.25430				2
2024.12.26	01:24:48.457	1.25431	1.25440			6
2024.12.26	01:24:49.069	1.25430	1.25438			6
2024.12.26	01:24:51.842	1.25429				2
2024.12.26	01:24:52.152	1.25430				2
2024.12.26	01:24:52.460	1.25429				2
2024.12.26	01:24:52.763	1.25430	1.25439			6
2024.12.26	01:24:54.917		1.25438			4
2024.12.26	01:24:56.458	1.25432	1.25440			6
2024.12.26	01:24:57.379	1.25431				2
2024.12.26	01:24:57.680	1.25432				2
2024.12.26	01:24:59.528	1.25431				2
2024.12.26	01:24:59.830	1.25430				2
2024.12.26	01:25:00.146	1.25430				2
2024.12.26	01:25:01.065	1.25429	1.25438			6
2024.12.26	01:25:01.381		1.25439			4
2024.12.26	01:25:04.136	1.25432	1.25440			6
2024.12.26	01:25:05.664	1.25431				2
2024.12.26	01:25:05.973	1.25432				2
2024.12.26	01:25:06.582	1.25431				2
2024.12.26	01:25:06.883	1.25432				2
2024.12.26	01:25:07.198	1.25431				2
2024.12.26	01:25:07.509	1.25432				2
2024.12.26	01:25:08.116	1.25431				2
2024.12.26	01:25:08.423	1.25432				2
2024.12.26	01:25:09.649	1.25431				2
2024.12.26	01:25:09.958	1.25432				2
2024.12.26	01:25:10.266	1.25433	1.25442			6
2024.12.26	01:25:11.193	1.25434	1.25441			6
2024.12.26	01:25:12.725	1.25433				2
2024.12.26	01:25:15.486		1.25442			4
2024.12.26	01:25:16.404	1.25434				2
2024.12.26	01:25:16.710		1.25443			4
2024.12.26	01:25:17.016	1.25433				2
2024.12.26	01:25:17.936	1.25434				2
2024.12.26	01:25:18.239	1.25435				2
2024.12.26	01:25:19.160	1.25430	1.25439			6
2024.12.26	01:25:22.530	1.25431				2
2024.12.26	01:25:24.066	1.25430				2
2024.12.26	01:25:24.372	1.25432				2
2024.12.26	01:25:24.991	1.25431				2
2024.12.26	01:25:25.296	1.25432				2
2024.12.26	01:25:27.126	1.25431				2
2024.12.26	01:25:27.434		1.25438			4
2024.12.26	01:25:27.747		1.25439			4
2024.12.26	01:25:32.968	1.25432				2
2024.12.26	01:25:33.584	1.25431				2
2024.12.26	01:25:33.895	1.25432				2
2024.12.26	01:25:34.509	1.25431				2
2024.12.26	01:25:34.818	1.25432				2
2024.12.26	01:25:36.654	1.25431				2
2024.12.26	01:25:36.960	1.25434	1.25441			6
2024.12.26	01:25:37.264	1.25433				2
2024.12.26	01:25:37.882	1.25432	1.25440			6
2024.12.26	01:25:38.800		1.25441			4
2024.12.26	01:25:39.112	1.25434	1.25443			6
2024.12.26	01:25:39.724	1.25435				2
2024.12.26	01:25:41.256	1.25436				2
2024.12.26	01:25:42.180	1.25435				2
2024.12.26	01:25:45.543	1.25434	1.25442			6
2024.12.26	01:25:51.686	1.25435				2
2024.12.26	01:25:51.993	1.25434				2
2024.12.26	01:26:00.265	1.25434	1.25441			6
2024.12.26	01:26:00.576	1.25433				2
2024.12.26	01:26:01.181	1.25434				2
2024.12.26	01:26:03.914		1.25442			4
2024.12.26	01:26:04.535		1.25441			4
2024.12.26	01:26:05.456	1.25432	1.25440			6
2024.12.26	01:26:05.762	1.25431				2
2024.12.26	01:26:06.068	1.25432				2
2024.12.26	01:26:09.424	1.25430	1.25439			6
2024.12.26	01:26:12.823		1.25438			4
2024.12.26	01:26:14.041	1.25431				2
2024.12.26	01:26:17.708		1.25439			4
2024.12.26	01:26:18.318	1.25430				2
2024.12.26	01:26:18.627	1.25431				2
2024.12.26	01:26:23.220		1.25438			4
2024.12.26	01:26:25.060		1.25439			4
2024.12.26	01:26:25.366		1.25438			4
2024.12.26	01:26:26.293		1.25439			4
2024.12.26	01:26:26.905		1.25438			4
2024.12.26	01:26:27.207	1.25430				2
2024.12.26	01:26:27.517	1.25431				2
2024.12.26	01:26:27.823		1.25439			4
2024.12.26	01:26:30.281	1.25434	1.25441			6
2024.12.26	01:26:30.587		1.25440			4
2024.12.26	01:26:31.511		1.25441			4
2024.12.26	01:26:32.121		1.25442			4
2024.12.26	01:26:32.730		1.25440			4
2024.12.26	01:26:33.039	1.25433				2
2024.12.26	01:26:33.960	1.25432				2
2024.12.26	01:26:34.574	1.25433				2
2024.12.26	01:26:35.784	1.25432				2
2024.12.26	01:26:36.084	1.25433				2
2024.12.26	01:26:36.694	1.25431				2
2024.12.26	01:26:39.436	1.25433				2
2024.12.26	01:26:39.746	1.25432				2
2024.12.26	01:26:40.047	1.25433				2
2024.12.26	01:26:40.355	1.25434	1.25441			6
2024.12.26	01:26:40.971	1.25432	1.25440			6
2024.12.26	01:26:42.193	1.25430	1.25438			6
2024.12.26	01:26:42.498	1.25433	1.25440			6
2024.12.26	01:26:43.118	1.25432	1.25439			6
2024.12.26	01:26:43.426	1.25433	1.25440			6
2024.12.26	01:26:44.037		1.25439			4
2024.12.26	01:26:44.342	1.25432				2
2024.12.26	01:26:44.656	1.25433				2
2024.12.26	01:26:45.269	1.25432				2
2024.12.26	01:26:45.570	1.25433				2
2024.12.26	01:26:45.876	1.25430	1.25436			6
2024.12.26	01:26:46.189	1.25426	1.25433			6
2024.12.26	01:26:47.104	1.25427				2
2024.12.26	01:26:47.406	1.25428	1.25436			6
2024.12.26	01:26:48.332	1.25427				2
2024.12.26	01:26:50.780	1.25426				2
2024.12.26	01:26:51.082	1.25427	1.25435			6
2024.12.26	01:26:51.392		1.25436			4
2024.12.26	01:26:52.319		1.25435			4
2024.12.26	01:26:52.626		1.25436			4
2024.12.26	01:26:54.771	1.25428				2
2024.12.26	01:26:59.363	1.25427	1.25434			6
2024.12.26	01:27:00.288	1.25427				2
2024.12.26	01:27:07.674	1.25426				2
2024.12.26	01:27:09.833	1.25427				2
2024.12.26	01:27:10.141	1.25426				2
2024.12.26	01:27:25.918	1.25427				2
2024.12.26	01:27:40.281		1.25435			4
2024.12.26	01:27:40.584	1.25428	1.25436			6
2024.12.26	01:27:51.640	1.25432	1.25440			6
2024.12.26	01:27:51.947	1.25433				2
2024.12.26	01:27:52.254	1.25432	1.25438			6
2024.12.26	01:27:52.559	1.25433	1.25440			6
2024.12.26	01:27:54.411	1.25432				2
2024.12.26	01:27:54.715	1.25433				2
2024.12.26	01:27:55.327	1.25432	1.25439			6
2024.12.26	01:27:55.639	1.25433				2
2024.12.26	01:27:56.558	1.25432	1.25440			6
2024.12.26	01:27:56.867	1.25433				2
2024.12.26	01:27:57.486	1.25432				2
2024.12.26	01:27:57.791	1.25433				2
2024.12.26	01:27:58.415		1.25439			4
2024.12.26	01:27:58.719		1.25440			4
2024.12.26	01:27:59.334		1.25439			4
2024.12.26	01:27:59.644	1.25432	1.25440			6
2024.12.26	01:27:59.953	1.25433				2
2024.12.26	01:28:00.263	1.25433				2
2024.12.26	01:28:00.563	1.25432	1.25439			6
2024.12.26	01:28:00.870	1.25433	1.25440			6
2024.12.26	01:28:01.179	1.25432				2
2024.12.26	01:28:01.492	1.25433	1.25441			6
2024.12.26	01:28:02.409	1.25432	1.25440			6
2024.12.26	01:28:02.715	1.25433	1.25439			6
2024.12.26	01:28:03.024		1.25440			4
2024.12.26	01:28:03.944	1.25432				2
2024.12.26	01:28:04.255	1.25433				2
2024.12.26	01:28:04.867	1.25432				2
2024.12.26	01:28:05.180	1.25433	1.25441			6
2024.12.26	01:28:05.786	1.25432	1.25440			6
2024.12.26	01:28:10.383	1.25433				2
2024.12.26	01:28:10.995		1.25441			4
2024.12.26	01:28:11.301	1.25432	1.25440			6
2024.12.26	01:28:11.604	1.25433	1.25441			6
2024.12.26	01:28:11.918		1.25440			4
2024.12.26	01:28:12.221		1.25441			4
2024.12.26	01:28:12.522		1.25440			4
2024.12.26	01:28:13.458	1.25432				2
2024.12.26	01:28:13.766	1.25433				2
2024.12.26	01:28:14.381	1.25429	1.25437			6
2024.12.26	01:28:14.994	1.25427	1.25435			6
2024.12.26	01:28:15.299	1.25426	1.25434			6
2024.12.26	01:28:15.608		1.25433			4
2024.12.26	01:28:17.152		1.25432			4
2024.12.26	01:28:18.070		1.25435			4
2024.12.26	01:28:22.071		1.25434			4
2024.12.26	01:28:22.683		1.25435			4
2024.12.26	01:28:22.994		1.25434			4
2024.12.26	01:28:23.303	1.25427	1.25436			6
2024.12.26	01:28:23.604	1.25426	1.25435			6
2024.12.26	01:28:24.540		1.25434			4
2024.12.26	01:28:27.005	1.25427				2
2024.12.26	01:28:27.307	1.25426				2
2024.12.26	01:28:46.093	1.25425	1.25432			6
2024.12.26	01:28:46.399		1.25433			4
2024.12.26	01:28:46.715	1.25422	1.25430			6
2024.12.26	01:28:47.331		1.25431			4
2024.12.26	01:28:50.105	1.25423	1.25432			6
2024.12.26	01:28:54.094	1.25422	1.25431			6
2024.12.26	01:29:00.237	1.25422				2
2024.12.26	01:29:08.209		1.25430			4
2024.12.26	01:29:16.500	1.25421	1.25429			6
2024.12.26	01:29:16.804	1.25422	1.25430			6
2024.12.26	01:29:20.491	1.25423	1.25431			6
2024.12.26	01:29:39.552	1.25424	1.25432			6
2024.12.26	01:29:41.098	1.25423	1.25431			6
2024.12.26	01:29:48.175	1.25424	1.25432			6
2024.12.26	01:29:48.486	1.25425	1.25433			6
2024.12.26	01:29:48.791	1.25423	1.25431			6
2024.12.26	01:29:49.716	1.25424	1.25432			6
2024.12.26	01:29:50.641	1.25423	1.25431			6
2024.12.26	01:29:53.725	1.25424	1.25432			6
2024.12.26	01:29:54.340	1.25423	1.25431			6
2024.12.26	01:29:55.272	1.25424	1.25432			6
2024.12.26	01:29:55.577	1.25423	1.25431			6
2024.12.26	01:29:56.196	1.25425	1.25432			6
2024.12.26	01:29:56.821	1.25424	1.25431			6
2024.12.26	01:29:57.741	1.25425	1.25432			6
2024.12.26	01:29:58.349	1.25424	1.25431			6
2024.12.26	01:30:00.203	1.25425	1.25432			6
2024.12.26	01:30:00.804	1.25424	1.25431			6
2024.12.26	01:30:01.420	1.25423	1.25429			6
2024.12.26	01:30:02.040		1.25430			4
2024.12.26	01:30:02.347		1.25431			4
2024.12.26	01:30:03.892		1.25430			4
2024.12.26	01:30:05.118	1.25424				2
2024.12.26	01:30:12.512		1.25429			4
2024.12.26	01:30:18.980	1.25422				2
2024.12.26	01:30:20.214	1.25421				2
2024.12.26	01:30:22.061	1.25420	1.25428			6
2024.12.26	01:30:22.374	1.25421	1.25429			6
2024.12.26	01:30:25.763	1.25419	1.25426			6
2024.12.26	01:30:32.534	1.25420				2
2024.12.26	01:30:35.912	1.25421				2
2024.12.26	01:30:36.230	1.25420				2
2024.12.26	01:30:36.533	1.25421				2
2024.12.26	01:30:38.369	1.25420				2
2024.12.26	01:30:38.679	1.25421				2
2024.12.26	01:30:39.290	1.25420				2
2024.12.26	01:30:39.600	1.25421				2
2024.12.26	01:30:40.515	1.25420				2
2024.12.26	01:30:40.821	1.25421				2
2024.12.26	01:30:41.432	1.25420				2
2024.12.26	01:30:41.738	1.25421				2
2024.12.26	01:30:42.350	1.25422				2
2024.12.26	01:30:43.274		1.25427			4
2024.12.26	01:30:43.587	1.25421				2
2024.12.26	01:30:43.890	1.25422				2
2024.12.26	01:30:47.872	1.25421				2
2024.12.26	01:30:48.176	1.25422				2
2024.12.26	01:30:48.790	1.25421				2
2024.12.26	01:30:49.100	1.25422				2
2024.12.26	01:30:50.011	1.25424	1.25429			6
2024.12.26	01:30:50.319	1.25423	1.25431			6
2024.12.26	01:30:50.627		1.25430			4
2024.12.26	01:30:51.236	1.25422				2
2024.12.26	01:30:51.544	1.25423	1.25431			6
2024.12.26	01:30:53.388		1.25430			4
2024.12.26	01:30:55.841		1.25431			4
2024.12.26	01:31:00.139	1.25423				2
2024.12.26	01:31:00.440	1.25425	1.25432			6
2024.12.26	01:31:00.744	1.25430	1.25437			6
2024.12.26	01:31:01.363	1.25428				2
2024.12.26	01:31:01.671	1.25429				2
2024.12.26	01:31:02.586	1.25430	1.25436			6
2024.12.26	01:31:02.890	1.25434	1.25441			6
2024.12.26	01:31:03.194	1.25433	1.25442			6
2024.12.26	01:31:03.502	1.25431	1.25439			6
2024.12.26	01:31:05.041	1.25432	1.25440			6
2024.12.26	01:31:05.354	1.25433	1.25441			6
2024.12.26	01:31:06.895	1.25432	1.25440			6
2024.12.26	01:31:07.511	1.25433	1.25441			6
2024.12.26	01:31:08.422	1.25432	1.25439			6
2024.12.26	01:31:09.971		1.25441			4
2024.12.26	01:31:10.283	1.25433				2
2024.12.26	01:31:10.587	1.25432	1.25440			6
2024.12.26	01:31:10.897	1.25433	1.25442			6
2024.12.26	01:31:13.354	1.25432	1.25440			6
2024.12.26	01:31:13.975	1.25433	1.25441			6
2024.12.26	01:31:15.200	1.25431	1.25438			6
2024.12.26	01:31:15.502	1.25430	1.25439			6
2024.12.26	01:31:16.436	1.25429	1.25438			6
2024.12.26	01:31:16.742	1.25430				2
2024.12.26	01:31:17.359	1.25429				2
2024.12.26	01:31:17.668	1.25430				2
2024.12.26	01:31:18.288	1.25429				2
2024.12.26	01:31:18.592	1.25430				2
2024.12.26	01:31:19.213	1.25429				2
2024.12.26	01:31:19.515	1.25430				2
2024.12.26	01:31:20.438	1.25429				2
2024.12.26	01:31:20.747	1.25430				2
2024.12.26	01:31:21.361	1.25429				2
2024.12.26	01:31:21.671	1.25430				2
2024.12.26	01:31:22.900	1.25429				2
2024.12.26	01:31:23.520	1.25428	1.25437			6
2024.12.26	01:31:28.747		1.25438			4
2024.12.26	01:31:32.737	1.25429				2
2024.12.26	01:31:33.644	1.25428	1.25437			6
2024.12.26	01:31:38.241	1.25430	1.25439			6
2024.12.26	01:31:40.701	1.25432	1.25441			6
2024.12.26	01:31:41.002	1.25433	1.25442			6
2024.12.26	01:31:41.311	1.25434				2
2024.12.26	01:31:49.863	1.25433				2
2024.12.26	01:31:54.761	1.25431	1.25439			6
2024.12.26	01:31:55.074	1.25432	1.25440			6
2024.12.26	01:31:55.682	1.25433	1.25442			6
2024.12.26	01:31:55.988	1.25432				2
2024.12.26	01:31:57.216	1.25433	1.25441			6
2024.12.26	01:31:58.439	1.25432				2
2024.12.26	01:32:00.274	1.25433	1.25440			6
2024.12.26	01:32:00.579	1.25424	1.25432			6
2024.12.26	01:32:02.113	1.25423				2
2024.12.26	01:32:02.414	1.25425				2
2024.12.26	01:32:10.420	1.25424				2
2024.12.26	01:32:10.721	1.25426	1.25434			6
2024.12.26	01:32:11.026	1.25430	1.25439			6
2024.12.26	01:32:11.341	1.25431				2
2024.12.26	01:32:11.646	1.25430	1.25436			6
2024.12.26	01:32:12.559		1.25437			4
2024.12.26	01:32:16.242	1.25429				2
2024.12.26	01:32:19.301	1.25428	1.25436			6
2024.12.26	01:32:22.354		1.25435			4
2024.12.26	01:32:22.662	1.25427				2
2024.12.26	01:32:26.030		1.25434			4
2024.12.26	01:32:26.340	1.25424	1.25431			6
2024.12.26	01:32:27.568	1.25427	1.25435			6
2024.12.26	01:32:31.871	1.25426	1.25434			6
2024.12.26	01:32:32.796		1.25435			4
2024.12.26	01:32:38.030	1.25427				2
2024.12.26	01:32:42.025	1.25426	1.25434			6
2024.12.26	01:32:55.825		1.25435			4
2024.12.26	01:32:58.277	1.25423	1.25430			6
2024.12.26	01:32:58.579	1.25424	1.25432			6
2024.12.26	01:33:00.125	1.25424				2
2024.12.26	01:33:01.355	1.25425				2
2024.12.26	01:33:09.647		1.25434			4
2024.12.26	01:33:09.959	1.25426				2
2024.12.26	01:33:14.877	1.25422	1.25431			6
2024.12.26	01:33:17.343	1.25423	1.25432			6
2024.12.26	01:33:24.425	1.25422				2
2024.12.26	01:33:26.590	1.25424				2
2024.12.26	01:33:27.506	1.25426	1.25434			6
2024.12.26	01:33:28.428		1.25435			4
2024.12.26	01:33:28.736	1.25425				2
2024.12.26	01:33:29.344	1.25426	1.25434			6
2024.12.26	01:33:29.655		1.25435			4
2024.12.26	01:33:29.968	1.25425				2
2024.12.26	01:33:30.884	1.25426				2
2024.12.26	01:33:34.263		1.25436			4
2024.12.26	01:33:35.809	1.25424	1.25432			6
2024.12.26	01:33:38.883	1.25423				2
2024.12.26	01:33:39.192	1.25424				2
2024.12.26	01:33:41.041	1.25425				2
2024.12.26	01:33:41.661	1.25429				2
2024.12.26	01:33:41.967	1.25428				2
2024.12.26	01:33:42.582	1.25425				2
2024.12.26	01:33:43.822	1.25428				2
2024.12.26	01:33:44.128	1.25426				2
2024.12.26	01:33:45.973	1.25428				2
2024.12.26	01:33:46.282	1.25426				2
2024.12.26	01:33:46.588		1.25431			4
2024.12.26	01:33:51.804	1.25422				2
2024.12.26	01:33:52.421	1.25423				2
2024.12.26	01:33:53.647	1.25422				2
2024.12.26	01:33:54.565	1.25424	1.25433			6
2024.12.26	01:33:54.869	1.25422	1.25431			6
2024.12.26	01:33:55.180	1.25423	1.25432			6
2024.12.26	01:33:55.487	1.25422				2
2024.12.26	01:33:55.795	1.25423				2
2024.12.26	01:33:56.099	1.25422				2
2024.12.26	01:33:58.250	1.25423				2
2024.12.26	01:33:58.555	1.25424				2
2024.12.26	01:33:59.777	1.25423				2
2024.12.26	01:34:00.087	1.25424				2
2024.12.26	01:34:03.136	1.25423				2
2024.12.26	01:34:04.067	1.25424				2
2024.12.26	01:34:06.522	1.25423	1.25431			6
2024.12.26	01:34:06.822	1.25424				2
2024.12.26	01:34:07.133		1.25432			4
2024.12.26	01:34:10.194	1.25425				2
2024.12.26	01:34:12.338	1.25426	1.25434			6
2024.12.26	01:34:12.647	1.25427	1.25436			6
2024.12.26	01:34:13.259	1.25426	1.25435			6
2024.12.26	01:34:32.863	1.25427	1.25436			6
2024.12.26	01:34:38.981	1.25428	1.25437			6
2024.12.26	01:34:40.817	1.25427	1.25436			6
2024.12.26	01:34:51.581	1.25426	1.25435			6
2024.12.26	01:34:52.195	1.25427	1.25436			6
2024.12.26	01:34:55.872	1.25426	1.25435			6
2024.12.26	01:34:56.492	1.25427	1.25436			6
2024.12.26	01:34:57.101	1.25426	1.25435			6
2024.12.26	01:34:57.407	1.25427	1.25436			6
2024.12.26	01:34:57.714	1.25426	1.25435			6
2024.12.26	01:34:59.246		1.25434			4
2024.12.26	01:34:59.554	1.25427	1.25435			6
2024.12.26	01:34:59.864	1.25426	1.25434			6
2024.12.26	01:35:00.167	1.25426				2
2024.12.26	01:35:00.474	1.25429	1.25437			6
2024.12.26	01:35:00.779	1.25430	1.25438			6
2024.12.26	01:35:01.391		1.25439			4
2024.12.26	01:35:21.344	1.25431	1.25440			6
2024.12.26	01:35:24.411	1.25430	1.25439			6
2024.12.26	01:35:25.940	1.25429	1.25437			6
2024.12.26	01:35:27.167	1.25430	1.25439			6
2024.12.26	01:35:29.313		1.25438			4
2024.12.26	01:35:29.613	1.25429				2
2024.12.26	01:35:31.155	1.25430	1.25439			6
2024.12.26	01:35:37.913		1.25438			4
2024.12.26	01:35:38.228		1.25439			4
2024.12.26	01:35:47.785	1.25429	1.25438			6
2024.12.26	01:35:48.399	1.25430	1.25439			6
2024.12.26	01:35:49.011	1.25431	1.25440			6
2024.12.26	01:35:51.782	1.25429	1.25438			6
2024.12.26	01:35:52.085	1.25428	1.25437			6
2024.12.26	01:35:53.934	1.25427	1.25436			6
2024.12.26	01:35:57.009	1.25428	1.25437			6
2024.12.26	01:35:57.328	1.25427	1.25436			6
2024.12.26	01:35:59.471	1.25425	1.25434			6
2024.12.26	01:35:59.779	1.25427	1.25436			6
2024.12.26	01:36:00.082	1.25427				2
2024.12.26	01:36:00.396	1.25426	1.25435			6
2024.12.26	01:36:01.318	1.25425	1.25434			6
2024.12.26	01:36:02.239	1.25423	1.25432			6
2024.12.26	01:36:02.553	1.25424				2
2024.12.26	01:36:02.860	1.25423				2
2024.12.26	01:36:13.005	1.25428	1.25437			6
2024.12.26	01:36:13.322		1.25436			4
2024.12.26	01:36:13.626		1.25438			4
2024.12.26	01:36:13.935	1.25429	1.25439			6
2024.12.26	01:36:14.243	1.25428	1.25438			6
2024.12.26	01:36:14.547	1.25429	1.25437			6
2024.12.26	01:36:14.856		1.25438			4
2024.12.26	01:36:15.779		1.25439			4
2024.12.26	01:36:16.081	1.25428	1.25438			6
2024.12.26	01:36:16.384	1.25429	1.25439			6
2024.12.26	01:36:16.695	1.25428	1.25438			6
2024.12.26	01:36:17.000	1.25429	1.25439			6
2024.12.26	01:36:20.388	1.25427	1.25436			6
2024.12.26	01:36:21.318		1.25437			4
2024.12.26	01:36:21.923	1.25426	1.25435			6
2024.12.26	01:36:31.730	1.25424	1.25432			6
2024.12.26	01:36:33.871	1.25423				2
2024.12.26	01:36:38.784	1.25424				2
2024.12.26	01:36:41.535	1.25423				2
2024.12.26	01:36:41.842	1.25424	1.25433			6
2024.12.26	01:36:45.824	1.25423				2
2024.12.26	01:36:48.296		1.25432			4
2024.12.26	01:36:51.669	1.25424	1.25433			6
2024.12.26	01:36:59.062	1.25423	1.25432			6
2024.12.26	01:36:59.751	1.25424	1.25433			6
2024.12.26	01:37:00.050	1.25424				2
2024.12.26	01:37:00.358	1.25423	1.25432			6
2024.12.26	01:37:00.666	1.25422	1.25431			6
2024.12.26	01:37:04.344	1.25423	1.25432			6
2024.12.26	01:37:04.952	1.25419	1.25428			6
2024.12.26	01:37:05.256	1.25421	1.25430			6
2024.12.26	01:37:07.102	1.25420	1.25429			6
2024.12.26	01:37:08.028	1.25421	1.25430			6
2024.12.26	01:37:15.094	1.25420	1.25429			6
2024.12.26	01:37:16.011		1.25428			4
2024.12.26	01:37:16.941		1.25429			4
2024.12.26	01:37:35.721	1.25419	1.25426			6
2024.12.26	01:37:39.106	1.25418	1.25427			6
2024.12.26	01:37:39.412	1.25419				2
2024.12.26	01:37:43.722	1.25420	1.25428			6
2024.12.26	01:37:52.330	1.25421	1.25430			6
2024.12.26	01:37:56.952	1.25422	1.25431			6
2024.12.26	01:38:00.021	1.25422				2
2024.12.26	01:38:11.350	1.25424	1.25433			6
2024.12.26	01:38:13.805	1.25423	1.25432			6
2024.12.26	01:38:14.111		1.25431			4
2024.12.26	01:38:15.950		1.25432			4
2024.12.26	01:38:19.316	1.25422	1.25431			6
2024.12.26	01:38:22.075	1.25421	1.25430			6
2024.12.26	01:38:25.741	1.25424	1.25432			6
2024.12.26	01:38:26.348		1.25433			4
2024.12.26	01:38:32.803	1.25422	1.25431			6
2024.12.26	01:38:33.115	1.25423	1.25432			6
2024.12.26	01:38:34.032	1.25422	1.25431			6
2024.12.26	01:38:35.270	1.25423	1.25432			6
2024.12.26	01:38:36.509	1.25422	1.25431			6
2024.12.26	01:38:38.344	1.25424	1.25433			6
2024.12.26	01:38:42.962	1.25425				2
2024.12.26	01:38:43.275	1.25424				2
2024.12.26	01:38:44.199	1.25425				2
2024.12.26	01:38:45.125	1.25422	1.25431			6
2024.12.26	01:38:45.429	1.25424	1.25433			6
2024.12.26	01:39:00.145	1.25424				2
2024.12.26	01:39:01.068	1.25423	1.25432			6
2024.12.26	01:39:02.292	1.25422	1.25431			6
2024.12.26	01:39:13.672	1.25421	1.25430			6
2024.12.26	01:39:13.977	1.25422	1.25431			6
2024.12.26	01:39:14.594	1.25420	1.25429			6
2024.12.26	01:39:24.161	1.25419	1.25428			6
2024.12.26	01:39:26.314		1.25427			4
2024.12.26	01:39:27.557	1.25420	1.25428			6
2024.12.26	01:39:39.222	1.25422	1.25430			6
2024.12.26	01:39:40.144		1.25431			4
2024.12.26	01:39:44.741	1.25421	1.25430			6
2024.12.26	01:39:49.350		1.25429			4
2024.12.26	01:39:56.433	1.25423	1.25431			6
2024.12.26	01:39:57.358		1.25432			4
2024.12.26	01:39:59.807	1.25422	1.25431			6
2024.12.26	01:40:00.126	1.25422				2
2024.12.26	01:40:04.738	1.25421	1.25430			6
2024.12.26	01:40:05.662	1.25422	1.25431			6
2024.12.26	01:40:10.570	1.25423	1.25432			6
2024.12.26	01:40:15.165	1.25422	1.25431			6
2024.12.26	01:40:15.472	1.25423	1.25432			6
2024.12.26	01:40:20.384		1.25431			4
2024.12.26	01:40:20.689	1.25422	1.25430			6
2024.12.26	01:40:21.300		1.25431			4
2024.12.26	01:40:21.912	1.25421	1.25430			6
2024.12.26	01:40:22.836	1.25422	1.25431			6
2024.12.26	01:40:23.151	1.25421	1.25430			6
2024.12.26	01:40:25.922		1.25429			4
2024.12.26	01:40:27.158	1.25420	1.25427			6
2024.12.26	01:40:27.466		1.25429			4
2024.12.26	01:40:32.701	1.25421				2
2024.12.26	01:40:34.241	1.25420				2
2024.12.26	01:40:37.636	1.25419	1.25427			6
2024.12.26	01:40:38.247		1.25428			4
2024.12.26	01:40:48.090	1.25420				2
2024.12.26	01:40:49.324		1.25427			4
2024.12.26	01:41:00.083	1.25420				2
2024.12.26	01:41:02.224	1.25422	1.25430			6
2024.12.26	01:41:04.969	1.25426	1.25434			6
2024.12.26	01:41:05.275	1.25425				2
2024.12.26	01:41:08.952		1.25433			4
2024.12.26	01:41:09.255	1.25424	1.25432			6
2024.12.26	01:41:10.487	1.25425				2
2024.12.26	01:41:11.104		1.25433			4
2024.12.26	01:41:12.322	1.25424	1.25432			6
2024.12.26	01:41:22.444	1.25425				2
2024.12.26	01:41:22.750		1.25433			4
2024.12.26	01:41:24.895	1.25424				2
2024.12.26	01:41:25.817	1.25425				2
2024.12.26	01:41:27.349	1.25424				2
2024.12.26	01:41:27.654		1.25432			4
2024.12.26	01:41:29.485	1.25425				2
2024.12.26	01:41:29.793		1.25433			4
2024.12.26	01:41:30.409	1.25424				2
2024.12.26	01:41:30.714	1.25425				2
2024.12.26	01:41:35.298	1.25426				2
2024.12.26	01:41:36.519	1.25425				2
2024.12.26	01:41:39.267	1.25426				2
2024.12.26	01:41:44.176		1.25434			4
2024.12.26	01:41:49.397	1.25427				2
2024.12.26	01:41:49.700	1.25426	1.25433			6
2024.12.26	01:41:51.242		1.25434			4
2024.12.26	01:41:58.605	1.25425	1.25433			6
2024.12.26	01:42:00.138	1.25425				2
2024.12.26	01:42:01.665	1.25427				2
2024.12.26	01:42:02.282	1.25426				2
2024.12.26	01:42:02.591	1.25428				2
2024.12.26	01:42:02.897	1.25426				2
2024.12.26	01:42:08.715	1.25427				2
2024.12.26	01:42:10.860	1.25425				2
2024.12.26	01:42:11.161	1.25426				2
2024.12.26	01:42:11.467	1.25425				2
2024.12.26	01:42:12.386	1.25426				2
2024.12.26	01:42:12.994	1.25425				2
2024.12.26	01:42:13.299		1.25432			4
2024.12.26	01:42:13.609	1.25426				2
2024.12.26	01:42:14.840	1.25423				2
2024.12.26	01:42:15.758	1.25425				2
2024.12.26	01:42:16.368	1.25424				2
2024.12.26	01:42:28.924		1.25433			4
2024.12.26	01:42:29.232	1.25423				2
2024.12.26	01:42:29.842		1.25432			4
2024.12.26	01:42:30.150		1.25433			4
2024.12.26	01:42:32.290	1.25424				2
2024.12.26	01:42:37.495	1.25423				2
2024.12.26	01:42:37.803	1.25425				2
2024.12.26	01:42:38.725	1.25424				2
2024.12.26	01:42:43.322	1.25425				2
2024.12.26	01:42:44.551	1.25424				2
2024.12.26	01:42:44.861		1.25432			4
2024.12.26	01:42:45.166	1.25425				2
2024.12.26	01:42:45.779	1.25424	1.25433			6
2024.12.26	01:42:46.692	1.25425	1.25432			6
2024.12.26	01:42:47.612	1.25424	1.25433			6
2024.12.26	01:42:49.763	1.25425	1.25432			6
2024.12.26	01:42:52.225	1.25426				2
2024.12.26	01:42:53.144	1.25425	1.25433			6
2024.12.26	01:42:54.060	1.25426	1.25432			6
2024.12.26	01:43:00.169	1.25426				2
2024.12.26	01:43:09.964	1.25425				2
2024.12.26	01:43:10.271	1.25424				2
2024.12.26	01:43:10.578	1.25425				2
2024.12.26	01:43:13.648	1.25426				2
2024.12.26	01:43:14.257	1.25423				2
2024.12.26	01:43:24.372	1.25424	1.25433			6
2024.12.26	01:43:24.984	1.25423	1.25432			6
2024.12.26	01:43:27.131	1.25422	1.25431			6
2024.12.26	01:43:27.740	1.25423	1.25432			6
2024.12.26	01:43:28.664	1.25424	1.25433			6
2024.12.26	01:43:29.276	1.25423	1.25432			6
2024.12.26	01:43:29.886		1.25431			4
2024.12.26	01:43:30.193		1.25432			4
2024.12.26	01:43:41.558	1.25422	1.25431			6
2024.12.26	01:43:41.859	1.25420	1.25429			6
2024.12.26	01:43:45.541	1.25419	1.25427			6
2024.12.26	01:43:52.591	1.25420				2
2024.12.26	01:43:52.897		1.25430			4
2024.12.26	01:43:54.422	1.25419	1.25429			6
2024.12.26	01:43:55.041	1.25420	1.25430			6
2024.12.26	01:43:56.886	1.25421				2
2024.12.26	01:43:57.804		1.25431			4
2024.12.26	01:44:00.267	1.25421				2
2024.12.26	01:44:11.065	1.25422	1.25432			6
2024.12.26	01:44:11.679	1.25423	1.25433			6
2024.12.26	01:44:32.262	1.25424				2
2024.12.26	01:44:36.859	1.25425				2
2024.12.26	01:44:37.167	1.25424				2
2024.12.26	01:45:00.132	1.25424				2
2024.12.26	01:45:07.172	1.25429	1.25436			6
2024.12.26	01:45:07.477		1.25438			4
2024.12.26	01:45:07.786	1.25427	1.25436			6
2024.12.26	01:45:09.009	1.25425	1.25434			6
2024.12.26	01:45:11.782	1.25423	1.25433			6
2024.12.26	01:45:16.392	1.25425				2
2024.12.26	01:45:17.317	1.25424				2
2024.12.26	01:45:21.320	1.25425	1.25434			6
2024.12.26	01:45:23.476	1.25424	1.25433			6
2024.12.26	01:45:25.945	1.25425	1.25434			6
2024.12.26	01:45:27.789	1.25424	1.25433			6
2024.12.26	01:45:30.565	1.25426	1.25434			6
2024.12.26	01:45:31.177	1.25429	1.25439			6
2024.12.26	01:45:32.106	1.25428	1.25438			6
2024.12.26	01:45:33.025	1.25427	1.25437			6
2024.12.26	01:45:39.179	1.25428	1.25438			6
2024.12.26	01:45:42.563	1.25427	1.25437			6
2024.12.26	01:45:45.331	1.25432	1.25440			6
2024.12.26	01:45:45.639	1.25427	1.25437			6
2024.12.26	01:45:46.557	1.25428	1.25438			6
2024.12.26	01:45:49.626	1.25427	1.25437			6
2024.12.26	01:45:50.545	1.25429	1.25439			6
2024.12.26	01:45:52.702	1.25428	1.25438			6
2024.12.26	01:45:53.015	1.25427	1.25437			6
2024.12.26	01:45:53.930	1.25428				2
2024.12.26	01:45:54.243		1.25438			4
2024.12.26	01:45:54.858	1.25427	1.25437			6
2024.12.26	01:45:56.095	1.25428	1.25438			6
2024.12.26	01:46:00.097	1.25428				2
2024.12.26	01:46:02.245	1.25427	1.25437			6
2024.12.26	01:46:02.560	1.25428	1.25438			6
2024.12.26	01:46:02.865	1.25427	1.25437			6
2024.12.26	01:46:03.173	1.25428	1.25438			6
2024.12.26	01:46:03.791	1.25427	1.25437			6
2024.12.26	01:46:07.181	1.25428	1.25438			6
2024.12.26	01:46:07.497	1.25427	1.25437			6
2024.12.26	01:46:08.723	1.25428	1.25438			6
2024.12.26	01:46:09.342	1.25430	1.25440			6
2024.12.26	01:46:09.653	1.25428	1.25438			6
2024.12.26	01:46:13.975	1.25429	1.25439			6
2024.12.26	01:46:14.592	1.25428	1.25438			6
2024.12.26	01:46:18.595	1.25430	1.25439			6
2024.12.26	01:46:18.909	1.25426	1.25436			6
2024.12.26	01:46:19.830	1.25427	1.25437			6
2024.12.26	01:46:20.135	1.25428	1.25438			6
2024.12.26	01:46:26.290	1.25427	1.25437			6
2024.12.26	01:46:26.595	1.25428	1.25438			6
2024.12.26	01:46:29.366	1.25427	1.25437			6
2024.12.26	01:46:31.211	1.25428	1.25438			6
2024.12.26	01:46:34.589	1.25429	1.25439			6
2024.12.26	01:46:37.047	1.25428	1.25438			6
2024.12.26	01:46:37.661	1.25429	1.25439			6
2024.12.26	01:46:38.893	1.25428	1.25438			6
2024.12.26	01:46:41.968	1.25430	1.25440			6
2024.12.26	01:46:42.270	1.25429	1.25439			6
2024.12.26	01:46:42.890	1.25431	1.25440			6
2024.12.26	01:46:43.500	1.25429	1.25439			6
2024.12.26	01:46:43.803	1.25426	1.25435			6
2024.12.26	01:46:44.107	1.25427	1.25436			6
2024.12.26	01:46:45.342		1.25437			4
2024.12.26	01:46:45.654		1.25436			4
2024.12.26	01:46:45.956		1.25437			4
2024.12.26	01:46:46.266	1.25423	1.25433			6
2024.12.26	01:46:48.101	1.25422	1.25432			6
2024.12.26	01:46:49.332	1.25423	1.25433			6
2024.12.26	01:46:49.636		1.25432			4
2024.12.26	01:46:50.859		1.25433			4
2024.12.26	01:46:53.015	1.25425	1.25434			6
2024.12.26	01:46:53.934		1.25435			4
2024.12.26	01:46:54.239	1.25424	1.25434			6
2024.12.26	01:46:58.245		1.25433			4
2024.12.26	01:47:00.096	1.25424				2
2024.12.26	01:47:04.402		1.25434			4
2024.12.26	01:47:24.957	1.25423	1.25433			6
2024.12.26	01:47:28.330	1.25424	1.25434			6
2024.12.26	01:47:29.863	1.25425				2
2024.12.26	01:47:30.172	1.25423	1.25433			6
2024.12.26	01:47:37.514	1.25426	1.25434			6
2024.12.26	01:48:00.200	1.25426				2
2024.12.26	01:48:03.270		1.25431			4
2024.12.26	01:48:03.578		1.25434			4
2024.12.26	01:48:29.358	1.25427				2
2024.12.26	01:48:33.037		1.25435			4
2024.12.26	01:48:34.266	1.25429				2
2024.12.26	01:48:34.576	1.25428	1.25434			6
2024.12.26	01:48:38.852	1.25429				2
2024.12.26	01:48:39.159	1.25426				2
2024.12.26	01:48:47.431	1.25428				2
2024.12.26	01:48:47.740		1.25435			4
2024.12.26	01:48:48.353	1.25426	1.25434			6
2024.12.26	01:48:52.649		1.25432			4
2024.12.26	01:48:52.954	1.25424	1.25431			6
2024.12.26	01:48:53.574		1.25432			4
2024.12.26	01:48:54.790		1.25431			4
2024.12.26	01:48:56.027		1.25432			4
2024.12.26	01:49:00.009	1.25424				2
2024.12.26	01:49:02.157	1.25427	1.25434			6
2024.12.26	01:49:05.850	1.25429	1.25435			6
2024.12.26	01:49:08.000	1.25427	1.25434			6
2024.12.26	01:49:44.752	1.25429	1.25436			6
2024.12.26	01:49:45.361		1.25435			4
2024.12.26	01:49:46.281		1.25436			4
2024.12.26	01:49:46.589		1.25435			4
2024.12.26	01:49:47.811		1.25436			4
2024.12.26	01:49:49.035		1.25434			4
2024.12.26	01:49:50.257		1.25436			4
2024.12.26	01:49:51.171		1.25434			4
2024.12.26	01:49:54.842		1.25436			4
2024.12.26	01:49:55.756		1.25434			4
2024.12.26	01:49:56.370		1.25431			4
2024.12.26	01:50:00.032	1.25429				2
2024.12.26	01:50:05.861		1.25435			4
2024.12.26	01:50:08.931		1.25436			4
2024.12.26	01:50:09.550		1.25435			4
2024.12.26	01:50:11.695	1.25428	1.25434			6
2024.12.26	01:50:12.004		1.25435			4
2024.12.26	01:50:39.345	1.25427				2
2024.12.26	01:50:54.691	1.25431	1.25437			6
2024.12.26	01:50:54.999	1.25430	1.25436			6
2024.12.26	01:50:55.301	1.25429	1.25435			6
2024.12.26	01:50:55.607	1.25430	1.25436			6
2024.12.26	01:50:56.217	1.25429				2
2024.12.26	01:50:56.525	1.25430				2
2024.12.26	01:50:57.444	1.25428	1.25435			6
2024.12.26	01:51:00.206	1.25428				2
2024.12.26	01:51:01.127	1.25426	1.25434			6
2024.12.26	01:51:01.434		1.25435			4
2024.12.26	01:51:02.360		1.25433			4
2024.12.26	01:51:03.000	1.25422	1.25427			6
2024.12.26	01:51:03.919		1.25428			4
2024.12.26	01:51:04.845		1.25426			4
2024.12.26	01:51:05.151	1.25419				2
2024.12.26	01:51:05.767		1.25425			4
2024.12.26	01:51:07.303	1.25420	1.25426			6
2024.12.26	01:51:08.839		1.25424			4
2024.12.26	01:51:09.152	1.25419				2
2024.12.26	01:51:10.376	1.25420				2
2024.12.26	01:51:11.609		1.25425			4
2024.12.26	01:51:19.901		1.25426			4
2024.12.26	01:51:22.361		1.25427			4
2024.12.26	01:51:24.515		1.25426			4
2024.12.26	01:51:29.418		1.25427			4
2024.12.26	01:51:29.723		1.25428			4
2024.12.26	01:51:30.953	1.25418				2
2024.12.26	01:51:41.067		1.25427			4
2024.12.26	01:51:42.299	1.25420	1.25428			6
2024.12.26	01:51:43.226	1.25418				2
2024.12.26	01:51:53.665		1.25427			4
2024.12.26	01:51:55.816		1.25428			4
2024.12.26	01:52:00.118	1.25418				2
2024.12.26	01:52:00.423		1.25427			4
2024.12.26	01:52:05.019	1.25424	1.25429			6
2024.12.26	01:52:27.327	1.25419	1.25426			6
2024.12.26	01:52:33.154	1.25420				2
2024.12.26	01:52:46.937		1.25427			4
2024.12.26	01:53:00.098	1.25420				2
2024.12.26	01:53:06.222	1.25419				2
2024.12.26	01:53:33.186	1.25420				2
2024.12.26	01:53:33.492	1.25423	1.25429			6
2024.12.26	01:53:33.801	1.25419	1.25427			6
2024.12.26	01:53:42.076	1.25420				2
2024.12.26	01:53:54.313		1.25426			4
2024.12.26	01:54:00.138	1.25420				2
2024.12.26	01:54:21.568		1.25427			4
2024.12.26	01:54:32.292		1.25426			4
2024.12.26	01:54:34.424	1.25423				2
2024.12.26	01:54:37.482	1.25424	1.25429			6
2024.12.26	01:54:39.937	1.25423				2
2024.12.26	01:55:00.211	1.25423				2
2024.12.26	01:55:05.721		1.25428			4
2024.12.26	01:55:15.270	1.25424				2
2024.12.26	01:55:25.445	1.25420	1.25427			6
2024.12.26	01:55:32.825	1.25423				2
2024.12.26	01:55:33.126		1.25428			4
2024.12.26	01:56:00.188	1.25423				2
2024.12.26	01:56:33.252		1.25428			4
2024.12.26	01:56:46.706	1.25427	1.25432			6
2024.12.26	01:56:55.580		1.25433			4
2024.12.26	01:56:55.882		1.25434			4
2024.12.26	01:56:57.420	1.25425	1.25435			6
2024.12.26	01:56:59.866	1.25428	1.25434			6
2024.12.26	01:57:00.175	1.25428				2
2024.12.26	01:57:04.774		1.25433			4
2024.12.26	01:57:11.823		1.25434			4
2024.12.26	01:57:19.153	1.25434	1.25439			6
2024.12.26	01:57:23.126	1.25429	1.25438			6
2024.12.26	01:57:24.653	1.25431				2
2024.12.26	01:57:25.571		1.25439			4
2024.12.26	01:57:25.876		1.25438			4
2024.12.26	01:57:26.789	1.25429	1.25437			6
2024.12.26	01:57:30.162	1.25431	1.25439			6
2024.12.26	01:57:31.384		1.25438			4
2024.12.26	01:57:31.684		1.25439			4
2024.12.26	01:57:32.921	1.25429	1.25437			6
2024.12.26	01:57:33.837	1.25431	1.25439			6
2024.12.26	01:57:39.350	1.25430	1.25435			6
2024.12.26	01:57:39.657		1.25437			4
2024.12.26	01:57:40.263		1.25436			4
2024.12.26	01:57:42.723		1.25437			4
2024.12.26	01:57:47.618	1.25428				2
2024.12.26	01:57:48.231	1.25430	1.25436			6
2024.12.26	01:57:48.536	1.25428	1.25437			6
2024.12.26	01:57:48.848	1.25430	1.25436			6
2024.12.26	01:57:58.350		1.25437			4
2024.12.26	01:58:00.180	1.25430				2
2024.12.26	01:58:02.323	1.25428				2
2024.12.26	01:58:02.937	1.25430	1.25436			6
2024.12.26	01:58:03.542		1.25437			4
2024.12.26	01:58:16.096		1.25436			4
2024.12.26	01:58:17.010		1.25437			4
2024.12.26	01:58:17.923	1.25428	1.25436			6
2024.12.26	01:58:18.536	1.25427	1.25435			6
2024.12.26	01:58:20.062	1.25430	1.25436			6
2024.12.26	01:58:25.259		1.25437			4
2024.12.26	01:58:26.483	1.25429				2
2024.12.26	01:58:28.333		1.25436			4
2024.12.26	01:58:28.633	1.25430	1.25437			6
2024.12.26	01:58:29.256	1.25429	1.25436			6
2024.12.26	01:58:29.873	1.25430				2
2024.12.26	01:58:30.181	1.25427	1.25435			6
2024.12.26	01:58:32.027	1.25429	1.25436			6
2024.12.26	01:58:32.342	1.25430	1.25437			6
2024.12.26	01:58:41.237	1.25428				2
2024.12.26	01:58:44.928	1.25431	1.25439			6
2024.12.26	01:58:46.459	1.25429	1.25438			6
2024.12.26	01:58:47.377	1.25431	1.25439			6
2024.12.26	01:59:00.213	1.25431				2
2024.12.26	01:59:02.658	1.25434				2
2024.12.26	01:59:02.960	1.25432	1.25440			6
2024.12.26	01:59:03.266	1.25434	1.25441			6
2024.12.26	01:59:03.576	1.25431				2
2024.12.26	01:59:03.883		1.25440			4
2024.12.26	01:59:06.020	1.25434	1.25442			6
2024.12.26	01:59:15.221	1.25435	1.25441			6
2024.12.26	01:59:16.141	1.25434	1.25442			6
2024.12.26	01:59:17.061	1.25435				2
2024.12.26	01:59:17.373	1.25436				2
2024.12.26	01:59:18.909		1.25441			4
2024.12.26	01:59:19.521		1.25442			4
2024.12.26	01:59:19.828		1.25441			4
2024.12.26	01:59:21.361	1.25434	1.25442			6
2024.12.26	01:59:29.049	1.25436	1.25441			6
2024.12.26	01:59:29.361	1.25435	1.25439			6
2024.12.26	01:59:29.665		1.25441			4
2024.12.26	01:59:32.430		1.25442			4
2024.12.26	01:59:33.655	1.25434				2
2024.12.26	01:59:34.882	1.25435	1.25441			6
2024.12.26	01:59:35.191		1.25442			4
2024.12.26	01:59:35.499	1.25436				2
2024.12.26	01:59:37.341	1.25434				2
2024.12.26	01:59:41.041		1.25443			4
2024.12.26	01:59:45.938	1.25436				2
2024.12.26	01:59:48.092		1.25442			4
2024.12.26	01:59:48.713	1.25434	1.25440			6
2024.12.26	01:59:52.085		1.25439			4
2024.12.26	02:00:00.039	1.25434				2
2024.12.26	02:00:00.345	1.25432	1.25438			6
2024.12.26	02:00:00.960	1.25433				2
2024.12.26	02:00:01.264	1.25432				2
2024.12.26	02:00:01.571		1.25437			4
2024.12.26	02:00:04.026	1.25433				2
2024.12.26	02:00:04.338	1.25432				2
2024.12.26	02:00:05.559	1.25433				2
2024.12.26	02:00:05.870	1.25429				2
2024.12.26	02:00:06.175	1.25433	1.25438			6
2024.12.26	02:00:06.476	1.25430				2
2024.12.26	02:00:06.781	1.25433	1.25439			6
2024.12.26	02:00:07.091	1.25430	1.25438			6
2024.12.26	02:00:08.328	1.25433	1.25439			6
2024.12.26	02:00:11.091		1.25440			4
2024.12.26	02:00:12.627	1.25436				2
2024.12.26	02:00:12.937	1.25433	1.25439			6
2024.12.26	02:00:13.861	1.25431	1.25437			6
2024.12.26	02:00:16.021	1.25428				2
2024.12.26	02:00:18.483	1.25430	1.25438			6
2024.12.26	02:00:18.788	1.25428				2
2024.12.26	02:00:19.097		1.25437			4
2024.12.26	02:00:20.328		1.25438			4
2024.12.26	02:00:20.634	1.25429				2
2024.12.26	02:00:20.942	1.25428	1.25437			6
2024.12.26	02:00:21.248	1.25433	1.25443			6
2024.12.26	02:00:26.175	1.25434				2
2024.12.26	02:00:28.647		1.25441			4
2024.12.26	02:00:33.570		1.25442			4
2024.12.26	02:00:35.399	1.25433				2
2024.12.26	02:00:40.310	1.25434				2
2024.12.26	02:00:42.765	1.25438	1.25443			6
2024.12.26	02:00:43.066		1.25446			4
2024.12.26	02:00:43.368		1.25447			4
2024.12.26	02:00:43.688	1.25439	1.25446			6
2024.12.26	02:00:44.300	1.25438	1.25447			6
2024.12.26	02:00:46.447	1.25440	1.25448			6
2024.12.26	02:00:48.305		1.25447			4
2024.12.26	02:00:51.376	1.25438				2
2024.12.26	02:00:51.681	1.25440				2
2024.12.26	02:00:54.441	1.25439				2
2024.12.26	02:00:54.746	1.25437	1.25446			6
2024.12.26	02:00:59.672	1.25436				2
2024.12.26	02:01:00.293	1.25436				2
2024.12.26	02:01:00.601	1.25438				2
2024.12.26	02:01:01.521	1.25440	1.25447			6
2024.12.26	02:01:01.825	1.25439	1.25446			6
2024.12.26	02:01:02.135	1.25440	1.25447			6
2024.12.26	02:01:02.751	1.25438				2
2024.12.26	02:01:08.296		1.25446			4
2024.12.26	02:01:09.206		1.25447			4
2024.12.26	02:01:09.819		1.25446			4
2024.12.26	02:01:14.411	1.25440				2
2024.12.26	02:01:19.004	1.25439				2
2024.12.26	02:01:19.306	1.25438	1.25445			6
2024.12.26	02:01:20.229		1.25446			4
2024.12.26	02:01:20.531		1.25445			4
2024.12.26	02:01:20.841	1.25443	1.25447			6
2024.12.26	02:01:22.368	1.25440				2
2024.12.26	02:01:30.022	1.25441				2
2024.12.26	02:01:30.326		1.25449			4
2024.12.26	02:01:30.630	1.25440	1.25447			6
2024.12.26	02:01:31.860	1.25441				2
2024.12.26	02:01:32.470		1.25448			4
2024.12.26	02:01:34.319		1.25447			4
2024.12.26	02:01:34.622		1.25448			4
2024.12.26	02:01:34.928	1.25438	1.25447			6
2024.12.26	02:01:36.165		1.25448			4
2024.12.26	02:01:36.472		1.25447			4
2024.12.26	02:01:38.930	1.25441	1.25448			6
2024.12.26	02:01:39.238	1.25440	1.25447			6
2024.12.26	02:01:44.159	1.25441				2
2024.12.26	02:01:44.459	1.25440				2
2024.12.26	02:01:44.769	1.25441				2
2024.12.26	02:01:45.689	1.25439				2
2024.12.26	02:01:47.540		1.25446			4
2024.12.26	02:01:48.757	1.25441	1.25448			6
2024.12.26	02:01:50.600	1.25440				2
2024.12.26	02:01:50.907	1.25441				2
2024.12.26	02:01:51.209	1.25440				2
2024.12.26	02:01:51.515	1.25441				2
2024.12.26	02:01:51.822	1.25440				2
2024.12.26	02:01:52.130	1.25441				2
2024.12.26	02:02:00.096	1.25441				2
2024.12.26	02:02:07.463		1.25449			4
2024.12.26	02:02:31.200		1.25448			4
2024.12.26	02:02:31.503	1.25460	1.25461			6
2024.12.26	02:02:31.808	1.25461	1.25462			6
2024.12.26	02:02:32.118	1.25462	1.25468			6
2024.12.26	02:02:32.725		1.25467			4
2024.12.26	02:02:33.029	1.25460	1.25466			6
2024.12.26	02:02:34.581	1.25459	1.25464			6
2024.12.26	02:02:41.353	1.25460	1.25465			6
2024.12.26	02:02:41.668	1.25459	1.25467			6
2024.12.26	02:02:46.594	1.25460	1.25466			6
2024.12.26	02:02:47.512	1.25458	1.25467			6
2024.12.26	02:02:50.261	1.25459	1.25468			6
2024.12.26	02:02:53.644	1.25460	1.25465			6
2024.12.26	02:03:00.120	1.25460				2
2024.12.26	02:03:00.426	1.25452	1.25458			6
2024.12.26	02:03:00.730	1.25451	1.25455			6
2024.12.26	02:03:02.566		1.25458			4
2024.12.26	02:03:16.128	1.25453	1.25459			6
2024.12.26	02:03:24.132		1.25458			4
2024.12.26	02:03:31.504		1.25459			4
2024.12.26	02:03:32.426		1.25458			4
2024.12.26	02:03:36.099	1.25451	1.25455			6
2024.12.26	02:03:37.021	1.25453				2
2024.12.26	02:03:40.700		1.25458			4
2024.12.26	02:03:54.868	1.25452				2
2024.12.26	02:03:55.181		1.25457			4
2024.12.26	02:04:00.084	1.25452				2
2024.12.26	02:04:00.390	1.25450	1.25455			6
2024.12.26	02:04:16.728	1.25453	1.25457			6
2024.12.26	02:04:18.576	1.25452				2
2024.12.26	02:04:23.817	1.25448	1.25458			6
2024.12.26	02:04:25.976	1.25452				2
2024.12.26	02:04:28.132		1.25457			4
2024.12.26	02:04:35.326	1.25451				2
2024.12.26	02:04:35.636		1.25458			4
2024.12.26	02:04:46.735		1.25457			4
2024.12.26	02:04:50.440	1.25450				2
2024.12.26	02:04:54.453	1.25449	1.25455			6
2024.12.26	02:04:57.843	1.25445	1.25453			6
2024.12.26	02:04:58.145	1.25444				2
2024.12.26	02:04:59.695	1.25443	1.25452			6
2024.12.26	02:05:00.003	1.25444				2
2024.12.26	02:05:02.165		1.25451			4
2024.12.26	02:05:02.778		1.25452			4
2024.12.26	02:05:03.086	1.25443	1.25451			6
2024.12.26	02:05:13.539	1.25441	1.25449			6
2024.12.26	02:05:14.153		1.25450			4
2024.12.26	02:05:15.074		1.25449			4
2024.12.26	02:05:15.381		1.25450			4
2024.12.26	02:05:18.147		1.25449			4
2024.12.26	02:05:26.119	1.25443				2
2024.12.26	02:05:26.730	1.25441				2
2024.12.26	02:05:29.185	1.25442				2
2024.12.26	02:05:31.021	1.25444				2
2024.12.26	02:05:31.326	1.25441				2
2024.12.26	02:05:31.628	1.25445				2
2024.12.26	02:05:31.940	1.25443				2
2024.12.26	02:05:32.242	1.25441				2
2024.12.26	02:05:36.257	1.25443				2
2024.12.26	02:05:37.182	1.25441				2
2024.12.26	02:05:37.799	1.25443				2
2024.12.26	02:05:38.719	1.25442	1.25447			6
2024.12.26	02:05:39.025	1.25439	1.25446			6
2024.12.26	02:05:39.337	1.25438	1.25447			6
2024.12.26	02:05:45.158		1.25446			4
2024.12.26	02:05:56.214	1.25439				2
2024.12.26	02:05:56.521	1.25440	1.25447			6
2024.12.26	02:05:57.136	1.25439				2
2024.12.26	02:05:59.295	1.25440				2
2024.12.26	02:06:00.214	1.25440				2
2024.12.26	02:06:02.984	1.25442	1.25448			6
2024.12.26	02:06:04.510		1.25449			4
2024.12.26	02:06:05.432	1.25441	1.25448			6
2024.12.26	02:06:09.445	1.25442	1.25449			6
2024.12.26	02:06:10.668	1.25441	1.25448			6
2024.12.26	02:06:16.541	1.25440	1.25447			6
2024.12.26	02:06:16.845	1.25443	1.25449			6
2024.12.26	02:06:23.618	1.25442	1.25448			6
2024.12.26	02:06:29.434	1.25441	1.25447			6
2024.12.26	02:06:29.741	1.25442	1.25448			6
2024.12.26	02:06:32.177	1.25441	1.25447			6
2024.12.26	02:06:32.784	1.25442				2
2024.12.26	02:06:36.772		1.25448			4
2024.12.26	02:06:38.925	1.25444	1.25450			6
2024.12.26	02:06:51.180	1.25445				2
2024.12.26	02:06:58.849		1.25449			4
2024.12.26	02:07:00.074	1.25445				2
2024.12.26	02:07:01.295	1.25450	1.25455			6
2024.12.26	02:07:02.215		1.25456			4
2024.12.26	02:07:15.143	1.25448	1.25454			6
2024.12.26	02:07:15.451	1.25447	1.25453			6
2024.12.26	02:07:16.373	1.25449	1.25455			6
2024.12.26	02:07:17.298	1.25448	1.25453			6
2024.12.26	02:07:17.613	1.25445	1.25451			6
2024.12.26	02:07:24.994	1.25444	1.25450			6
2024.12.26	02:07:25.300	1.25442	1.25448			6
2024.12.26	02:07:25.608	1.25441	1.25447			6
2024.12.26	02:07:25.918	1.25439	1.25445			6
2024.12.26	02:07:26.224	1.25441	1.25447			6
2024.12.26	02:07:27.148	1.25442	1.25448			6
2024.12.26	02:07:31.755	1.25436	1.25442			6
2024.12.26	02:07:33.593	1.25432	1.25440			6
2024.12.26	02:07:33.902	1.25430				2
2024.12.26	02:07:34.208	1.25433	1.25443			6
2024.12.26	02:07:34.519		1.25442			4
2024.12.26	02:07:39.442	1.25434	1.25443			6
2024.12.26	02:07:40.055	1.25432	1.25441			6
2024.12.26	02:07:40.363		1.25440			4
2024.12.26	02:07:40.670		1.25442			4
2024.12.26	02:07:40.980		1.25440			4
2024.12.26	02:07:41.602		1.25441			4
2024.12.26	02:07:41.907		1.25442			4
2024.12.26	02:07:42.216		1.25441			4
2024.12.26	02:07:43.141		1.25440			4
2024.12.26	02:07:43.446	1.25433				2
2024.12.26	02:07:43.754		1.25441			4
2024.12.26	02:07:44.678	1.25432	1.25440			6
2024.12.26	02:07:44.991		1.25441			4
2024.12.26	02:07:46.834		1.25440			4
2024.12.26	02:07:47.143		1.25441			4
2024.12.26	02:07:48.375		1.25440			4
2024.12.26	02:07:48.687		1.25441			4
2024.12.26	02:07:49.300		1.25442			4
2024.12.26	02:07:49.603		1.25441			4
2024.12.26	02:07:51.460		1.25440			4
2024.12.26	02:07:51.766		1.25441			4
2024.12.26	02:07:52.072		1.25439			4
2024.12.26	02:07:52.687		1.25441			4
2024.12.26	02:07:53.301	1.25433	1.25440			6
2024.12.26	02:07:53.616	1.25434	1.25441			6
2024.12.26	02:08:00.089	1.25434				2
2024.12.26	02:08:04.093	1.25433				2
2024.12.26	02:08:04.708	1.25434				2
2024.12.26	02:08:09.002	1.25433				2
2024.12.26	02:08:09.610		1.25440			4
2024.12.26	02:08:10.226	1.25432	1.25441			6
2024.12.26	02:08:11.452		1.25440			4
2024.12.26	02:08:15.441		1.25439			4
2024.12.26	02:08:16.666		1.25440			4
2024.12.26	02:08:17.890		1.25439			4
2024.12.26	02:08:24.017	1.25431	1.25437			6
2024.12.26	02:08:24.326		1.25438			4
2024.12.26	02:08:24.630		1.25437			4
2024.12.26	02:08:25.848	1.25428				2
2024.12.26	02:08:29.841		1.25436			4
2024.12.26	02:08:30.144		1.25437			4
2024.12.26	02:08:32.286		1.25436			4
2024.12.26	02:08:32.597		1.25437			4
2024.12.26	02:08:33.215		1.25436			4
2024.12.26	02:08:33.520		1.25437			4
2024.12.26	02:08:34.140		1.25435			4
2024.12.26	02:08:35.681		1.25436			4
2024.12.26	02:08:38.461		1.25435			4
2024.12.26	02:08:38.768		1.25436			4
2024.12.26	02:08:39.395		1.25435			4
2024.12.26	02:08:40.333	1.25429				2
2024.12.26	02:08:40.640		1.25436			4
2024.12.26	02:08:41.271		1.25435			4
2024.12.26	02:08:42.506		1.25436			4
2024.12.26	02:08:46.512	1.25428	1.25435			6
2024.12.26	02:08:46.823		1.25436			4
2024.12.26	02:08:49.910	1.25427	1.25434			6
2024.12.26	02:08:50.221		1.25433			4
2024.12.26	02:08:51.150		1.25435			4
2024.12.26	02:08:59.467	1.25428	1.25436			6
2024.12.26	02:08:59.774		1.25435			4
2024.12.26	02:09:00.083	1.25428				2
2024.12.26	02:09:00.701	1.25426	1.25433			6
2024.12.26	02:09:03.181		1.25434			4
2024.12.26	02:09:05.339	1.25427	1.25435			6
2024.12.26	02:09:05.649		1.25434			4
2024.12.26	02:09:13.337		1.25435			4
2024.12.26	02:09:15.170	1.25428				2
2024.12.26	02:09:19.756		1.25433			4
2024.12.26	02:09:20.061		1.25435			4
2024.12.26	02:09:20.369	1.25427	1.25434			6
2024.12.26	02:09:22.217	1.25425	1.25432			6
2024.12.26	02:09:22.526	1.25426				2
2024.12.26	02:09:22.834	1.25427				2
2024.12.26	02:09:25.304		1.25433			4
2024.12.26	02:09:27.765	1.25426	1.25432			6
2024.12.26	02:09:28.067	1.25425	1.25431			6
2024.12.26	02:09:29.302	1.25426	1.25432			6
2024.12.26	02:09:30.222	1.25425	1.25431			6
2024.12.26	02:09:30.526		1.25432			4
2024.12.26	02:09:33.608	1.25426				2
2024.12.26	02:09:34.217		1.25433			4
2024.12.26	02:09:38.505	1.25427	1.25434			6
2024.12.26	02:09:38.814	1.25428	1.25435			6
2024.12.26	02:09:39.114	1.25427				2
2024.12.26	02:09:40.341		1.25434			4
2024.12.26	02:09:40.649		1.25433			4
2024.12.26	02:09:44.016	1.25426	1.25432			6
2024.12.26	02:09:44.325		1.25433			4
2024.12.26	02:09:47.392	1.25427				2
2024.12.26	02:09:48.932	1.25426				2
2024.12.26	02:09:57.197	1.25423	1.25429			6
2024.12.26	02:09:58.117	1.25422				2
2024.12.26	02:10:00.264	1.25422				2
2024.12.26	02:10:04.555	1.25423				2
2024.12.26	02:10:08.231	1.25422				2
2024.12.26	02:10:10.382	1.25423				2
2024.12.26	02:10:25.694	1.25422	1.25428			6
2024.12.26	02:10:28.140	1.25423				2
2024.12.26	02:10:39.139		1.25427			4
2024.12.26	02:10:40.666	1.25424	1.25428			6
2024.12.26	02:10:41.583	1.25423	1.25427			6
2024.12.26	02:10:43.425	1.25424	1.25428			6
2024.12.26	02:10:44.337		1.25429			4
2024.12.26	02:10:45.245	1.25423	1.25428			6
2024.12.26	02:10:48.927	1.25424	1.25429			6
2024.12.26	02:10:51.380		1.25428			4
2024.12.26	02:10:52.606	1.25423	1.25427			6
2024.12.26	02:10:56.890		1.25426			4
2024.12.26	02:10:57.503		1.25425			4
2024.12.26	02:10:59.341	1.25422				2
2024.12.26	02:10:59.646		1.25424			4
2024.12.26	02:11:00.275	1.25422				2
2024.12.26	02:11:00.580	1.25423	1.25425			6
2024.12.26	02:11:01.491	1.25422				2
2024.12.26	02:11:01.801		1.25424			4
2024.12.26	02:11:02.107		1.25426			4
2024.12.26	02:11:02.409	1.25421	1.25425			6
2024.12.26	02:11:02.721	1.25422	1.25426			6
2024.12.26	02:11:03.643	1.25423	1.25427			6
2024.12.26	02:11:04.257		1.25426			4
2024.12.26	02:11:04.561		1.25427			4
2024.12.26	02:11:04.863	1.25424	1.25428			6
2024.12.26	02:11:05.802	1.25425				2
2024.12.26	02:11:06.107		1.25427			4
2024.12.26	02:11:06.411		1.25428			4
2024.12.26	02:11:07.035		1.25430			4
2024.12.26	02:11:07.646	1.25426				2
2024.12.26	02:11:08.260	1.25425				2
2024.12.26	02:11:10.109	1.25426				2
2024.12.26	02:11:10.421		1.25431			4
2024.12.26	02:11:10.726	1.25427	1.25432			6
2024.12.26	02:11:11.348	1.25426				2
2024.12.26	02:11:13.194	1.25427				2
2024.12.26	02:11:19.054	1.25425	1.25430			6
2024.12.26	02:11:19.364	1.25424	1.25429			6
2024.12.26	02:11:19.668	1.25425	1.25430			6
2024.12.26	02:11:20.291	1.25424				2
2024.12.26	02:11:21.517		1.25428			4
2024.12.26	02:11:22.750		1.25427			4
2024.12.26	02:11:26.140		1.25430			4
2024.12.26	02:11:30.455		1.25429			4
2024.12.26	02:11:31.385	1.25425				2
2024.12.26	02:11:33.542	1.25424				2
2024.12.26	02:11:33.853	1.25425				2
2024.12.26	02:11:34.470	1.25424				2
2024.12.26	02:11:34.777	1.25425				2
2024.12.26	02:11:36.000	1.25424				2
2024.12.26	02:11:36.314	1.25423				2
2024.12.26	02:11:36.923	1.25425	1.25431			6
2024.12.26	02:11:38.159		1.25430			4
2024.12.26	02:11:38.473	1.25424				2
2024.12.26	02:11:38.781	1.25425				2
2024.12.26	02:11:39.700	1.25424				2
2024.12.26	02:11:40.011	1.25425				2
2024.12.26	02:11:40.318		1.25431			4
2024.12.26	02:11:40.632	1.25424	1.25430			6
2024.12.26	02:11:40.933	1.25425	1.25431			6
2024.12.26	02:11:41.234	1.25424	1.25430			6
2024.12.26	02:11:44.322	1.25423	1.25429			6
2024.12.26	02:11:44.624	1.25424	1.25430			6
2024.12.26	02:11:50.125	1.25425				2
2024.12.26	02:12:00.000	1.25425				2
2024.12.26	02:12:00.303	1.25428	1.25433			6
2024.12.26	02:12:01.228	1.25427				2
2024.12.26	02:12:10.487	1.25426	1.25432			6
2024.12.26	02:12:18.236	1.25427				2
2024.12.26	02:12:20.389	1.25428	1.25433			6
2024.12.26	02:12:23.457	1.25427	1.25432			6
2024.12.26	02:12:24.993	1.25428	1.25433			6
2024.12.26	02:12:27.449	1.25427	1.25432			6
2024.12.26	02:12:37.246	1.25428	1.25433			6
2024.12.26	02:12:39.692	1.25426	1.25431			6
2024.12.26	02:12:41.221		1.25432			4
2024.12.26	02:12:43.095	1.25427				2
2024.12.26	02:12:48.909	1.25426	1.25431			6
2024.12.26	02:12:49.217	1.25427	1.25432			6
2024.12.26	02:12:52.278	1.25426	1.25431			6
2024.12.26	02:12:55.335		1.25430			4
2024.12.26	02:13:00.230	1.25426				2
2024.12.26	02:13:03.594	1.25427	1.25431			6
2024.12.26	02:13:10.931	1.25428	1.25432			6
2024.12.26	02:13:18.280	1.25429				2
2024.12.26	02:13:26.540	1.25428	1.25431			6
2024.12.26	02:13:37.231	1.25429	1.25432			6
2024.12.26	02:13:42.445	1.25428	1.25431			6
2024.12.26	02:13:43.362	1.25427				2
2024.12.26	02:13:46.116	1.25428				2
2024.12.26	02:13:55.292	1.25429	1.25432			6
2024.12.26	02:14:00.186	1.25429				2
2024.12.26	02:14:01.105	1.25428	1.25431			6
2024.12.26	02:14:01.410	1.25429	1.25432			6
2024.12.26	02:14:03.249	1.25428				2
2024.12.26	02:14:05.382	1.25427	1.25431			6
2024.12.26	02:14:11.202	1.25428	1.25432			6
2024.12.26	02:14:13.966	1.25427	1.25431			6
2024.12.26	02:14:14.890		1.25430			4
2024.12.26	02:14:21.636	1.25428	1.25432			6
2024.12.26	02:14:21.941	1.25427	1.25431			6
2024.12.26	02:14:22.243		1.25432			4
2024.12.26	02:14:25.295		1.25431			4
2024.12.26	02:14:28.656	1.25428	1.25432			6
2024.12.26	02:14:30.507	1.25427	1.25431			6
2024.12.26	02:14:31.121	1.25428	1.25432			6
2024.12.26	02:14:32.042	1.25427	1.25431			6
2024.12.26	02:14:36.990	1.25428				2
2024.12.26	02:14:46.883	1.25432	1.25433			6
2024.12.26	02:14:47.196	1.25429	1.25432			6
2024.12.26	02:14:52.121	1.25431				2
2024.12.26	02:14:53.035	1.25429				2
2024.12.26	02:14:56.412		1.25431			4
2024.12.26	02:14:57.936	1.25430				2
2024.12.26	02:14:59.763	1.25428	1.25429			6
2024.12.26	02:15:00.074	1.25428				2
2024.12.26	02:15:06.210	1.25425	1.25428			6
2024.12.26	02:15:10.206	1.25426				2
2024.12.26	02:15:10.515	1.25427	1.25429			6
2024.12.26	02:15:10.823	1.25428				2
2024.12.26	02:15:11.131	1.25427				2
2024.12.26	02:15:12.977	1.25425				2
2024.12.26	02:15:13.284	1.25423	1.25428			6
2024.12.26	02:15:13.592	1.25424				2
2024.12.26	02:15:14.210	1.25422				2
2024.12.26	02:15:14.512		1.25426			4
2024.12.26	02:15:16.364	1.25423				2
2024.12.26	02:15:19.748		1.25428			4
2024.12.26	02:15:25.280	1.25424	1.25429			6
2024.12.26	02:15:29.879		1.25428			4
2024.12.26	02:15:34.449		1.25429			4
2024.12.26	02:15:35.369	1.25423	1.25428			6
2024.12.26	02:15:37.214		1.25429			4
2024.12.26	02:15:37.523	1.25424				2
2024.12.26	02:15:41.518	1.25422	1.25428			6
2024.12.26	02:15:43.358	1.25423				2
2024.12.26	02:15:49.191	1.25424	1.25430			6
2024.12.26	02:15:49.802		1.25429			4
2024.12.26	02:15:52.569	1.25425				2
2024.12.26	02:15:54.720		1.25430			4
2024.12.26	02:16:00.255	1.25424	1.25429			6
2024.12.26	02:16:00.559	1.25423				2
2024.12.26	02:16:07.010	1.25425				2
2024.12.26	02:16:08.238	1.25424				2
2024.12.26	02:16:13.173	1.25423				2
2024.12.26	02:16:23.592		1.25428			4
2024.12.26	02:16:27.275	1.25424				2
2024.12.26	02:16:43.619	1.25422	1.25426			6
2024.12.26	02:16:48.232	1.25421				2
2024.12.26	02:16:48.543	1.25422				2
2024.12.26	02:16:51.000	1.25421				2
2024.12.26	02:16:51.619	1.25422				2
2024.12.26	02:16:51.922	1.25421				2
2024.12.26	02:16:52.845	1.25422				2
2024.12.26	02:16:56.233	1.25421				2
2024.12.26	02:16:57.152	1.25422				2
2024.12.26	02:16:57.766	1.25421				2
2024.12.26	02:17:00.237	1.25421				2
2024.12.26	02:17:02.385	1.25422				2
2024.12.26	02:17:10.371	1.25423				2
2024.12.26	02:17:13.137	1.25424	1.25428			6
2024.12.26	02:17:13.439	1.25425				2
2024.12.26	02:17:14.352	1.25424				2
2024.12.26	02:17:15.600	1.25423				2
2024.12.26	02:17:18.061	1.25424				2
2024.12.26	02:17:18.369	1.25423				2
2024.12.26	02:17:21.128	1.25424				2
2024.12.26	02:17:23.901	1.25423				2
2024.12.26	02:17:30.979	1.25424				2
2024.12.26	02:17:35.281	1.25425				2
2024.12.26	02:17:37.115	1.25424				2
2024.12.26	02:17:37.723	1.25423				2
2024.12.26	02:17:38.029	1.25424	1.25427			6
2024.12.26	02:17:39.864		1.25426			4
2024.12.26	02:17:40.172	1.25423				2
2024.12.26	02:17:40.786	1.25424				2
2024.12.26	02:17:42.314	1.25423				2
2024.12.26	02:17:42.621		1.25427			4
2024.12.26	02:17:48.155	1.25424				2
2024.12.26	02:17:59.515	1.25423				2
2024.12.26	02:18:00.138	1.25423				2
2024.12.26	02:18:00.441	1.25424				2
2024.12.26	02:18:06.277	1.25423	1.25426			6
2024.12.26	02:18:14.256	1.25424				2
2024.12.26	02:18:14.862	1.25421	1.25425			6
2024.12.26	02:18:15.166	1.25423	1.25427			6
2024.12.26	02:18:24.658	1.25421	1.25424			6
2024.12.26	02:18:24.960	1.25422				2
2024.12.26	02:18:25.884		1.25426			4
2024.12.26	02:18:28.338	1.25423				2
2024.12.26	02:18:29.247	1.25422	1.25427			6
2024.12.26	02:18:30.166	1.25423				2
2024.12.26	02:18:32.312	1.25422				2
2024.12.26	02:18:33.228		1.25426			4
2024.12.26	02:18:34.147	1.25421				2
2024.12.26	02:18:34.448	1.25422				2
2024.12.26	02:18:35.361	1.25420	1.25425			6
2024.12.26	02:18:37.827	1.25421				2
2024.12.26	02:18:38.744	1.25420				2
2024.12.26	02:18:39.056		1.25426			4
2024.12.26	02:18:40.899	1.25421				2
2024.12.26	02:18:41.508		1.25427			4
2024.12.26	02:18:41.821	1.25422				2
2024.12.26	02:18:51.025	1.25421				2
2024.12.26	02:18:51.335	1.25422				2
2024.12.26	02:18:51.945	1.25423				2
2024.12.26	02:18:55.634	1.25422				2
2024.12.26	02:18:55.940	1.25423				2
2024.12.26	02:18:57.770		1.25429			4
2024.12.26	02:19:00.234	1.25423				2
2024.12.26	02:19:03.926	1.25422	1.25426			6
2024.12.26	02:19:12.238	1.25423	1.25428			6
2024.12.26	02:19:25.157	1.25424				2
2024.12.26	02:19:42.324	1.25422	1.25426			6
2024.12.26	02:19:42.944	1.25421				2
2024.12.26	02:19:43.248	1.25420				2
2024.12.26	02:19:50.907	1.25421				2
2024.12.26	02:19:51.521	1.25420				2
2024.12.26	02:19:51.828	1.25421				2
2024.12.26	02:19:55.821	1.25420	1.25425			6
2024.12.26	02:19:59.819		1.25426			4
2024.12.26	02:20:00.128	1.25422				2
2024.12.26	02:20:00.740		1.25427			4
2024.12.26	02:20:01.368	1.25421				2
2024.12.26	02:20:03.821	1.25419	1.25424			6
2024.12.26	02:20:06.279	1.25421	1.25426			6
2024.12.26	02:20:10.580	1.25419	1.25425			6
2024.12.26	02:20:11.502	1.25421	1.25426			6
2024.12.26	02:20:12.123	1.25420				2
2024.12.26	02:20:31.482	1.25421	1.25427			6
2024.12.26	02:20:41.632	1.25420	1.25425			6
2024.12.26	02:21:00.052	1.25420				2
2024.12.26	02:21:09.257		1.25426			4
2024.12.26	02:21:12.640	1.25419	1.25425			6
2024.12.26	02:21:22.501	1.25420				2
2024.12.26	02:21:26.506		1.25426			4
2024.12.26	02:21:31.132	1.25421				2
2024.12.26	02:21:31.747		1.25427			4
2024.12.26	02:21:35.447	1.25418	1.25424			6
2024.12.26	02:21:41.606	1.25419				2
2024.12.26	02:21:42.215	1.25418				2
2024.12.26	02:21:42.527	1.25419				2
2024.12.26	02:21:43.755	1.25418				2
2024.12.26	02:21:45.304	1.25419				2
2024.12.26	02:21:46.222	1.25418				2
2024.12.26	02:21:52.071	1.25419				2
2024.12.26	02:21:52.378	1.25418				2
2024.12.26	02:21:55.457	1.25419				2
2024.12.26	02:22:00.075	1.25419				2
2024.12.26	02:22:02.539	1.25420				2
2024.12.26	02:22:10.300	1.25418				2
2024.12.26	02:22:11.527	1.25420				2
2024.12.26	02:22:11.838	1.25419				2
2024.12.26	02:22:12.142	1.25418				2
2024.12.26	02:22:13.674	1.25409	1.25415			6
2024.12.26	02:22:13.980	1.25408	1.25414			6
2024.12.26	02:22:16.435	1.25407	1.25413			6
2024.12.26	02:22:21.929	1.25408	1.25414			6
2024.12.26	02:22:28.688	1.25407				2
2024.12.26	02:22:33.594	1.25409	1.25415			6
2024.12.26	02:22:35.429	1.25407	1.25413			6
2024.12.26	02:22:43.405		1.25412			4
2024.12.26	02:22:49.530		1.25413			4
2024.12.26	02:22:53.220	1.25406	1.25412			6
2024.12.26	02:22:55.690	1.25407	1.25413			6
2024.12.26	02:22:59.075	1.25406	1.25412			6
2024.12.26	02:23:00.303	1.25406				2
2024.12.26	02:23:07.697	1.25407	1.25413			6
2024.12.26	02:23:08.927	1.25408	1.25414			6
2024.12.26	02:23:09.544	1.25407	1.25413			6
2024.12.26	02:23:11.387	1.25406	1.25411			6
2024.12.26	02:23:11.688		1.25412			4
2024.12.26	02:23:20.628	1.25403	1.25409			6
2024.12.26	02:23:20.935	1.25398	1.25404			6
2024.12.26	02:23:21.541	1.25400	1.25406			6
2024.12.26	02:23:28.582	1.25401	1.25407			6
2024.12.26	02:23:28.896	1.25404	1.25409			6
2024.12.26	02:23:29.506	1.25401	1.25407			6
2024.12.26	02:23:31.661	1.25398	1.25404			6
2024.12.26	02:23:32.577	1.25400	1.25406			6
2024.12.26	02:23:32.886	1.25399	1.25405			6
2024.12.26	02:23:51.923	1.25400	1.25406			6
2024.12.26	02:24:00.241	1.25400				2
2024.12.26	02:24:02.076	1.25401	1.25407			6
2024.12.26	02:24:22.971	1.25402	1.25408			6
2024.12.26	02:24:27.614	1.25403				2
2024.12.26	02:24:30.391		1.25409			4
2024.12.26	02:24:39.035	1.25404	1.25410			6
2024.12.26	02:24:42.127	1.25406	1.25412			6
2024.12.26	02:24:45.833	1.25408	1.25414			6
2024.12.26	02:24:58.144	1.25410	1.25416			6
2024.12.26	02:25:00.306	1.25410				2
2024.12.26	02:25:09.857	1.25408	1.25414			6
2024.12.26	02:25:25.544	1.25411	1.25417			6
2024.12.26	02:25:26.777	1.25410	1.25416			6
2024.12.26	02:25:38.155	1.25409	1.25414			6
2024.12.26	02:25:38.462		1.25415			4
2024.12.26	02:25:38.771		1.25414			4
2024.12.26	02:25:41.540	1.25408	1.25413			6
2024.12.26	02:25:41.853	1.25407				2
2024.12.26	02:25:42.160	1.25408				2
2024.12.26	02:25:42.466	1.25407				2
2024.12.26	02:25:44.004	1.25408				2
2024.12.26	02:25:44.313	1.25407				2
2024.12.26	02:25:44.931	1.25408				2
2024.12.26	02:25:45.237	1.25407				2
2024.12.26	02:25:48.025	1.25408				2
2024.12.26	02:25:48.331	1.25407				2
2024.12.26	02:25:48.943	1.25408	1.25414			6
2024.12.26	02:25:49.557	1.25410	1.25416			6
2024.12.26	02:25:53.550	1.25408	1.25414			6
2024.12.26	02:25:55.989	1.25409	1.25415			6
2024.12.26	02:26:00.279	1.25411	1.25417			6
2024.12.26	02:26:03.350		1.25416			4
2024.12.26	02:26:10.070	1.25413	1.25419			6
2024.12.26	02:26:10.379	1.25412	1.25417			6
2024.12.26	02:26:10.991	1.25413	1.25419			6
2024.12.26	02:26:11.602	1.25415	1.25421			6
2024.12.26	02:26:22.381	1.25416				2
2024.12.26	02:26:22.690		1.25422			4
2024.12.26	02:26:23.615	1.25414	1.25420			6
2024.12.26	02:26:29.148	1.25413	1.25419			6
2024.12.26	02:26:40.220	1.25414				2
2024.12.26	02:26:42.051	1.25413				2
2024.12.26	02:26:49.097	1.25415	1.25420			6
2024.12.26	02:26:52.758	1.25413	1.25419			6
2024.12.26	02:26:58.261	1.25414				2
2024.12.26	02:27:00.094	1.25414				2
2024.12.26	02:27:01.922	1.25412	1.25415			6
2024.12.26	02:27:04.367	1.25411				2
2024.12.26	02:27:10.183	1.25412	1.25418			6
2024.12.26	02:27:12.016		1.25417			4
2024.12.26	02:27:12.634		1.25418			4
2024.12.26	02:27:15.096		1.25417			4
2024.12.26	02:27:20.937		1.25416			4
2024.12.26	02:27:23.086		1.25418			4
2024.12.26	02:27:25.221		1.25417			4
2024.12.26	02:27:32.863	1.25413				2
2024.12.26	02:27:33.479	1.25412	1.25416			6
2024.12.26	02:27:40.520	1.25413	1.25417			6
2024.12.26	02:27:42.044	1.25412	1.25415			6
2024.12.26	02:28:00.096	1.25412				2
2024.12.26	02:28:05.281		1.25414			4
2024.12.26	02:28:06.196		1.25415			4
2024.12.26	02:28:07.116	1.25413				2
2024.12.26	02:28:11.082		1.25414			4
2024.12.26	02:28:12.906		1.25415			4
2024.12.26	02:28:22.367		1.25414			4
2024.12.26	02:28:29.104	1.25411				2
2024.12.26	02:28:42.231	1.25409	1.25412			6
2024.12.26	02:28:42.537	1.25408	1.25411			6
2024.12.26	02:28:42.837	1.25405	1.25408			6
2024.12.26	02:28:43.145	1.25404	1.25406			6
2024.12.26	02:28:44.373		1.25408			4
2024.12.26	02:28:48.692	1.25405				2
2024.12.26	02:28:49.915	1.25406	1.25411			6
2024.12.26	02:28:52.373	1.25405				2
2024.12.26	02:28:52.684		1.25410			4
2024.12.26	02:28:56.680	1.25406	1.25411			6
2024.12.26	02:28:56.988		1.25410			4
2024.12.26	02:28:57.296		1.25411			4
2024.12.26	02:29:00.065	1.25406				2
2024.12.26	02:29:07.152	1.25405				2
2024.12.26	02:29:10.228		1.25410			4
2024.12.26	02:29:10.532		1.25411			4
2024.12.26	02:29:13.615	1.25404				2
2024.12.26	02:29:18.206	1.25403	1.25410			6
2024.12.26	02:29:24.052	1.25404	1.25411			6
2024.12.26	02:29:51.358	1.25403				2
2024.12.26	02:29:51.661		1.25412			4
2024.12.26	02:29:51.962	1.25404				2
2024.12.26	02:29:52.285		1.25413			4
2024.12.26	02:29:56.287	1.25399	1.25407			6
2024.12.26	02:29:56.596	1.25395	1.25404			6
2024.12.26	02:29:57.528		1.25405			4
2024.12.26	02:29:58.448	1.25394	1.25404			6
2024.12.26	02:29:58.751	1.25395				2
2024.12.26	02:29:59.366	1.25396	1.25406			6
2024.12.26	02:29:59.981	1.25397	1.25407			6
2024.12.26	02:30:00.289	1.25397				2
2024.12.26	02:30:00.598		1.25406			4
2024.12.26	02:30:01.219	1.25395	1.25405			6
2024.12.26	02:30:01.832	1.25396	1.25406			6
2024.12.26	02:30:02.137	1.25397	1.25405			6
2024.12.26	02:30:02.447	1.25395				2
2024.12.26	02:30:02.755	1.25397	1.25406			6
2024.12.26	02:30:03.057	1.25396				2
2024.12.26	02:30:03.370	1.25395	1.25405			6
2024.12.26	02:30:03.983	1.25396				2
2024.12.26	02:30:04.290	1.25395				2
2024.12.26	02:30:04.901	1.25396				2
2024.12.26	02:30:05.821	1.25397	1.25406			6
2024.12.26	02:30:06.133	1.25396				2
2024.12.26	02:30:06.438	1.25395	1.25405			6
2024.12.26	02:30:07.048	1.25396				2
2024.12.26	02:30:07.353		1.25406			4
2024.12.26	02:30:07.663		1.25405			4
2024.12.26	02:30:07.970		1.25406			4
2024.12.26	02:30:08.590		1.25405			4
2024.12.26	02:30:09.209		1.25406			4
2024.12.26	02:30:09.511		1.25405			4
2024.12.26	02:30:09.818		1.25406			4
2024.12.26	02:30:10.743	1.25397				2
2024.12.26	02:30:11.045	1.25396	1.25405			6
2024.12.26	02:30:11.359	1.25397	1.25406			6
2024.12.26	02:30:11.670	1.25396	1.25405			6
2024.12.26	02:30:13.510		1.25406			4
2024.12.26	02:30:13.811		1.25405			4
2024.12.26	02:30:14.431	1.25397	1.25406			6
2024.12.26	02:30:14.737	1.25396	1.25405			6
2024.12.26	02:30:15.972	1.25397	1.25406			6
2024.12.26	02:30:16.587		1.25407			4
2024.12.26	02:30:19.661	1.25399	1.25408			6
2024.12.26	02:30:19.972		1.25409			4
2024.12.26	02:30:26.732	1.25398	1.25408			6
2024.12.26	02:30:27.039	1.25396	1.25405			6
2024.12.26	02:30:28.888	1.25397				2
2024.12.26	02:30:29.196	1.25396				2
2024.12.26	02:30:31.961	1.25397				2
2024.12.26	02:30:32.268	1.25396				2
2024.12.26	02:30:33.804	1.25397				2
2024.12.26	02:30:34.115	1.25396				2
2024.12.26	02:30:34.421	1.25397				2
2024.12.26	02:30:34.730	1.25396	1.25406			6
2024.12.26	02:30:35.041	1.25397				2
2024.12.26	02:30:35.343	1.25396				2
2024.12.26	02:30:35.650	1.25397				2
2024.12.26	02:30:36.262	1.25396				2
2024.12.26	02:30:37.185	1.25397				2
2024.12.26	02:30:37.495	1.25396				2
2024.12.26	02:30:37.797		1.25405			4
2024.12.26	02:30:38.421	1.25397				2
2024.12.26	02:30:38.733	1.25396				2
2024.12.26	02:30:39.651	1.25397				2
2024.12.26	02:30:39.955	1.25396				2
2024.12.26	02:30:40.882	1.25397				2
2024.12.26	02:30:41.193	1.25396				2
2024.12.26	02:30:41.802	1.25397				2
2024.12.26	02:30:42.109	1.25396				2
2024.12.26	02:30:42.725	1.25397				2
2024.12.26	02:30:43.032	1.25396				2
2024.12.26	02:30:44.881	1.25397				2
2024.12.26	02:30:45.186	1.25396				2
2024.12.26	02:30:47.957	1.25397				2
2024.12.26	02:30:48.266	1.25396				2
2024.12.26	02:30:53.200	1.25397				2
2024.12.26	02:30:53.500	1.25396				2
2024.12.26	02:30:53.809	1.25397				2
2024.12.26	02:30:54.731	1.25396	1.25406			6
2024.12.26	02:30:55.032	1.25397	1.25405			6
2024.12.26	02:30:55.354		1.25406			4
2024.12.26	02:30:55.959		1.25407			4
2024.12.26	02:30:56.272	1.25399	1.25409			6
2024.12.26	02:30:58.119	1.25400				2
2024.12.26	02:30:58.430	1.25399				2
2024.12.26	02:31:00.276	1.25399				2
2024.12.26	02:31:02.715	1.25400				2
2024.12.26	02:31:03.330	1.25401				2
2024.12.26	02:31:04.246	1.25400				2
2024.12.26	02:31:04.552	1.25401				2
2024.12.26	02:31:07.304	1.25400				2
2024.12.26	02:31:07.610	1.25401				2
2024.12.26	02:31:10.673	1.25400				2
2024.12.26	02:31:10.976	1.25399				2
2024.12.26	02:31:11.602	1.25400				2
2024.12.26	02:31:11.906	1.25399				2
2024.12.26	02:31:12.524	1.25400				2
2024.12.26	02:31:12.826	1.25399				2
2024.12.26	02:31:14.665	1.25400				2
2024.12.26	02:31:14.978	1.25399				2
2024.12.26	02:31:17.733	1.25400				2
2024.12.26	02:31:18.046	1.25399				2
2024.12.26	02:31:18.961	1.25400				2
2024.12.26	02:31:19.261	1.25399				2
2024.12.26	02:31:19.880	1.25400				2
2024.12.26	02:31:20.186	1.25399				2
2024.12.26	02:31:22.942	1.25400				2
2024.12.26	02:31:23.250	1.25399				2
2024.12.26	02:31:25.705	1.25400				2
2024.12.26	02:31:26.318	1.25399				2
2024.12.26	02:31:27.237	1.25400				2
2024.12.26	02:31:27.542	1.25399				2
2024.12.26	02:31:28.151	1.25400				2
2024.12.26	02:31:36.118		1.25408			4
2024.12.26	02:31:41.325	1.25401				2
2024.12.26	02:31:46.226		1.25407			4
2024.12.26	02:31:47.147	1.25403	1.25409			6
2024.12.26	02:31:48.374	1.25402	1.25410			6
2024.12.26	02:31:50.529		1.25409			4
2024.12.26	02:31:50.832	1.25401				2
2024.12.26	02:31:51.460	1.25402	1.25410			6
2024.12.26	02:31:53.306	1.25401	1.25409			6
2024.12.26	02:31:58.220	1.25403	1.25410			6
2024.12.26	02:32:00.063	1.25403				2
2024.12.26	02:32:01.589	1.25404	1.25411			6
2024.12.26	02:32:01.892	1.25403	1.25410			6
2024.12.26	02:32:04.649	1.25404	1.25411			6
2024.12.26	02:32:06.500	1.25403	1.25410			6
2024.12.26	02:32:07.114	1.25402	1.25409			6
2024.12.26	02:32:11.116		1.25408			4
2024.12.26	02:32:11.724	1.25403	1.25409			6
2024.12.26	02:32:12.028	1.25407	1.25413			6
2024.12.26	02:32:12.332	1.25406				2
2024.12.26	02:32:13.262	1.25405	1.25414			6
2024.12.26	02:32:18.181		1.25413			4
2024.12.26	02:32:20.335	1.25404	1.25412			6
2024.12.26	02:32:20.643	1.25405	1.25413			6
2024.12.26	02:32:23.108	1.25404	1.25411			6
2024.12.26	02:32:24.344	1.25402	1.25412			6
2024.12.26	02:32:26.188	1.25403				2
2024.12.26	02:32:32.668	1.25404				2
2024.12.26	02:32:33.282		1.25411			4
2024.12.26	02:32:34.518	1.25403				2
2024.12.26	02:32:38.222	1.25404				2
2024.12.26	02:32:44.387		1.25410			4
2024.12.26	02:32:45.918	1.25405	1.25411			6
2024.12.26	02:32:46.229	1.25402	1.25408			6
2024.12.26	02:32:46.532	1.25399	1.25405			6
2024.12.26	02:32:47.143	1.25398	1.25407			6
2024.12.26	02:32:48.063	1.25397				2
2024.12.26	02:32:49.604	1.25399	1.25409			6
2024.12.26	02:32:49.923	1.25400				2
2024.12.26	02:32:50.534	1.25399				2
2024.12.26	02:32:50.845	1.25400				2
2024.12.26	02:32:51.160	1.25399				2
2024.12.26	02:32:54.237	1.25400				2
2024.12.26	02:32:54.849	1.25398	1.25408			6
2024.12.26	02:32:55.472	1.25399				2
2024.12.26	02:32:56.707	1.25398	1.25407			6
2024.12.26	02:32:58.245	1.25399	1.25408			6
2024.12.26	02:33:00.098	1.25399				2
2024.12.26	02:33:09.626		1.25409			4
2024.12.26	02:33:10.861		1.25408			4
2024.12.26	02:33:11.169	1.25400				2
2024.12.26	02:33:11.470	1.25399				2
2024.12.26	02:33:13.311		1.25409			4
2024.12.26	02:33:13.934		1.25408			4
2024.12.26	02:33:14.237	1.25400				2
2024.12.26	02:33:14.543	1.25399				2
2024.12.26	02:33:14.853		1.25409			4
2024.12.26	02:33:16.389	1.25400				2
2024.12.26	02:33:16.698	1.25399				2
2024.12.26	02:33:17.918		1.25408			4
2024.12.26	02:33:18.225	1.25398				2
2024.12.26	02:33:18.533	1.25399				2
2024.12.26	02:33:19.145	1.25398				2
2024.12.26	02:33:19.448	1.25399				2
2024.12.26	02:33:21.287	1.25400	1.25409			6
2024.12.26	02:33:22.207	1.25401				2
2024.12.26	02:33:22.513	1.25400				2
2024.12.26	02:33:24.350	1.25402				2
2024.12.26	02:33:24.664	1.25400				2
2024.12.26	02:33:25.580	1.25399	1.25408			6
2024.12.26	02:33:28.641	1.25400	1.25409			6
2024.12.26	02:33:29.257		1.25410			4
2024.12.26	02:33:29.562		1.25409			4
2024.12.26	02:33:29.866		1.25410			4
2024.12.26	02:33:30.784		1.25409			4
2024.12.26	02:33:41.219		1.25408			4
2024.12.26	02:33:46.141	1.25402	1.25409			6
2024.12.26	02:33:49.502	1.25403	1.25410			6
2024.12.26	02:33:49.803	1.25406	1.25413			6
2024.12.26	02:33:50.110	1.25403				2
2024.12.26	02:33:53.814	1.25402	1.25411			6
2024.12.26	02:33:54.427		1.25412			4
2024.12.26	02:34:00.278	1.25402				2
2024.12.26	02:34:01.505		1.25411			4
2024.12.26	02:34:04.583	1.25400	1.25407			6
2024.12.26	02:34:04.884	1.25393	1.25401			6
2024.12.26	02:34:05.187	1.25394	1.25403			6
2024.12.26	02:34:05.492	1.25392	1.25401			6
2024.12.26	02:34:06.415	1.25391				2
2024.12.26	02:34:07.028	1.25392				2
2024.12.26	02:34:07.337	1.25394	1.25402			6
2024.12.26	02:34:08.259	1.25393				2
2024.12.26	02:34:09.797	1.25396	1.25405			6
2024.12.26	02:34:14.108	1.25395	1.25403			6
2024.12.26	02:34:14.421	1.25394				2
2024.12.26	02:34:14.725	1.25393				2
2024.12.26	02:34:18.422	1.25392	1.25402			6
2024.12.26	02:34:18.742	1.25393				2
2024.12.26	02:34:19.047	1.25392				2
2024.12.26	02:34:21.203	1.25391	1.25400			6
2024.12.26	02:34:21.507	1.25392				2
2024.12.26	02:34:22.740	1.25389	1.25399			6
2024.12.26	02:34:23.049	1.25387	1.25397			6
2024.12.26	02:34:23.357		1.25396			4
2024.12.26	02:34:23.974	1.25389	1.25398			6
2024.12.26	02:34:24.596	1.25386	1.25395			6
2024.12.26	02:34:25.208	1.25383	1.25392			6
2024.12.26	02:34:27.976	1.25382				2
2024.12.26	02:34:34.438		1.25391			4
2024.12.26	02:34:42.768	1.25381				2
2024.12.26	02:34:48.276	1.25382	1.25390			6
2024.12.26	02:34:48.582		1.25391			4
2024.12.26	02:34:48.884	1.25381				2
2024.12.26	02:34:51.664		1.25390			4
2024.12.26	02:34:54.430		1.25389			4
2024.12.26	02:34:56.878		1.25388			4
2024.12.26	02:34:57.181		1.25389			4
2024.12.26	02:34:59.955		1.25388			4
2024.12.26	02:35:00.263	1.25381	1.25389			6
2024.12.26	02:35:00.570	1.25380				2
2024.12.26	02:35:00.879		1.25388			4
2024.12.26	02:35:01.184	1.25377	1.25383			6
2024.12.26	02:35:01.488	1.25373	1.25381			6
2024.12.26	02:35:02.103		1.25383			4
2024.12.26	02:35:02.719	1.25376	1.25385			6
2024.12.26	02:35:03.022	1.25388	1.25395			6
2024.12.26	02:35:03.325	1.25386	1.25396			6
2024.12.26	02:35:04.260		1.25395			4
2024.12.26	02:35:05.482	1.25384	1.25393			6
2024.12.26	02:35:06.103	1.25386	1.25394			6
2024.12.26	02:35:06.407	1.25384	1.25393			6
2024.12.26	02:35:07.341		1.25394			4
2024.12.26	02:35:07.648		1.25393			4
2024.12.26	02:35:07.964		1.25394			4
2024.12.26	02:35:08.271		1.25393			4
2024.12.26	02:35:09.181	1.25386				2
2024.12.26	02:35:09.493	1.25384				2
2024.12.26	02:35:10.414		1.25394			4
2024.12.26	02:35:11.340	1.25386				2
2024.12.26	02:35:11.643	1.25384				2
2024.12.26	02:35:13.491	1.25387	1.25396			6
2024.12.26	02:35:13.801		1.25395			4
2024.12.26	02:35:15.650	1.25390	1.25399			6
2024.12.26	02:35:17.496	1.25389				2
2024.12.26	02:35:19.340	1.25391				2
2024.12.26	02:35:19.648	1.25390				2
2024.12.26	02:35:19.954	1.25391				2
2024.12.26	02:35:20.264	1.25393	1.25402			6
2024.12.26	02:35:20.572		1.25403			4
2024.12.26	02:35:22.112	1.25392	1.25400			6
2024.12.26	02:35:23.038	1.25393				2
2024.12.26	02:35:27.965	1.25390				2
2024.12.26	02:35:37.822		1.25399			4
2024.12.26	02:35:38.752		1.25400			4
2024.12.26	02:35:39.058		1.25399			4
2024.12.26	02:35:41.837		1.25400			4
2024.12.26	02:35:42.144		1.25399			4
2024.12.26	02:35:42.453	1.25388	1.25397			6
2024.12.26	02:35:47.999		1.25396			4
2024.12.26	02:35:59.686		1.25395			4
2024.12.26	02:36:00.294	1.25388				2
2024.12.26	02:36:03.648	1.25393	1.25397			6
2024.12.26	02:36:03.950	1.25396	1.25405			6
2024.12.26	02:36:04.563	1.25395	1.25404			6
2024.12.26	02:36:04.865	1.25396	1.25405			6
2024.12.26	02:36:07.015	1.25397				2
2024.12.26	02:36:09.177	1.25396				2
2024.12.26	02:36:10.103	1.25397				2
2024.12.26	02:36:10.411	1.25396				2
2024.12.26	02:36:10.723	1.25397				2
2024.12.26	02:36:15.965	1.25396	1.25404			6
2024.12.26	02:36:16.271	1.25395				2
2024.12.26	02:36:16.579	1.25396	1.25405			6
2024.12.26	02:36:23.645	1.25395	1.25404			6
2024.12.26	02:36:23.950		1.25403			4
2024.12.26	02:36:24.255	1.25396	1.25404			6
2024.12.26	02:36:25.173	1.25392	1.25400			6
2024.12.26	02:36:25.781	1.25391				2
2024.12.26	02:36:27.007	1.25392	1.25401			6
2024.12.26	02:36:27.312	1.25391	1.25400			6
2024.12.26	02:36:30.394	1.25392				2
2024.12.26	02:36:31.009	1.25393				2
2024.12.26	02:36:36.230		1.25401			4
2024.12.26	02:36:36.541	1.25392	1.25400			6
2024.12.26	02:36:37.772		1.25399			4
2024.12.26	02:36:38.077	1.25393	1.25400			6
2024.12.26	02:36:38.686	1.25390	1.25399			6
2024.12.26	02:36:45.131		1.25400			4
2024.12.26	02:36:50.639	1.25392				2
2024.12.26	02:36:51.555		1.25401			4
2024.12.26	02:36:51.861		1.25400			4
2024.12.26	02:36:55.552	1.25390	1.25399			6
2024.12.26	02:36:55.860		1.25400			4
2024.12.26	02:36:58.940		1.25399			4
2024.12.26	02:37:00.180	1.25390				2
2024.12.26	02:37:02.024	1.25391				2
2024.12.26	02:37:04.795	1.25396	1.25405			6
2024.12.26	02:37:05.109	1.25397	1.25406			6
2024.12.26	02:37:06.023	1.25399	1.25407			6
2024.12.26	02:37:07.258	1.25398	1.25405			6
2024.12.26	02:37:07.566	1.25393	1.25402			6
2024.12.26	02:37:07.874	1.25392	1.25401			6
2024.12.26	02:37:08.185	1.25393	1.25402			6
2024.12.26	02:37:08.491	1.25392	1.25400			6
2024.12.26	02:37:09.103	1.25393	1.25401			6
2024.12.26	02:37:12.499		1.25402			4
2024.12.26	02:37:13.729		1.25401			4
2024.12.26	02:37:26.363	1.25392	1.25400			6
2024.12.26	02:37:26.672	1.25393				2
2024.12.26	02:37:26.976	1.25392				2
2024.12.26	02:37:27.290	1.25393	1.25401			6
2024.12.26	02:37:32.222	1.25396	1.25402			6
2024.12.26	02:37:32.524		1.25404			4
2024.12.26	02:37:32.839		1.25405			4
2024.12.26	02:37:33.151		1.25404			4
2024.12.26	02:37:35.307	1.25394	1.25403			6
2024.12.26	02:37:35.927		1.25402			4
2024.12.26	02:37:41.469	1.25396	1.25404			6
2024.12.26	02:37:41.774		1.25405			4
2024.12.26	02:37:42.089	1.25397				2
2024.12.26	02:37:49.139	1.25396	1.25404			6
2024.12.26	02:37:49.449	1.25395	1.25405			6
2024.12.26	02:37:49.753	1.25396				2
2024.12.26	02:37:50.672		1.25404			4
2024.12.26	02:37:51.589	1.25395	1.25403			6
2024.12.26	02:37:51.892		1.25404			4
2024.12.26	02:37:52.202		1.25403			4
2024.12.26	02:37:52.503	1.25396				2
2024.12.26	02:37:53.129	1.25394	1.25404			6
2024.12.26	02:37:53.430	1.25395	1.25403			6
2024.12.26	02:37:54.349	1.25396				2
2024.12.26	02:37:54.651	1.25395				2
2024.12.26	02:37:55.567	1.25394				2
2024.12.26	02:37:56.477	1.25395				2
2024.12.26	02:37:57.398	1.25396	1.25402			6
2024.12.26	02:37:57.706	1.25395	1.25403			6
2024.12.26	02:37:58.010	1.25396				2
2024.12.26	02:37:58.314	1.25395				2
2024.12.26	02:38:00.154	1.25396				2
2024.12.26	02:38:00.762	1.25395				2
2024.12.26	02:38:01.680	1.25396	1.25404			6
2024.12.26	02:38:10.896	1.25397	1.25405			6
2024.12.26	02:38:11.203	1.25396	1.25404			6
2024.12.26	02:38:20.426		1.25405			4
2024.12.26	02:38:20.741		1.25404			4
2024.12.26	02:38:21.049	1.25397				2
2024.12.26	02:38:21.657		1.25405			4
2024.12.26	02:38:22.276		1.25404			4
2024.12.26	02:38:23.202	1.25396				2
2024.12.26	02:38:24.424	1.25397				2
2024.12.26	02:38:24.732		1.25405			4
2024.12.26	02:38:25.654	1.25396	1.25404			6
2024.12.26	02:38:28.418		1.25405			4
2024.12.26	02:38:35.195		1.25404			4
2024.12.26	02:38:35.814		1.25403			4
2024.12.26	02:38:36.728	1.25397	1.25405			6
2024.12.26	02:38:37.038		1.25404			4
2024.12.26	02:38:37.349		1.25405			4
2024.12.26	02:38:41.347		1.25404			4
2024.12.26	02:38:46.891	1.25396				2
2024.12.26	02:38:47.200		1.25403			4
2024.12.26	02:38:52.742	1.25397				2
2024.12.26	02:38:53.048	1.25396				2
2024.12.26	02:38:57.037	1.25395	1.25402			6
2024.12.26	02:38:57.950		1.25401			4
2024.12.26	02:38:58.252		1.25402			4
2024.12.26	02:39:00.090	1.25395				2
2024.12.26	02:39:01.311	1.25394	1.25401			6
2024.12.26	02:39:03.132	1.25395	1.25402			6
2024.12.26	02:39:03.440	1.25396	1.25403			6
2024.12.26	02:39:07.108	1.25397	1.25404			6
2024.12.26	02:39:07.720	1.25396	1.25403			6
2024.12.26	02:39:13.243		1.25402			4
2024.12.26	02:39:14.161	1.25397	1.25403			6
2024.12.26	02:39:15.694	1.25396	1.25402			6
2024.12.26	02:39:19.071	1.25397	1.25403			6
2024.12.26	02:39:22.748	1.25396	1.25402			6
2024.12.26	02:39:26.428		1.25401			4
2024.12.26	02:39:33.776	1.25397	1.25402			6
2024.12.26	02:39:35.912		1.25403			4
2024.12.26	02:39:36.219		1.25402			4
2024.12.26	02:39:37.135	1.25396				2
2024.12.26	02:39:39.908		1.25401			4
2024.12.26	02:39:43.883	1.25398	1.25403			6
2024.12.26	02:39:44.197	1.25396	1.25401			6
2024.12.26	02:39:44.799	1.25398	1.25403			6
2024.12.26	02:39:45.116	1.25397				2
2024.12.26	02:39:49.089	1.25398				2
2024.12.26	02:39:51.542	1.25407	1.25412			6
2024.12.26	02:39:51.840	1.25408	1.25413			6
2024.12.26	02:39:52.144	1.25406	1.25414			6
2024.12.26	02:39:53.057	1.25402	1.25409			6
2024.12.26	02:39:56.420	1.25400				2
2024.12.26	02:39:57.038	1.25399				2
2024.12.26	02:40:00.117	1.25399				2
2024.12.26	02:40:04.120	1.25400				2
2024.12.26	02:40:05.652	1.25401				2
2024.12.26	02:40:05.960	1.25400				2
2024.12.26	02:40:31.761	1.25401				2
2024.12.26	02:40:33.904	1.25400				2
2024.12.26	02:40:34.825	1.25402				2
2024.12.26	02:40:37.272	1.25400	1.25408			6
2024.12.26	02:40:37.585		1.25409			4
2024.12.26	02:40:47.141		1.25408			4
2024.12.26	02:41:00.016	1.25400				2
2024.12.26	02:41:02.461	1.25397	1.25403			6
2024.12.26	02:41:02.764	1.25399	1.25407			6
2024.12.26	02:41:04.303	1.25400	1.25408			6
2024.12.26	02:41:04.611	1.25401				2
2024.12.26	02:41:17.780	1.25402	1.25409			6
2024.12.26	02:41:18.084	1.25404	1.25412			6
2024.12.26	02:41:18.395	1.25403	1.25411			6
2024.12.26	02:41:19.316	1.25402	1.25412			6
2024.12.26	02:41:22.175	1.25403				2
2024.12.26	02:41:24.011	1.25404				2
2024.12.26	02:41:26.756	1.25403				2
2024.12.26	02:41:30.114		1.25410			4
2024.12.26	02:41:31.030	1.25404	1.25411			6
2024.12.26	02:41:35.304	1.25403				2
2024.12.26	02:41:35.609	1.25402				2
2024.12.26	02:41:37.139		1.25410			4
2024.12.26	02:41:37.446	1.25403				2
2024.12.26	02:41:37.751	1.25402				2
2024.12.26	02:41:38.662	1.25403				2
2024.12.26	02:41:39.899	1.25402				2
2024.12.26	02:41:40.201	1.25403				2
2024.12.26	02:41:41.121	1.25401				2
2024.12.26	02:41:41.429	1.25400	1.25407			6
2024.12.26	02:41:42.345	1.25399	1.25406			6
2024.12.26	02:41:43.879	1.25398				2
2024.12.26	02:41:44.186	1.25397				2
2024.12.26	02:41:44.490	1.25398	1.25405			6
2024.12.26	02:41:44.806	1.25397	1.25404			6
2024.12.26	02:41:45.421	1.25400	1.25406			6
2024.12.26	02:41:46.035		1.25407			4
2024.12.26	02:41:55.882	1.25403	1.25408			6
2024.12.26	02:41:56.192	1.25402				2
2024.12.26	02:41:57.119	1.25401	1.25407			6
2024.12.26	02:41:57.421	1.25402				2
2024.12.26	02:41:57.729	1.25400				2
2024.12.26	02:41:58.349	1.25402				2
2024.12.26	02:42:00.203	1.25402				2
2024.12.26	02:42:00.503	1.25400				2
2024.12.26	02:42:01.121	1.25401				2
2024.12.26	02:42:01.422	1.25400	1.25408			6
2024.12.26	02:42:01.729	1.25402				2
2024.12.26	02:42:02.037	1.25401				2
2024.12.26	02:42:03.577	1.25402				2
2024.12.26	02:42:09.430	1.25401				2
2024.12.26	02:42:11.279	1.25402				2
2024.12.26	02:42:15.579	1.25401				2
2024.12.26	02:42:24.466	1.25398	1.25405			6
2024.12.26	02:42:26.623	1.25399				2
2024.12.26	02:42:32.451	1.25398	1.25404			6
2024.12.26	02:42:32.759	1.25395	1.25403			6
2024.12.26	02:42:37.357	1.25396				2
2024.12.26	02:42:38.883	1.25402	1.25405			6
2024.12.26	02:42:39.185		1.25408			4
2024.12.26	02:42:52.118	1.25403				2
2024.12.26	02:42:54.278	1.25402				2
2024.12.26	02:43:00.132	1.25402				2
2024.12.26	02:43:06.601	1.25403				2
2024.12.26	02:43:09.065	1.25401				2
2024.12.26	02:43:09.371	1.25403	1.25410			6
2024.12.26	02:43:09.986	1.25405				2
2024.12.26	02:43:10.288	1.25409	1.25415			6
2024.12.26	02:43:10.589	1.25411	1.25417			6
2024.12.26	02:43:10.898	1.25412				2
2024.12.26	02:43:16.743	1.25413	1.25420			6
2024.12.26	02:43:17.050	1.25414				2
2024.12.26	02:43:17.666	1.25415	1.25421			6
2024.12.26	02:43:20.139	1.25414	1.25420			6
2024.12.26	02:43:21.366	1.25416	1.25422			6
2024.12.26	02:43:24.118	1.25415				2
2024.12.26	02:43:30.257	1.25414				2
2024.12.26	02:43:30.872	1.25415				2
2024.12.26	02:43:33.014	1.25414	1.25421			6
2024.12.26	02:43:42.531	1.25415				2
2024.12.26	02:43:43.145	1.25416	1.25422			6
2024.12.26	02:43:44.370	1.25415	1.25421			6
2024.12.26	02:43:48.361	1.25412	1.25417			6
2024.12.26	02:43:49.277		1.25418			4
2024.12.26	02:43:50.203	1.25411	1.25416			6
2024.12.26	02:43:51.430		1.25417			4
2024.12.26	02:43:51.743	1.25412	1.25416			6
2024.12.26	02:43:52.047		1.25418			4
2024.12.26	02:43:53.286		1.25417			4
2024.12.26	02:43:56.056		1.25418			4
2024.12.26	02:44:00.063	1.25412				2
2024.12.26	02:44:05.294	1.25411				2
2024.12.26	02:44:07.441	1.25412	1.25419			6
2024.12.26	02:44:07.744	1.25416	1.25423			6
2024.12.26	02:44:11.450		1.25421			4
2024.12.26	02:44:11.756	1.25411	1.25418			6
2024.12.26	02:44:12.058	1.25412				2
2024.12.26	02:44:12.370	1.25413	1.25419			6
2024.12.26	02:44:12.675	1.25414	1.25420			6
2024.12.26	02:44:12.989		1.25421			4
2024.12.26	02:44:14.532	1.25415				2
2024.12.26	02:44:16.376	1.25412	1.25419			6
2024.12.26	02:44:16.685	1.25414	1.25420			6
2024.12.26	02:44:17.922	1.25413				2
2024.12.26	02:44:19.462	1.25414				2
2024.12.26	02:44:21.006		1.25419			4
2024.12.26	02:44:21.317	1.25412				2
2024.12.26	02:44:24.086	1.25413				2
2024.12.26	02:44:25.922	1.25414	1.25420			6
2024.12.26	02:44:31.735	1.25413				2
2024.12.26	02:44:34.484	1.25414				2
2024.12.26	02:44:34.795	1.25413				2
2024.12.26	02:44:35.095		1.25419			4
2024.12.26	02:44:35.404	1.25412				2
2024.12.26	02:44:40.618	1.25413				2
2024.12.26	02:44:40.922	1.25412				2
2024.12.26	02:44:41.229	1.25413				2
2024.12.26	02:44:42.143	1.25414	1.25420			6
2024.12.26	02:44:42.448	1.25413	1.25419			6
2024.12.26	02:44:42.752	1.25414	1.25420			6
2024.12.26	02:44:44.282	1.25413	1.25419			6
2024.12.26	02:44:47.668	1.25411	1.25418			6
2024.12.26	02:44:54.401		1.25417			4
2024.12.26	02:44:55.014		1.25418			4
2024.12.26	02:44:55.319	1.25410	1.25417			6
2024.12.26	02:44:55.626		1.25418			4
2024.12.26	02:44:56.849	1.25412				2
2024.12.26	02:44:57.153	1.25414				2
2024.12.26	02:44:57.461	1.25412				2
2024.12.26	02:44:57.762	1.25411				2
2024.12.26	02:44:58.683	1.25412				2
2024.12.26	02:45:00.212	1.25412				2
2024.12.26	02:45:03.900	1.25406	1.25412			6
2024.12.26	02:45:04.819	1.25408	1.25415			6
2024.12.26	02:45:05.123		1.25413			4
2024.12.26	02:45:05.429		1.25414			4
2024.12.26	02:45:05.740		1.25415			4
2024.12.26	02:45:06.044		1.25414			4
2024.12.26	02:45:06.352		1.25413			4
2024.12.26	02:45:09.416		1.25416			4
2024.12.26	02:45:10.330		1.25417			4
2024.12.26	02:45:11.866		1.25416			4
2024.12.26	02:45:12.168	1.25409				2
2024.12.26	02:45:12.469	1.25411	1.25417			6
2024.12.26	02:45:15.229	1.25412				2
2024.12.26	02:45:15.842	1.25414	1.25419			6
2024.12.26	02:45:16.149	1.25421	1.25427			6
2024.12.26	02:45:18.913	1.25422				2
2024.12.26	02:45:21.367	1.25420	1.25426			6
2024.12.26	02:45:21.676	1.25419				2
2024.12.26	02:45:21.987		1.25425			4
2024.12.26	02:45:22.290	1.25418	1.25424			6
2024.12.26	02:45:22.597		1.25425			4
2024.12.26	02:45:23.213	1.25417	1.25426			6
2024.12.26	02:45:24.131	1.25418				2
2024.12.26	02:45:24.437	1.25417	1.25425			6
2024.12.26	02:45:24.746		1.25426			4
2024.12.26	02:45:26.278	1.25418				2
2024.12.26	02:45:26.590	1.25417				2
2024.12.26	02:45:27.202		1.25425			4
2024.12.26	02:45:28.121	1.25418	1.25426			6
2024.12.26	02:45:29.343	1.25417	1.25427			6
2024.12.26	02:45:30.263	1.25416	1.25422			6
2024.12.26	02:45:30.571		1.25423			4
2024.12.26	02:45:31.491	1.25415				2
2024.12.26	02:45:35.474		1.25424			4
2024.12.26	02:45:40.370	1.25420	1.25426			6
2024.12.26	02:45:40.678		1.25427			4
2024.12.26	02:45:40.990		1.25426			4
2024.12.26	02:45:42.831	1.25421	1.25428			6
2024.12.26	02:45:43.133		1.25427			4
2024.12.26	02:45:43.437		1.25428			4
2024.12.26	02:45:44.967		1.25427			4
2024.12.26	02:45:45.273	1.25422	1.25428			6
2024.12.26	02:45:46.805		1.25427			4
2024.12.26	02:45:47.419	1.25421				2
2024.12.26	02:45:54.775	1.25415	1.25422			6
2024.12.26	02:45:55.391		1.25423			4
2024.12.26	02:45:57.839	1.25416				2
2024.12.26	02:46:00.300	1.25416				2
2024.12.26	02:46:01.521	1.25415	1.25422			6
2024.12.26	02:46:02.744		1.25423			4
2024.12.26	02:46:03.671	1.25413	1.25421			6
2024.12.26	02:46:03.975	1.25415	1.25420			6
2024.12.26	02:46:04.279		1.25422			4
2024.12.26	02:46:04.889		1.25421			4
2024.12.26	02:46:05.194		1.25422			4
2024.12.26	02:46:05.504	1.25414	1.25421			6
2024.12.26	02:46:05.806		1.25420			4
2024.12.26	02:46:07.026	1.25415	1.25422			6
2024.12.26	02:46:07.953	1.25417	1.25423			6
2024.12.26	02:46:08.264		1.25424			4
2024.12.26	02:46:12.580	1.25418				2
2024.12.26	02:46:25.207	1.25416	1.25422			6
2024.12.26	02:46:26.437	1.25417				2
2024.12.26	02:46:26.741	1.25416				2
2024.12.26	02:46:27.046	1.25418	1.25424			6
2024.12.26	02:46:31.652	1.25419	1.25425			6
2024.12.26	02:46:33.794	1.25418	1.25424			6
2024.12.26	02:46:34.710	1.25419	1.25426			6
2024.12.26	02:46:35.021		1.25424			4
2024.12.26	02:46:35.323		1.25426			4
2024.12.26	02:46:35.630		1.25425			4
2024.12.26	02:46:36.854	1.25418				2
2024.12.26	02:46:37.164		1.25424			4
2024.12.26	02:46:37.781		1.25425			4
2024.12.26	02:46:38.698	1.25421				2
2024.12.26	02:46:39.007		1.25428			4
2024.12.26	02:46:42.384	1.25423	1.25429			6
2024.12.26	02:46:42.689	1.25422				2
2024.12.26	02:46:43.005	1.25423				2
2024.12.26	02:46:43.619	1.25425	1.25431			6
2024.12.26	02:46:43.927	1.25422	1.25428			6
2024.12.26	02:46:46.076	1.25423				2
2024.12.26	02:46:51.919	1.25420	1.25426			6
2024.12.26	02:46:52.225	1.25419				2
2024.12.26	02:46:54.074	1.25421	1.25427			6
2024.12.26	02:46:57.161	1.25422	1.25428			6
2024.12.26	02:46:57.463	1.25423				2
2024.12.26	02:46:57.765	1.25422				2
2024.12.26	02:46:58.081	1.25423				2
2024.12.26	02:47:00.235	1.25423				2
2024.12.26	02:47:05.477	1.25429	1.25433			6
2024.12.26	02:47:05.789	1.25432	1.25438			6
2024.12.26	02:47:06.401	1.25431				2
2024.12.26	02:47:08.869	1.25432	1.25437			6
2024.12.26	02:47:10.106		1.25436			4
2024.12.26	02:47:12.569		1.25437			4
2024.12.26	02:47:13.180	1.25431				2
2024.12.26	02:47:15.647	1.25434				2
2024.12.26	02:47:15.955		1.25439			4
2024.12.26	02:47:22.719	1.25432	1.25438			6
2024.12.26	02:47:26.100		1.25440			4
2024.12.26	02:47:26.402	1.25433	1.25439			6
2024.12.26	02:47:40.844	1.25431	1.25438			6
2024.12.26	02:48:00.140	1.25431				2
2024.12.26	02:48:08.102	1.25435	1.25442			6
2024.12.26	02:48:12.090	1.25436	1.25443			6
2024.12.26	02:48:13.618	1.25438	1.25445			6
2024.12.26	02:48:13.925		1.25444			4
2024.12.26	02:48:16.377	1.25437	1.25443			6
2024.12.26	02:48:17.910	1.25436				2
2024.12.26	02:48:18.822		1.25442			4
2024.12.26	02:48:19.440		1.25441			4
2024.12.26	02:48:26.220	1.25437	1.25445			6
2024.12.26	02:48:26.523	1.25441	1.25447			6
2024.12.26	02:48:27.451		1.25446			4
2024.12.26	02:48:27.752		1.25447			4
2024.12.26	02:48:28.680	1.25442				2
2024.12.26	02:48:28.984	1.25441	1.25446			6
2024.12.26	02:48:31.758	1.25440				2
2024.12.26	02:48:32.375	1.25441				2
2024.12.26	02:48:37.309	1.25442	1.25448			6
2024.12.26	02:48:37.618	1.25440	1.25445			6
2024.12.26	02:48:39.466		1.25446			4
2024.12.26	02:48:51.793	1.25441				2
2024.12.26	02:48:52.104	1.25440				2
2024.12.26	02:48:53.338	1.25437	1.25445			6
2024.12.26	02:48:53.653	1.25435	1.25442			6
2024.12.26	02:48:54.571	1.25434				2
2024.12.26	02:48:56.728		1.25441			4
2024.12.26	02:48:57.038	1.25433				2
2024.12.26	02:48:58.577	1.25435				2
2024.12.26	02:49:00.117	1.25436				2
2024.12.26	02:49:00.427	1.25435				2
2024.12.26	02:49:04.429	1.25436				2
2024.12.26	02:49:04.736		1.25442			4
2024.12.26	02:49:10.586	1.25437				2
2024.12.26	02:49:10.891	1.25436	1.25444			6
2024.12.26	02:49:11.201	1.25439				2
2024.12.26	02:49:11.510	1.25436				2
2024.12.26	02:49:11.814	1.25438				2
2024.12.26	02:49:12.119	1.25436				2
2024.12.26	02:49:12.425	1.25438				2
2024.12.26	02:49:13.039	1.25437				2
2024.12.26	02:49:13.343	1.25438				2
2024.12.26	02:49:13.655	1.25436	1.25443			6
2024.12.26	02:49:14.264	1.25435	1.25442			6
2024.12.26	02:49:14.571	1.25436	1.25443			6
2024.12.26	02:49:15.191	1.25437	1.25445			6
2024.12.26	02:49:15.804	1.25438				2
2024.12.26	02:49:16.419	1.25439				2
2024.12.26	02:49:17.033	1.25437				2
2024.12.26	02:49:17.643	1.25438				2
2024.12.26	02:49:17.951		1.25444			4
2024.12.26	02:49:18.261		1.25443			4
2024.12.26	02:49:18.563	1.25444	1.25450			6
2024.12.26	02:49:18.881	1.25445				2
2024.12.26	02:49:23.495	1.25446	1.25451			6
2024.12.26	02:49:23.799		1.25450			4
2024.12.26	02:49:26.248		1.25451			4
2024.12.26	02:49:35.451	1.25445	1.25450			6
2024.12.26	02:49:37.289	1.25446	1.25453			6
2024.12.26	02:49:39.747	1.25447				2
2024.12.26	02:49:44.982		1.25452			4
2024.12.26	02:49:47.764	1.25441	1.25447			6
2024.12.26	02:49:48.064		1.25449			4
2024.12.26	02:49:48.381		1.25448			4
2024.12.26	02:49:48.690	1.25443	1.25449			6
2024.12.26	02:49:57.941	1.25444				2
2024.12.26	02:49:58.248	1.25442				2
2024.12.26	02:49:58.558	1.25443	1.25448			6
2024.12.26	02:49:58.863	1.25444	1.25450			6
2024.12.26	02:49:59.481	1.25443	1.25449			6
2024.12.26	02:50:00.085	1.25443				2
2024.12.26	02:50:01.002	1.25442	1.25448			6
2024.12.26	02:50:01.320	1.25444	1.25449			6
2024.12.26	02:50:10.257	1.25445	1.25450			6
2024.12.26	02:50:10.558		1.25449			4
2024.12.26	02:50:11.182	1.25441	1.25448			6
2024.12.26	02:50:11.793	1.25442				2
2024.12.26	02:50:12.101	1.25443				2
2024.12.26	02:50:12.407	1.25445				2
2024.12.26	02:50:12.714		1.25449			4
2024.12.26	02:50:13.021	1.25446	1.25451			6
2024.12.26	02:50:17.306	1.25444	1.25450			6
2024.12.26	02:50:20.059	1.25442	1.25449			6
2024.12.26	02:50:23.128	1.25443				2
2024.12.26	02:50:23.740	1.25444	1.25450			6
2024.12.26	02:50:24.665		1.25449			4
2024.12.26	02:50:26.811	1.25443				2
2024.12.26	02:50:28.653	1.25442				2
2024.12.26	02:50:30.494	1.25445	1.25451			6
2024.12.26	02:50:31.410	1.25444				2
2024.12.26	02:50:31.719	1.25443	1.25450			6
2024.12.26	02:50:32.023	1.25444				2
2024.12.26	02:50:39.736		1.25451			4
2024.12.26	02:50:40.353	1.25446				2
2024.12.26	02:50:41.585	1.25450	1.25456			6
2024.12.26	02:50:42.201		1.25455			4
2024.12.26	02:50:48.364		1.25456			4
2024.12.26	02:50:50.503	1.25451				2
2024.12.26	02:51:00.073	1.25451	1.25457			6
2024.12.26	02:51:00.375	1.25452	1.25458			6
2024.12.26	02:51:00.687	1.25451	1.25456			6
2024.12.26	02:51:01.921		1.25457			4
2024.12.26	02:51:04.072		1.25456			4
2024.12.26	02:51:06.226		1.25455			4
2024.12.26	02:51:16.678		1.25456			4
2024.12.26	02:51:18.817		1.25455			4
2024.12.26	02:51:21.262		1.25454			4
2024.12.26	02:51:21.879		1.25455			4
2024.12.26	02:51:22.183		1.25454			4
2024.12.26	02:51:34.422	1.25452	1.25455			6
2024.12.26	02:51:38.407	1.25451				2
2024.12.26	02:51:39.020		1.25454			4
2024.12.26	02:51:41.169		1.25453			4
2024.12.26	02:51:50.361	1.25452	1.25455			6
2024.12.26	02:51:50.664	1.25453	1.25454			6
2024.12.26	02:51:50.967	1.25454	1.25458			6
2024.12.26	02:51:51.273	1.25455	1.25460			6
2024.12.26	02:51:53.122	1.25454	1.25459			6
2024.12.26	02:51:54.664	1.25453				2
2024.12.26	02:51:55.274	1.25457	1.25462			6
2024.12.26	02:51:55.582	1.25456				2
2024.12.26	02:51:58.641	1.25457				2
2024.12.26	02:51:58.948	1.25456				2
2024.12.26	02:52:00.171	1.25456				2
2024.12.26	02:52:02.926	1.25457				2
2024.12.26	02:52:03.229	1.25456				2
2024.12.26	02:52:04.456	1.25457				2
2024.12.26	02:52:05.065	1.25456				2
2024.12.26	02:52:05.374	1.25457				2
2024.12.26	02:52:06.594	1.25456				2
2024.12.26	02:52:08.119		1.25461			4
2024.12.26	02:52:08.733	1.25457				2
2024.12.26	02:52:09.040	1.25458	1.25462			6
2024.12.26	02:52:09.347	1.25456	1.25463			6
2024.12.26	02:52:09.653	1.25457	1.25462			6
2024.12.26	02:52:12.114		1.25461			4
2024.12.26	02:52:12.416	1.25454	1.25458			6
2024.12.26	02:52:12.722		1.25459			4
2024.12.26	02:52:13.331		1.25460			4
2024.12.26	02:52:16.686	1.25453	1.25458			6
2024.12.26	02:52:16.992	1.25451	1.25456			6
2024.12.26	02:52:17.301	1.25450				2
2024.12.26	02:52:17.911		1.25457			4
2024.12.26	02:52:22.185	1.25452	1.25458			6
2024.12.26	02:52:22.799	1.25453	1.25459			6
2024.12.26	02:52:25.250	1.25452				2
2024.12.26	02:52:27.099	1.25451				2
2024.12.26	02:52:28.020	1.25452				2
2024.12.26	02:52:28.324	1.25451	1.25458			6
2024.12.26	02:52:28.631	1.25452				2
2024.12.26	02:52:28.933	1.25451				2
2024.12.26	02:52:30.174	1.25454	1.25460			6
2024.12.26	02:52:31.095		1.25461			4
2024.12.26	02:52:35.989	1.25455				2
2024.12.26	02:52:36.301		1.25460			4
2024.12.26	02:52:36.912	1.25454				2
2024.12.26	02:52:45.499	1.25453	1.25458			6
2024.12.26	02:52:49.794	1.25454	1.25459			6
2024.12.26	02:52:51.018	1.25453	1.25458			6
2024.12.26	02:52:52.856	1.25454	1.25459			6
2024.12.26	02:52:53.471		1.25460			4
2024.12.26	02:52:57.145		1.25459			4
2024.12.26	02:53:00.212	1.25454	1.25458			6
2024.12.26	02:53:02.049	1.25453	1.25457			6
2024.12.26	02:53:03.272	1.25449	1.25452			6
2024.12.26	02:53:04.196		1.25454			4
2024.12.26	02:53:04.504	1.25447	1.25453			6
2024.12.26	02:53:06.040	1.25448	1.25454			6
2024.12.26	02:53:06.350	1.25449	1.25456			6
2024.12.26	02:53:13.108	1.25451				2
2024.12.26	02:53:13.415	1.25450	1.25457			6
2024.12.26	02:53:25.133		1.25456			4
2024.12.26	02:53:33.761	1.25451				2
2024.12.26	02:53:34.989	1.25452				2
2024.12.26	02:53:35.298	1.25451				2
2024.12.26	02:53:35.913	1.25452	1.25457			6
2024.12.26	02:53:37.450	1.25451				2
2024.12.26	02:53:40.217		1.25456			4
2024.12.26	02:53:41.141	1.25452				2
2024.12.26	02:53:43.586	1.25454	1.25458			6
2024.12.26	02:53:45.115		1.25459			4
2024.12.26	02:53:46.347	1.25453	1.25456			6
2024.12.26	02:53:46.655		1.25457			4
2024.12.26	02:53:49.101	1.25452				2
2024.12.26	02:53:49.402		1.25456			4
2024.12.26	02:53:54.921	1.25451				2
2024.12.26	02:53:58.290	1.25444	1.25449			6
2024.12.26	02:53:58.904	1.25442	1.25446			6
2024.12.26	02:53:59.209	1.25443	1.25450			6
2024.12.26	02:54:00.140	1.25443				2
2024.12.26	02:54:02.909		1.25449			4
2024.12.26	02:54:03.831		1.25450			4
2024.12.26	02:54:04.442		1.25451			4
2024.12.26	02:54:06.276		1.25450			4
2024.12.26	02:54:06.584	1.25445				2
2024.12.26	02:54:06.892	1.25448	1.25453			6
2024.12.26	02:54:07.198		1.25454			4
2024.12.26	02:54:09.660		1.25455			4
2024.12.26	02:54:12.420	1.25449	1.25454			6
2024.12.26	02:54:12.725	1.25453	1.25461			6
2024.12.26	02:54:13.653		1.25460			4
2024.12.26	02:54:14.575		1.25461			4
2024.12.26	02:54:15.495		1.25460			4
2024.12.26	02:54:16.417		1.25458			4
2024.12.26	02:54:16.722	1.25452				2
2024.12.26	02:54:17.024		1.25457			4
2024.12.26	02:54:17.339	1.25451	1.25458			6
2024.12.26	02:54:18.260		1.25457			4
2024.12.26	02:54:18.568	1.25452				2
2024.12.26	02:54:19.177		1.25458			4
2024.12.26	02:54:20.405	1.25453				2
2024.12.26	02:54:20.719		1.25459			4
2024.12.26	02:54:21.021	1.25452	1.25458			6
2024.12.26	02:54:22.251	1.25453				2
2024.12.26	02:54:22.560	1.25452				2
2024.12.26	02:54:22.864	1.25453	1.25459			6
2024.12.26	02:54:23.483	1.25454				2
2024.12.26	02:54:23.785	1.25452	1.25458			6
2024.12.26	02:54:28.401	1.25451				2
2024.12.26	02:54:30.244	1.25453				2
2024.12.26	02:54:30.861	1.25452				2
2024.12.26	02:54:32.397	1.25453				2
2024.12.26	02:54:32.706	1.25452	1.25457			6
2024.12.26	02:54:33.014	1.25453	1.25459			6
2024.12.26	02:54:33.626		1.25458			4
2024.12.26	02:54:33.933		1.25459			4
2024.12.26	02:54:34.851		1.25458			4
2024.12.26	02:54:36.686	1.25452	1.25457			6
2024.12.26	02:54:37.599		1.25458			4
2024.12.26	02:54:38.826	1.25453	1.25459			6
2024.12.26	02:54:43.120	1.25454	1.25461			6
2024.12.26	02:54:45.579	1.25453	1.25457			6
2024.12.26	02:54:45.886	1.25451				2
2024.12.26	02:54:46.194		1.25456			4
2024.12.26	02:54:49.264	1.25450	1.25455			6
2024.12.26	02:54:49.565	1.25451				2
2024.12.26	02:54:49.878	1.25450	1.25456			6
2024.12.26	02:54:50.803	1.25449				2
2024.12.26	02:54:52.041	1.25444	1.25451			6
2024.12.26	02:54:52.347		1.25452			4
2024.12.26	02:54:54.818	1.25441	1.25450			6
2024.12.26	02:54:55.741		1.25449			4
2024.12.26	02:54:56.050	1.25440				2
2024.12.26	02:54:57.591		1.25450			4
2024.12.26	02:54:57.899		1.25449			4
2024.12.26	02:54:58.207		1.25450			4
2024.12.26	02:54:58.509		1.25449			4
2024.12.26	02:54:58.824		1.25450			4
2024.12.26	02:54:59.440	1.25441				2
2024.12.26	02:54:59.747	1.25443	1.25451			6
2024.12.26	02:55:00.055	1.25443				2
2024.12.26	02:55:00.362	1.25449	1.25450			6
2024.12.26	02:55:00.666	1.25448				2
2024.12.26	02:55:00.969	1.25450	1.25455			6
2024.12.26	02:55:01.291	1.25452				2
2024.12.26	02:55:01.594		1.25461			4
2024.12.26	02:55:01.902	1.25453	1.25462			6
2024.12.26	02:55:03.136	1.25454				2
2024.12.26	02:55:05.605	1.25455	1.25464			6
2024.12.26	02:55:05.918		1.25465			4
2024.12.26	02:55:06.839		1.25464			4
2024.12.26	02:55:09.612		1.25465			4
2024.12.26	02:55:10.223		1.25464			4
2024.12.26	02:55:14.848	1.25454				2
2024.12.26	02:55:15.462		1.25462			4
2024.12.26	02:55:19.167	1.25452	1.25461			6
2024.12.26	02:55:19.476	1.25453				2
2024.12.26	02:55:20.401	1.25451	1.25459			6
2024.12.26	02:55:25.019	1.25452				2
2024.12.26	02:55:35.130	1.25450	1.25457			6
2024.12.26	02:55:35.746		1.25456			4
2024.12.26	02:55:36.363		1.25457			4
2024.12.26	02:55:40.348	1.25449				2
2024.12.26	02:55:41.887		1.25456			4
2024.12.26	02:55:42.193		1.25457			4
2024.12.26	02:55:47.105	1.25446	1.25455			6
2024.12.26	02:55:49.865	1.25448				2
2024.12.26	02:55:50.175	1.25446				2
2024.12.26	02:55:51.099	1.25447				2
2024.12.26	02:55:52.061	1.25449				2
2024.12.26	02:55:57.281	1.25447				2
2024.12.26	02:56:00.037	1.25447				2
2024.12.26	02:56:01.268		1.25454			4
2024.12.26	02:56:03.425	1.25446				2
2024.12.26	02:56:03.727	1.25445	1.25453			6
2024.12.26	02:56:06.521	1.25446	1.25454			6
2024.12.26	02:56:13.603		1.25453			4
2024.12.26	02:56:15.453	1.25447	1.25455			6
2024.12.26	02:56:16.376	1.25446	1.25453			6
2024.12.26	02:56:16.987	1.25447				2
2024.12.26	02:56:21.615	1.25444	1.25451			6
2024.12.26	02:56:22.232		1.25452			4
2024.12.26	02:56:26.541	1.25442	1.25450			6
2024.12.26	02:56:26.845	1.25443	1.25451			6
2024.12.26	02:56:27.166		1.25450			4
2024.12.26	02:56:28.389	1.25442				2
2024.12.26	02:56:31.173	1.25443				2
2024.12.26	02:56:38.204		1.25449			4
2024.12.26	02:56:43.094	1.25444				2
2024.12.26	02:56:48.607	1.25443	1.25448			6
2024.12.26	02:56:51.361		1.25447			4
2024.12.26	02:57:00.272	1.25443				2
2024.12.26	02:57:01.182	1.25444				2
2024.12.26	02:57:04.238	1.25446	1.25449			6
2024.12.26	02:57:05.147	1.25445				2
2024.12.26	02:57:05.448	1.25443	1.25447			6
2024.12.26	02:57:06.375		1.25448			4
2024.12.26	02:57:08.213		1.25447			4
2024.12.26	02:57:09.121	1.25444	1.25448			6
2024.12.26	02:57:09.725	1.25441	1.25444			6
2024.12.26	02:57:10.027	1.25448	1.25452			6
2024.12.26	02:57:10.328	1.25447				2
2024.12.26	02:57:10.641	1.25449	1.25456			6
2024.12.26	02:57:11.254		1.25457			4
2024.12.26	02:57:12.796	1.25450				2
2024.12.26	02:57:15.255	1.25448	1.25456			6
2024.12.26	02:57:15.558	1.25449	1.25457			6
2024.12.26	02:57:16.176		1.25456			4
2024.12.26	02:57:16.482	1.25448	1.25455			6
2024.12.26	02:57:16.794	1.25449	1.25456			6
2024.12.26	02:57:17.099	1.25448				2
2024.12.26	02:57:17.406		1.25454			4
2024.12.26	02:57:19.251		1.25452			4
2024.12.26	02:57:19.562		1.25454			4
2024.12.26	02:57:20.175	1.25449				2
2024.12.26	02:57:22.020		1.25455			4
2024.12.26	02:57:24.795		1.25456			4
2024.12.26	02:57:27.254		1.25455			4
2024.12.26	02:57:27.561		1.25454			4
2024.12.26	02:57:32.164	1.25450				2
2024.12.26	02:57:32.470		1.25455			4
2024.12.26	02:57:34.619	1.25449	1.25454			6
2024.12.26	02:57:34.926	1.25450	1.25455			6
2024.12.26	02:57:38.279		1.25454			4
2024.12.26	02:57:47.142	1.25451				2
2024.12.26	02:58:00.264	1.25451				2
2024.12.26	02:58:11.887	1.25452	1.25455			6
2024.12.26	02:58:16.164	1.25454	1.25457			6
2024.12.26	02:58:16.465	1.25455	1.25458			6
2024.12.26	02:58:17.083	1.25454	1.25457			6
2024.12.26	02:58:18.303	1.25453	1.25456			6
2024.12.26	02:58:18.610	1.25451	1.25454			6
2024.12.26	02:58:20.148	1.25450				2
2024.12.26	02:58:29.376	1.25451				2
2024.12.26	02:58:30.292	1.25450	1.25453			6
2024.12.26	02:58:36.104	1.25451	1.25454			6
2024.12.26	02:59:00.261	1.25451				2
2024.12.26	02:59:04.843	1.25453	1.25456			6
2024.12.26	02:59:05.153	1.25454	1.25457			6
2024.12.26	02:59:10.674	1.25451	1.25454			6
2024.12.26	02:59:10.979	1.25452	1.25455			6
2024.12.26	02:59:11.597	1.25451	1.25454			6
2024.12.26	02:59:17.405	1.25450	1.25453			6
2024.12.26	02:59:18.625	1.25451	1.25454			6
2024.12.26	02:59:24.129	1.25450	1.25453			6
2024.12.26	02:59:25.047	1.25451	1.25454			6
2024.12.26	02:59:31.220	1.25450	1.25453			6
2024.12.26	02:59:32.143	1.25452	1.25455			6
2024.12.26	02:59:32.450	1.25451	1.25454			6
2024.12.26	02:59:41.957	1.25448	1.25451			6
2024.12.26	02:59:43.183	1.25447				2
2024.12.26	02:59:44.102	1.25448				2
2024.12.26	02:59:45.935	1.25447	1.25450			6
2024.12.26	02:59:46.240	1.25446	1.25449			6
2024.12.26	02:59:47.159	1.25445				2
2024.12.26	02:59:50.239	1.25444	1.25448			6
2024.12.26	02:59:50.544	1.25445	1.25449			6
2024.12.26	02:59:53.011	1.25443	1.25447			6
2024.12.26	02:59:53.320	1.25444	1.25448			6
2024.12.26	02:59:54.241	1.25443	1.25447			6
2024.12.26	02:59:55.168	1.25444	1.25448			6
2024.12.26	02:59:55.475	1.25443	1.25447			6
2024.12.26	02:59:55.782	1.25444	1.25448			6
2024.12.26	02:59:58.848	1.25443	1.25447			6
2024.12.26	02:59:59.150	1.25444	1.25448			6
2024.12.26	03:00:00.073	1.25444				2
2024.12.26	03:00:00.378	1.25438	1.25442			6
2024.12.26	03:00:00.993	1.25440	1.25444			6
2024.12.26	03:00:01.297	1.25437				2
2024.12.26	03:00:01.599	1.25436	1.25443			6
2024.12.26	03:00:01.915	1.25437				2
2024.12.26	03:00:02.218	1.25436				2
2024.12.26	03:00:03.763	1.25435	1.25441			6
2024.12.26	03:00:04.378	1.25433	1.25440			6
2024.12.26	03:00:04.681	1.25434				2
2024.12.26	03:00:05.601		1.25442			4
2024.12.26	03:00:07.141	1.25436	1.25445			6
2024.12.26	03:00:07.451	1.25443	1.25452			6
2024.12.26	03:00:07.759	1.25442	1.25451			6
2024.12.26	03:00:09.913	1.25444				2
2024.12.26	03:00:10.221		1.25452			4
2024.12.26	03:00:10.833	1.25445				2
2024.12.26	03:00:12.677	1.25441	1.25449			6
2024.12.26	03:00:12.977	1.25439	1.25447			6
2024.12.26	03:00:13.295		1.25449			4
2024.12.26	03:00:19.757		1.25448			4
2024.12.26	03:00:22.220	1.25434	1.25441			6
2024.12.26	03:00:22.526	1.25432	1.25440			6
2024.12.26	03:00:22.834	1.25431				2
2024.12.26	03:00:24.066	1.25428	1.25437			6
2024.12.26	03:00:24.377	1.25430	1.25439			6
2024.12.26	03:00:24.683	1.25432	1.25440			6
2024.12.26	03:00:25.610	1.25433	1.25441			6
2024.12.26	03:00:26.531	1.25432	1.25440			6
2024.12.26	03:00:29.298	1.25433				2
2024.12.26	03:00:32.376		1.25441			4
2024.12.26	03:00:32.684	1.25432	1.25440			6
2024.12.26	03:00:35.141	1.25428	1.25436			6
2024.12.26	03:00:35.759	1.25429	1.25437			6
2024.12.26	03:00:37.913	1.25430				2
2024.12.26	03:00:38.219	1.25433	1.25441			6
2024.12.26	03:00:39.758	1.25429	1.25436			6
2024.12.26	03:00:40.071	1.25428				2
2024.12.26	03:00:42.530	1.25429	1.25437			6
2024.12.26	03:00:45.604		1.25436			4
2024.12.26	03:00:50.524	1.25431				2
2024.12.26	03:00:50.830	1.25433	1.25440			6
2024.12.26	03:00:53.913	1.25434	1.25441			6
2024.12.26	03:00:56.371	1.25432	1.25440			6
2024.12.26	03:00:56.678	1.25433				2
2024.12.26	03:00:58.830	1.25432	1.25439			6
2024.12.26	03:00:59.141	1.25429	1.25436			6
2024.12.26	03:01:00.061	1.25429				2
2024.12.26	03:01:00.677	1.25427	1.25432			6
2024.12.26	03:01:00.989	1.25425				2
2024.12.26	03:01:04.989	1.25422	1.25429			6
2024.12.26	03:01:05.292	1.25425	1.25432			6
2024.12.26	03:01:05.603	1.25424	1.25431			6
2024.12.26	03:01:08.377	1.25423	1.25429			6
2024.12.26	03:01:10.528	1.25426	1.25432			6
2024.12.26	03:01:11.136	1.25427	1.25433			6
2024.12.26	03:01:12.668	1.25426	1.25432			6
2024.12.26	03:01:20.677	1.25422	1.25428			6
2024.12.26	03:01:22.527	1.25423	1.25429			6
2024.12.26	03:01:26.222	1.25425	1.25431			6
2024.12.26	03:01:28.680	1.25424	1.25430			6
2024.12.26	03:01:29.600	1.25423	1.25429			6
2024.12.26	03:01:31.130	1.25424	1.25430			6
2024.12.26	03:01:32.661	1.25423	1.25429			6
2024.12.26	03:01:38.161	1.25429	1.25431			6
2024.12.26	03:01:38.463	1.25428	1.25433			6
2024.12.26	03:01:38.771	1.25426	1.25432			6
2024.12.26	03:01:44.606	1.25429	1.25434			6
2024.12.26	03:01:44.914	1.25428	1.25433			6
2024.12.26	03:01:45.222	1.25426	1.25432			6
2024.12.26	03:01:45.525	1.25425	1.25431			6
2024.12.26	03:01:47.065	1.25426	1.25432			6
2024.12.26	03:01:49.836	1.25427				2
2024.12.26	03:01:50.761	1.25428	1.25434			6
2024.12.26	03:01:51.990		1.25435			4
2024.12.26	03:01:53.217	1.25424	1.25429			6
2024.12.26	03:01:54.138	1.25423				2
2024.12.26	03:01:58.747	1.25424				2
2024.12.26	03:01:59.059		1.25430			4
2024.12.26	03:01:59.365	1.25423	1.25428			6
2024.12.26	03:01:59.674		1.25429			4
2024.12.26	03:02:00.302	1.25423				2
2024.12.26	03:02:00.601	1.25424				2
2024.12.26	03:02:01.832	1.25423	1.25428			6
2024.12.26	03:02:02.446		1.25430			4
2024.12.26	03:02:11.995	1.25422	1.25428			6
2024.12.26	03:02:16.589	1.25430	1.25436			6
2024.12.26	03:02:17.821	1.25429				2
2024.12.26	03:02:18.123	1.25431	1.25437			6
2024.12.26	03:02:18.742	1.25429	1.25435			6
2024.12.26	03:02:19.971	1.25428				2
2024.12.26	03:02:24.597	1.25429				2
2024.12.26	03:02:25.204	1.25428				2
2024.12.26	03:02:25.514	1.25431	1.25436			6
2024.12.26	03:02:26.438	1.25430				2
2024.12.26	03:02:35.053		1.25437			4
2024.12.26	03:02:43.338	1.25436	1.25441			6
2024.12.26	03:02:44.257	1.25435				2
2024.12.26	03:03:00.256	1.25435				2
2024.12.26	03:03:03.928	1.25436	1.25442			6
2024.12.26	03:03:04.846	1.25438				2
2024.12.26	03:03:12.207	1.25442	1.25444			6
2024.12.26	03:03:12.508		1.25450			4
2024.12.26	03:03:12.815		1.25449			4
2024.12.26	03:03:13.432		1.25450			4
2024.12.26	03:03:14.659	1.25444	1.25449			6
2024.12.26	03:03:14.964	1.25442				2
2024.12.26	03:03:15.266		1.25450			4
2024.12.26	03:03:15.572		1.25449			4
2024.12.26	03:03:20.191		1.25448			4
2024.12.26	03:03:21.422	1.25441				2
2024.12.26	03:03:23.581	1.25440	1.25447			6
2024.12.26	03:03:23.887	1.25439	1.25445			6
2024.12.26	03:03:24.192	1.25435	1.25442			6
2024.12.26	03:03:25.418	1.25436				2
2024.12.26	03:03:26.968		1.25444			4
2024.12.26	03:03:34.041	1.25439	1.25445			6
2024.12.26	03:03:34.344		1.25446			4
2024.12.26	03:03:35.270		1.25445			4
2024.12.26	03:03:35.576		1.25446			4
2024.12.26	03:03:36.184		1.25445			4
2024.12.26	03:03:38.338		1.25447			4
2024.12.26	03:03:39.875		1.25446			4
2024.12.26	03:03:40.181	1.25438				2
2024.12.26	03:03:40.489		1.25447			4
2024.12.26	03:03:42.936		1.25446			4
2024.12.26	03:03:43.240	1.25439				2
2024.12.26	03:03:43.852		1.25447			4
2024.12.26	03:03:44.771		1.25446			4
2024.12.26	03:03:47.835	1.25438				2
2024.12.26	03:03:49.062	1.25443	1.25448			6
2024.12.26	03:03:49.367	1.25444	1.25450			6
2024.12.26	03:03:50.902		1.25452			4
2024.12.26	03:03:51.218		1.25451			4
2024.12.26	03:03:52.440		1.25452			4
2024.12.26	03:03:53.050		1.25451			4
2024.12.26	03:03:53.661		1.25452			4
2024.12.26	03:03:55.190		1.25453			4
2024.12.26	03:03:56.731	1.25445	1.25452			6
2024.12.26	03:03:57.032		1.25451			4
2024.12.26	03:04:00.120	1.25444	1.25450			6
2024.12.26	03:04:00.423	1.25442	1.25447			6
2024.12.26	03:04:00.726		1.25448			4
2024.12.26	03:04:01.972	1.25441				2
2024.12.26	03:04:02.285	1.25440	1.25449			6
2024.12.26	03:04:02.587	1.25444	1.25452			6
2024.12.26	03:04:02.899	1.25445				2
2024.12.26	03:04:04.742		1.25451			4
2024.12.26	03:04:05.050	1.25444	1.25450			6
2024.12.26	03:04:06.891	1.25443	1.25451			6
2024.12.26	03:04:07.201	1.25444				2
2024.12.26	03:04:08.420		1.25450			4
2024.12.26	03:04:08.728	1.25445	1.25452			6
2024.12.26	03:04:11.490	1.25444				2
2024.12.26	03:04:15.186		1.25451			4
2024.12.26	03:04:24.390		1.25450			4
2024.12.26	03:04:25.613	1.25446	1.25452			6
2024.12.26	03:04:26.842		1.25453			4
2024.12.26	03:04:27.762	1.25447				2
2024.12.26	03:04:28.377	1.25451	1.25458			6
2024.12.26	03:04:29.613	1.25444	1.25450			6
2024.12.26	03:04:33.312	1.25449	1.25456			6
2024.12.26	03:04:33.620	1.25450				2
2024.12.26	03:04:33.930	1.25447	1.25455			6
2024.12.26	03:04:35.466	1.25445	1.25453			6
2024.12.26	03:04:41.324		1.25451			4
2024.12.26	03:04:44.401	1.25444	1.25450			6
2024.12.26	03:04:45.017	1.25443	1.25449			6
2024.12.26	03:04:47.170		1.25450			4
2024.12.26	03:04:47.480	1.25444	1.25451			6
2024.12.26	03:04:52.401		1.25452			4
2024.12.26	03:04:52.705	1.25445	1.25451			6
2024.12.26	03:04:55.482	1.25443	1.25450			6
2024.12.26	03:04:56.101		1.25449			4
2024.12.26	03:04:56.409	1.25445	1.25450			6
2024.12.26	03:04:56.717	1.25446	1.25453			6
2024.12.26	03:04:59.488	1.25447	1.25454			6
2024.12.26	03:05:00.105	1.25447				2
2024.12.26	03:05:00.412	1.25452	1.25460			6
2024.12.26	03:05:01.331	1.25453				2
2024.12.26	03:05:01.640		1.25462			4
2024.12.26	03:05:01.943	1.25454	1.25461			6
2024.12.26	03:05:02.253	1.25453	1.25462			6
2024.12.26	03:05:03.484	1.25455	1.25463			6
2024.12.26	03:05:04.101	1.25456	1.25465			6
2024.12.26	03:05:08.110		1.25463			4
2024.12.26	03:05:08.419	1.25460	1.25467			6
2024.12.26	03:05:08.725	1.25461				2
2024.12.26	03:05:12.115	1.25460				2
2024.12.26	03:05:12.731	1.25461				2
2024.12.26	03:05:13.039	1.25460				2
2024.12.26	03:05:13.345	1.25461				2
2024.12.26	03:05:14.872	1.25460				2
2024.12.26	03:05:15.178	1.25457	1.25463			6
2024.12.26	03:05:19.156		1.25464			4
2024.12.26	03:05:19.462		1.25463			4
2024.12.26	03:05:19.766		1.25464			4
2024.12.26	03:05:20.079		1.25463			4
2024.12.26	03:05:20.381		1.25464			4
2024.12.26	03:05:20.685	1.25460	1.25467			6
2024.12.26	03:05:22.828	1.25456	1.25462			6
2024.12.26	03:05:28.670	1.25457	1.25464			6
2024.12.26	03:05:29.908		1.25463			4
2024.12.26	03:05:31.132	1.25455	1.25461			6
2024.12.26	03:05:31.442	1.25457	1.25463			6
2024.12.26	03:05:32.369		1.25464			4
2024.12.26	03:05:36.043		1.25463			4
2024.12.26	03:05:54.145	1.25458	1.25464			6
2024.12.26	03:05:55.381	1.25459				2
2024.12.26	03:05:57.228	1.25458				2
2024.12.26	03:06:00.305	1.25457	1.25463			6
2024.12.26	03:06:04.290		1.25462			4
2024.12.26	03:06:11.944	1.25458	1.25463			6
2024.12.26	03:06:16.208		1.25462			4
2024.12.26	03:06:27.221	1.25459				2
2024.12.26	03:06:34.888	1.25462	1.25465			6
2024.12.26	03:06:36.114	1.25461	1.25464			6
2024.12.26	03:06:40.093	1.25462	1.25465			6
2024.12.26	03:06:40.400	1.25457	1.25460			6
2024.12.26	03:06:41.321		1.25461			4
2024.12.26	03:06:45.319	1.25456	1.25460			6
2024.12.26	03:06:51.717		1.25459			4
2024.12.26	03:06:56.935		1.25458			4
2024.12.26	03:06:57.238	1.25455				2
2024.12.26	03:06:57.544	1.25458	1.25459			6
2024.12.26	03:06:58.158	1.25457	1.25458			6
2024.12.26	03:07:00.297	1.25457	1.25460			6
2024.12.26	03:07:02.434	1.25458	1.25461			6
2024.12.26	03:07:06.112	1.25459				2
2024.12.26	03:07:07.333	1.25461	1.25463			6
2024.12.26	03:07:07.951	1.25459				2
2024.12.26	03:07:09.162	1.25460				2
2024.12.26	03:07:13.137	1.25459	1.25462			6
2024.12.26	03:07:15.885	1.25461	1.25464			6
2024.12.26	03:07:16.189	1.25462	1.25465			6
2024.12.26	03:07:17.111	1.25461	1.25464			6
2024.12.26	03:07:19.249	1.25459	1.25463			6
2024.12.26	03:07:21.687	1.25458	1.25462			6
2024.12.26	03:07:21.994	1.25459	1.25463			6
2024.12.26	03:07:25.663	1.25458	1.25462			6
2024.12.26	03:07:29.332	1.25459				2
2024.12.26	03:07:30.241	1.25460				2
2024.12.26	03:07:31.766		1.25463			4
2024.12.26	03:07:38.625	1.25458	1.25461			6
2024.12.26	03:07:45.961	1.25459				2
2024.12.26	03:07:47.796	1.25457	1.25459			6
2024.12.26	03:08:00.026	1.25457				2
2024.12.26	03:08:03.082	1.25455	1.25458			6
2024.12.26	03:08:03.384		1.25457			4
2024.12.26	03:08:06.752	1.25456	1.25458			6
2024.12.26	03:08:07.367	1.25457				2
2024.12.26	03:08:15.617	1.25456				2
2024.12.26	03:08:16.227	1.25457				2
2024.12.26	03:08:23.258	1.25455				2
2024.12.26	03:08:25.086	1.25457				2
2024.12.26	03:08:25.390	1.25455	1.25457			6
2024.12.26	03:08:25.706	1.25456				2
2024.12.26	03:08:29.372	1.25453	1.25456			6
2024.12.26	03:08:31.517	1.25456	1.25457			6
2024.12.26	03:08:40.397		1.25458			4
2024.12.26	03:08:45.939	1.25454	1.25457			6
2024.12.26	03:08:46.859	1.25455				2
2024.12.26	03:08:48.093	1.25454				2
2024.12.26	03:08:49.323	1.25455	1.25458			6
2024.12.26	03:08:51.473	1.25454	1.25457			6
2024.12.26	03:08:56.068	1.25455	1.25458			6
2024.12.26	03:08:56.376	1.25454	1.25457			6
2024.12.26	03:08:59.746	1.25456	1.25458			6
2024.12.26	03:09:00.054	1.25456				2
2024.12.26	03:09:01.888	1.25455	1.25457			6
2024.12.26	03:09:04.962	1.25456				2
2024.12.26	03:09:06.185		1.25459			4
2024.12.26	03:09:06.490	1.25457				2
2024.12.26	03:09:10.787	1.25456				2
2024.12.26	03:09:12.618	1.25457				2
2024.12.26	03:09:12.925	1.25458	1.25461			6
2024.12.26	03:09:18.770	1.25456	1.25459			6
2024.12.26	03:09:28.929		1.25458			4
2024.12.26	03:09:31.387	1.25457				2
2024.12.26	03:09:32.918	1.25456				2
2024.12.26	03:09:54.162	1.25454	1.25457			6
2024.12.26	03:09:56.612	1.25453	1.25456			6
2024.12.26	03:09:56.928	1.25454	1.25457			6
2024.12.26	03:09:59.984	1.25455	1.25458			6
2024.12.26	03:10:00.296	1.25456				2
2024.12.26	03:10:04.915	1.25455				2
2024.12.26	03:10:06.151	1.25454	1.25457			6
2024.12.26	03:10:08.608	1.25456	1.25458			6
2024.12.26	03:10:14.727	1.25454	1.25457			6
2024.12.26	03:10:15.650	1.25455	1.25458			6
2024.12.26	03:10:16.566	1.25456				2
2024.12.26	03:10:16.868	1.25455				2
2024.12.26	03:10:17.791	1.25453	1.25456			6
2024.12.26	03:10:30.627	1.25455	1.25458			6
2024.12.26	03:10:32.468	1.25456	1.25459			6
2024.12.26	03:10:35.232	1.25454	1.25457			6
2024.12.26	03:10:35.540	1.25453	1.25456			6
2024.12.26	03:10:41.077	1.25454	1.25457			6
2024.12.26	03:10:41.386	1.25456	1.25458			6
2024.12.26	03:10:41.693	1.25455				2
2024.12.26	03:10:42.309	1.25454				2
2024.12.26	03:10:44.158	1.25455				2
2024.12.26	03:10:45.383	1.25456				2
2024.12.26	03:10:51.232		1.25459			4
2024.12.26	03:10:52.767	1.25457				2
2024.12.26	03:10:53.687	1.25456				2
2024.12.26	03:10:59.841	1.25455	1.25458			6
2024.12.26	03:11:00.152	1.25455				2
2024.12.26	03:11:03.541	1.25456				2
2024.12.26	03:11:06.000	1.25455				2
2024.12.26	03:11:23.806	1.25456	1.25459			6
2024.12.26	03:11:27.202	1.25453	1.25456			6
2024.12.26	03:11:27.816	1.25456	1.25458			6
2024.12.26	03:11:28.119	1.25455				2
2024.12.26	03:11:38.551	1.25453	1.25456			6
2024.12.26	03:11:40.383	1.25447	1.25450			6
2024.12.26	03:11:40.686	1.25441	1.25442			6
2024.12.26	03:11:40.988	1.25437	1.25439			6
2024.12.26	03:11:41.290	1.25436				2
2024.12.26	03:11:42.521	1.25444	1.25448			6
2024.12.26	03:11:42.824	1.25439	1.25444			6
2024.12.26	03:11:43.128		1.25443			4
2024.12.26	03:11:43.444	1.25437	1.25440			6
2024.12.26	03:11:46.521	1.25436				2
2024.12.26	03:11:47.437	1.25437				2
2024.12.26	03:11:52.026	1.25436	1.25439			6
2024.12.26	03:11:52.336		1.25440			4
2024.12.26	03:11:52.639	1.25438				2
2024.12.26	03:11:55.092	1.25436	1.25439			6
2024.12.26	03:12:00.016	1.25436				2
2024.12.26	03:12:00.626	1.25439	1.25443			6
2024.12.26	03:12:01.539		1.25445			4
2024.12.26	03:12:01.846		1.25443			4
2024.12.26	03:12:02.154	1.25440				2
2024.12.26	03:12:03.382	1.25441	1.25446			6
2024.12.26	03:12:05.533	1.25444	1.25449			6
2024.12.26	03:12:05.840	1.25446				2
2024.12.26	03:12:06.150	1.25445				2
2024.12.26	03:12:08.002		1.25450			4
2024.12.26	03:12:08.612	1.25444				2
2024.12.26	03:12:13.221	1.25445				2
2024.12.26	03:12:13.524	1.25453	1.25456			6
2024.12.26	03:12:13.828	1.25452				2
2024.12.26	03:12:14.441	1.25448	1.25451			6
2024.12.26	03:12:19.968	1.25447				2
2024.12.26	03:12:22.722	1.25446	1.25450			6
2024.12.26	03:12:26.096	1.25443	1.25449			6
2024.12.26	03:12:26.404		1.25448			4
2024.12.26	03:12:37.165	1.25445	1.25449			6
2024.12.26	03:12:41.463	1.25444	1.25448			6
2024.12.26	03:12:42.074	1.25443				2
2024.12.26	03:13:00.136	1.25443				2
2024.12.26	03:13:00.752	1.25442				2
2024.12.26	03:13:01.671	1.25443				2
2024.12.26	03:13:05.679	1.25438	1.25440			6
2024.12.26	03:13:06.914	1.25437				2
2024.12.26	03:13:10.906	1.25438	1.25442			6
2024.12.26	03:13:11.208	1.25439	1.25444			6
2024.12.26	03:13:11.526	1.25440				2
2024.12.26	03:13:11.835	1.25439				2
2024.12.26	03:13:13.370		1.25443			4
2024.12.26	03:13:14.291	1.25440				2
2024.12.26	03:13:14.592	1.25439				2
2024.12.26	03:13:20.137	1.25441	1.25445			6
2024.12.26	03:13:23.213	1.25443				2
2024.12.26	03:13:23.522	1.25442				2
2024.12.26	03:13:23.826		1.25446			4
2024.12.26	03:13:26.608	1.25443				2
2024.12.26	03:13:28.766	1.25444	1.25448			6
2024.12.26	03:13:31.842	1.25443	1.25447			6
2024.12.26	03:13:32.772	1.25445	1.25448			6
2024.12.26	03:13:35.237	1.25446				2
2024.12.26	03:13:35.545		1.25449			4
2024.12.26	03:13:35.852		1.25450			4
2024.12.26	03:14:00.161	1.25446				2
2024.12.26	03:14:09.637		1.25449			4
2024.12.26	03:14:11.466	1.25447				2
2024.12.26	03:14:12.379	1.25446				2
2024.12.26	03:14:14.521		1.25448			4
2024.12.26	03:14:17.278	1.25445				2
2024.12.26	03:14:19.415	1.25446				2
2024.12.26	03:14:19.717		1.25449			4
2024.12.26	03:14:20.935	1.25445	1.25448			6
2024.12.26	03:14:21.551	1.25446	1.25449			6
2024.12.26	03:14:23.986	1.25445	1.25448			6
2024.12.26	03:14:26.419	1.25446	1.25449			6
2024.12.26	03:14:26.722	1.25447				2
2024.12.26	03:14:30.383	1.25446				2
2024.12.26	03:14:36.825	1.25447				2
2024.12.26	03:14:37.746	1.25446	1.25448			6
2024.12.26	03:14:38.050	1.25445				2
2024.12.26	03:14:39.276	1.25446				2
2024.12.26	03:14:39.579	1.25443	1.25446			6
2024.12.26	03:14:39.883	1.25444	1.25447			6
2024.12.26	03:14:46.587	1.25442	1.25445			6
2024.12.26	03:14:47.817	1.25444	1.25447			6
2024.12.26	03:14:50.862	1.25443	1.25446			6
2024.12.26	03:14:51.772	1.25444	1.25447			6
2024.12.26	03:14:57.874	1.25445	1.25448			6
2024.12.26	03:14:59.712	1.25446	1.25449			6
2024.12.26	03:15:00.013	1.25446				2
2024.12.26	03:15:01.833	1.25449	1.25450			6
2024.12.26	03:15:02.136	1.25453	1.25456			6
2024.12.26	03:15:03.362	1.25451	1.25457			6
2024.12.26	03:15:03.670	1.25450	1.25455			6
2024.12.26	03:15:03.984	1.25449	1.25454			6
2024.12.26	03:15:08.309	1.25448	1.25453			6
2024.12.26	03:15:11.072	1.25447				2
2024.12.26	03:15:12.301	1.25449				2
2024.12.26	03:15:12.926	1.25450				2
2024.12.26	03:15:14.762	1.25449				2
2024.12.26	03:15:16.611	1.25451	1.25455			6
2024.12.26	03:15:16.923	1.25453	1.25456			6
2024.12.26	03:15:17.544	1.25451				2
2024.12.26	03:15:19.078	1.25450	1.25455			6
2024.12.26	03:15:19.379	1.25449	1.25454			6
2024.12.26	03:15:19.694	1.25450				2
2024.12.26	03:15:20.003	1.25449				2
2024.12.26	03:15:20.617		1.25455			4
2024.12.26	03:15:21.540	1.25450				2
2024.12.26	03:15:22.462	1.25449	1.25454			6
2024.12.26	03:15:23.391		1.25453			4
2024.12.26	03:15:23.693	1.25448				2
2024.12.26	03:15:24.623	1.25449				2
2024.12.26	03:15:25.235		1.25454			4
2024.12.26	03:15:25.861		1.25453			4
2024.12.26	03:15:26.165		1.25454			4
2024.12.26	03:15:26.472	1.25448	1.25453			6
2024.12.26	03:15:27.090		1.25454			4
2024.12.26	03:15:28.941		1.25453			4
2024.12.26	03:15:30.484		1.25452			4
2024.12.26	03:15:40.341		1.25453			4
2024.12.26	03:15:41.557	1.25445	1.25450			6
2024.12.26	03:15:42.163	1.25446				2
2024.12.26	03:15:42.472	1.25445	1.25449			6
2024.12.26	03:15:42.777	1.25444	1.25448			6
2024.12.26	03:15:45.526	1.25445				2
2024.12.26	03:15:45.838	1.25444				2
2024.12.26	03:15:46.141	1.25445				2
2024.12.26	03:15:46.757		1.25450			4
2024.12.26	03:15:48.280	1.25444	1.25449			6
2024.12.26	03:15:50.109		1.25448			4
2024.12.26	03:15:50.715	1.25443	1.25447			6
2024.12.26	03:15:57.162	1.25444	1.25446			6
2024.12.26	03:15:58.999		1.25447			4
2024.12.26	03:16:00.218	1.25444				2
2024.12.26	03:16:45.766	1.25443	1.25446			6
2024.12.26	03:16:51.869		1.25445			4
2024.12.26	03:16:52.177	1.25440	1.25443			6
2024.12.26	03:16:52.481	1.25441	1.25444			6
2024.12.26	03:16:52.787	1.25444	1.25447			6
2024.12.26	03:16:57.074	1.25445	1.25448			6
2024.12.26	03:17:00.138	1.25445				2
2024.12.26	03:17:00.749	1.25443	1.25446			6
2024.12.26	03:17:04.414	1.25439	1.25442			6
2024.12.26	03:17:05.329	1.25438				2
2024.12.26	03:17:06.257	1.25440	1.25444			6
2024.12.26	03:17:07.181		1.25443			4
2024.12.26	03:17:07.493		1.25444			4
2024.12.26	03:17:08.104	1.25438	1.25442			6
2024.12.26	03:17:15.152	1.25439				2
2024.12.26	03:17:28.296	1.25438	1.25441			6
2024.12.26	03:17:29.511	1.25440	1.25443			6
2024.12.26	03:17:31.037	1.25439	1.25442			6
2024.12.26	03:17:48.807	1.25440	1.25443			6
2024.12.26	03:17:53.399	1.25439	1.25442			6
2024.12.26	03:17:53.703	1.25438	1.25441			6
2024.12.26	03:17:54.009	1.25439	1.25442			6
2024.12.26	03:17:55.547	1.25438	1.25441			6
2024.12.26	03:17:55.852	1.25437	1.25440			6
2024.12.26	03:17:56.162	1.25436	1.25439			6
2024.12.26	03:17:58.633	1.25437	1.25440			6
2024.12.26	03:17:59.559	1.25438	1.25441			6
2024.12.26	03:18:00.174	1.25438				2
2024.12.26	03:18:00.480	1.25437	1.25440			6
2024.12.26	03:18:06.334	1.25438	1.25441			6
2024.12.26	03:18:10.637		1.25440			4
2024.12.26	03:18:11.252	1.25437				2
2024.12.26	03:18:11.556	1.25436	1.25439			6
2024.12.26	03:18:11.861	1.25435	1.25438			6
2024.12.26	03:18:12.170	1.25436	1.25439			6
2024.12.26	03:18:15.531	1.25437	1.25440			6
2024.12.26	03:18:15.838	1.25435	1.25438			6
2024.12.26	03:18:17.672	1.25436	1.25439			6
2024.12.26	03:18:24.107	1.25438	1.25441			6
2024.12.26	03:18:29.925	1.25437	1.25440			6
2024.12.26	03:18:32.684	1.25427	1.25430			6
2024.12.26	03:18:32.987	1.25428	1.25431			6
2024.12.26	03:18:33.298	1.25427	1.25433			6
2024.12.26	03:18:37.261	1.25431	1.25437			6
2024.12.26	03:18:45.556	1.25433				2
2024.12.26	03:18:47.721	1.25426	1.25432			6
2024.12.26	03:18:48.641	1.25428	1.25434			6
2024.12.26	03:18:49.869	1.25427	1.25433			6
2024.12.26	03:18:53.568	1.25429	1.25435			6
2024.12.26	03:18:55.721		1.25434			4
2024.12.26	03:18:56.023	1.25432	1.25436			6
2024.12.26	03:18:59.413	1.25429	1.25435			6
2024.12.26	03:19:00.032	1.25429				2
2024.12.26	03:19:00.949	1.25431				2
2024.12.26	03:19:06.504	1.25433	1.25437			6
2024.12.26	03:19:20.349	1.25431				2
2024.12.26	03:19:25.247	1.25432				2
2024.12.26	03:19:25.556		1.25438			4
2024.12.26	03:19:25.858	1.25434	1.25439			6
2024.12.26	03:19:26.467	1.25436	1.25440			6
2024.12.26	03:19:28.299	1.25437				2
2024.12.26	03:19:29.217	1.25436				2
2024.12.26	03:19:31.677	1.25435				2
2024.12.26	03:19:31.985	1.25434				2
2024.12.26	03:19:32.597		1.25439			4
2024.12.26	03:19:36.919	1.25435	1.25440			6
2024.12.26	03:19:37.536	1.25434				2
2024.12.26	03:19:39.077		1.25439			4
2024.12.26	03:19:39.692	1.25436	1.25441			6
2024.12.26	03:19:43.085	1.25437				2
2024.12.26	03:19:51.979	1.25438	1.25443			6
2024.12.26	03:19:52.286	1.25437				2
2024.12.26	03:19:52.588	1.25438				2
2024.12.26	03:19:54.728	1.25437				2
2024.12.26	03:19:55.341		1.25441			4
2024.12.26	03:19:55.646		1.25442			4
2024.12.26	03:19:58.734	1.25438				2
2024.12.26	03:19:59.345	1.25437				2
2024.12.26	03:20:00.275	1.25437	1.25443			6
2024.12.26	03:20:03.348		1.25442			4
2024.12.26	03:20:03.965	1.25435	1.25440			6
2024.12.26	03:20:04.580	1.25436				2
2024.12.26	03:20:05.499	1.25437	1.25442			6
2024.12.26	03:20:07.971	1.25438				2
2024.12.26	03:20:28.227	1.25439				2
2024.12.26	03:20:29.154	1.25443	1.25446			6
2024.12.26	03:20:30.385	1.25439	1.25444			6
2024.12.26	03:20:30.999	1.25438				2
2024.12.26	03:20:33.763		1.25443			4
2024.12.26	03:20:35.584	1.25439	1.25444			6
2024.12.26	03:20:35.889	1.25440	1.25445			6
2024.12.26	03:20:36.192		1.25444			4
2024.12.26	03:20:36.497	1.25439	1.25442			6
2024.12.26	03:20:37.418		1.25443			4
2024.12.26	03:20:40.478	1.25437	1.25441			6
2024.12.26	03:20:40.781	1.25436				2
2024.12.26	03:20:41.693	1.25437				2
2024.12.26	03:20:42.610	1.25434	1.25439			6
2024.12.26	03:20:42.919		1.25438			4
2024.12.26	03:20:47.537		1.25440			4
2024.12.26	03:20:48.761	1.25435				2
2024.12.26	03:20:55.166	1.25434	1.25439			6
2024.12.26	03:20:57.002	1.25435				2
2024.12.26	03:20:57.304	1.25434				2
2024.12.26	03:20:57.612	1.25435				2
2024.12.26	03:20:59.130		1.25438			4
2024.12.26	03:21:00.047	1.25435				2
2024.12.26	03:21:00.353	1.25434				2
2024.12.26	03:21:01.269		1.25437			4
2024.12.26	03:21:06.783	1.25433	1.25436			6
2024.12.26	03:21:07.085		1.25435			4
2024.12.26	03:21:07.996	1.25428	1.25431			6
2024.12.26	03:21:08.301		1.25433			4
2024.12.26	03:21:13.287		1.25432			4
2024.12.26	03:21:16.046	1.25429	1.25434			6
2024.12.26	03:21:16.352		1.25435			4
2024.12.26	03:21:18.194	1.25431				2
2024.12.26	03:21:22.477		1.25434			4
2024.12.26	03:21:23.700	1.25430				2
2024.12.26	03:21:24.004		1.25435			4
2024.12.26	03:21:27.366		1.25434			4
2024.12.26	03:21:31.961	1.25433	1.25437			6
2024.12.26	03:21:32.262		1.25438			4
2024.12.26	03:21:33.503	1.25432				2
2024.12.26	03:21:33.810	1.25434	1.25439			6
2024.12.26	03:21:34.117	1.25435				2
2024.12.26	03:21:35.340	1.25436				2
2024.12.26	03:21:36.259	1.25437				2
2024.12.26	03:21:37.178	1.25435				2
2024.12.26	03:21:37.792	1.25436				2
2024.12.26	03:21:38.100	1.25435				2
2024.12.26	03:21:40.536	1.25436	1.25440			6
2024.12.26	03:21:40.841	1.25435				2
2024.12.26	03:21:42.365		1.25439			4
2024.12.26	03:21:44.195	1.25432	1.25436			6
2024.12.26	03:21:44.503	1.25431				2
2024.12.26	03:21:49.403		1.25435			4
2024.12.26	03:21:54.305		1.25436			4
2024.12.26	03:21:56.433	1.25432	1.25438			6
2024.12.26	03:22:00.107	1.25432				2
2024.12.26	03:22:01.334	1.25433				2
2024.12.26	03:22:02.864	1.25434				2
2024.12.26	03:22:03.477	1.25432	1.25437			6
2024.12.26	03:22:06.538	1.25433				2
2024.12.26	03:22:06.842	1.25434	1.25439			6
2024.12.26	03:22:11.452	1.25435				2
2024.12.26	03:22:12.059	1.25434	1.25437			6
2024.12.26	03:22:12.359	1.25433				2
2024.12.26	03:22:12.663	1.25426	1.25430			6
2024.12.26	03:22:16.962	1.25427	1.25431			6
2024.12.26	03:22:28.003	1.25433	1.25437			6
2024.12.26	03:22:37.166	1.25435	1.25439			6
2024.12.26	03:22:37.470	1.25436				2
2024.12.26	03:22:39.917	1.25443	1.25447			6
2024.12.26	03:22:53.370	1.25439	1.25443			6
2024.12.26	03:22:53.984	1.25438	1.25442			6
2024.12.26	03:23:00.107	1.25438				2
2024.12.26	03:23:01.027	1.25441	1.25445			6
2024.12.26	03:23:01.334	1.25442	1.25446			6
2024.12.26	03:23:04.393	1.25443	1.25447			6
2024.12.26	03:23:04.693	1.25445	1.25449			6
2024.12.26	03:23:21.505	1.25446	1.25450			6
2024.12.26	03:23:38.068	1.25438	1.25442			6
2024.12.26	03:23:38.685	1.25437	1.25441			6
2024.12.26	03:23:42.372	1.25438				2
2024.12.26	03:23:59.001		1.25442			4
2024.12.26	03:24:00.236	1.25438				2
2024.12.26	03:24:13.489	1.25436	1.25440			6
2024.12.26	03:24:13.790	1.25430	1.25434			6
2024.12.26	03:24:20.888	1.25429	1.25433			6
2024.12.26	03:24:36.552	1.25424	1.25428			6
2024.12.26	03:24:38.393	1.25414	1.25418			6
2024.12.26	03:24:39.626	1.25417	1.25421			6
2024.12.26	03:24:40.233	1.25421	1.25425			6
2024.12.26	03:24:43.007	1.25422	1.25426			6
2024.12.26	03:24:44.543	1.25421	1.25425			6
2024.12.26	03:24:55.018	1.25420	1.25424			6
2024.12.26	03:25:00.257	1.25420				2
2024.12.26	03:25:01.484	1.25419	1.25423			6
2024.12.26	03:25:01.794	1.25417	1.25421			6
2024.12.26	03:25:02.403	1.25419	1.25423			6
2024.12.26	03:25:03.021	1.25415	1.25419			6
2024.12.26	03:25:03.941	1.25416	1.25420			6
2024.12.26	03:25:04.246	1.25418	1.25421			6
2024.12.26	03:25:06.097	1.25415	1.25419			6
2024.12.26	03:25:06.405	1.25408	1.25412			6
2024.12.26	03:25:06.714	1.25411	1.25415			6
2024.12.26	03:25:09.492	1.25412	1.25416			6
2024.12.26	03:25:14.412	1.25410	1.25414			6
2024.12.26	03:25:14.719	1.25409	1.25413			6
2024.12.26	03:25:15.021	1.25410	1.25414			6
2024.12.26	03:25:15.936	1.25409	1.25413			6
2024.12.26	03:25:18.091	1.25408	1.25412			6
2024.12.26	03:25:18.393	1.25409				2
2024.12.26	03:25:19.010	1.25408				2
2024.12.26	03:25:19.930	1.25409	1.25413			6
2024.12.26	03:25:23.299	1.25410	1.25414			6
2024.12.26	03:25:29.141	1.25409	1.25413			6
2024.12.26	03:25:33.734	1.25410	1.25414			6
2024.12.26	03:25:34.958	1.25411	1.25415			6
2024.12.26	03:25:38.325	1.25409	1.25413			6
2024.12.26	03:25:38.630	1.25404	1.25408			6
2024.12.26	03:25:38.937	1.25401	1.25405			6
2024.12.26	03:25:40.468	1.25402	1.25406			6
2024.12.26	03:25:42.907	1.25400	1.25404			6
2024.12.26	03:25:52.755	1.25392	1.25396			6
2024.12.26	03:25:53.062	1.25393	1.25397			6
2024.12.26	03:26:00.127	1.25393				2
2024.12.26	03:26:00.436	1.25384	1.25388			6
2024.12.26	03:26:00.740	1.25387	1.25391			6
2024.12.26	03:26:01.043	1.25388	1.25392			6
2024.12.26	03:26:02.284	1.25384	1.25388			6
2024.12.26	03:26:03.823	1.25388	1.25392			6
2024.12.26	03:26:05.359	1.25387	1.25391			6
2024.12.26	03:26:07.202	1.25384	1.25388			6
2024.12.26	03:26:13.351	1.25386	1.25390			6
2024.12.26	03:26:16.109	1.25387	1.25391			6
2024.12.26	03:26:18.873	1.25385	1.25389			6
2024.12.26	03:26:19.179	1.25382	1.25386			6
2024.12.26	03:26:19.480	1.25381	1.25385			6
2024.12.26	03:26:20.407	1.25382	1.25386			6
2024.12.26	03:26:25.019	1.25384	1.25388			6
2024.12.26	03:26:27.468	1.25382	1.25386			6
2024.12.26	03:26:37.295	1.25381	1.25385			6
2024.12.26	03:26:47.742	1.25379	1.25383			6
2024.12.26	03:26:51.736	1.25380	1.25384			6
2024.12.26	03:26:57.261	1.25386	1.25389			6
2024.12.26	03:26:58.491		1.25390			4
2024.12.26	03:26:59.414	1.25388	1.25391			6
2024.12.26	03:26:59.715		1.25392			4
2024.12.26	03:27:00.030	1.25388				2
2024.12.26	03:27:00.947	1.25390	1.25394			6
2024.12.26	03:27:06.465	1.25391	1.25395			6
2024.12.26	03:27:08.001	1.25389	1.25390			6
2024.12.26	03:27:08.303	1.25383	1.25387			6
2024.12.26	03:27:08.926	1.25381	1.25385			6
2024.12.26	03:27:13.848	1.25385	1.25389			6
2024.12.26	03:27:14.157	1.25383	1.25387			6
2024.12.26	03:27:19.395	1.25384	1.25388			6
2024.12.26	03:27:29.809	1.25385	1.25389			6
2024.12.26	03:27:31.647	1.25390	1.25394			6
2024.12.26	03:27:34.414	1.25392	1.25396			6
2024.12.26	03:27:37.034	1.25394	1.25398			6
2024.12.26	03:27:37.344	1.25395	1.25399			6
2024.12.26	03:27:37.965	1.25394	1.25398			6
2024.12.26	03:27:38.576	1.25390	1.25394			6
2024.12.26	03:27:39.817	1.25389	1.25393			6
2024.12.26	03:27:40.430	1.25390	1.25394			6
2024.12.26	03:27:41.971	1.25389	1.25392			6
2024.12.26	03:27:52.379	1.25391	1.25395			6
2024.12.26	03:27:55.432	1.25392	1.25396			6
2024.12.26	03:28:00.022	1.25392				2
2024.12.26	03:28:03.694	1.25389	1.25393			6
2024.12.26	03:28:04.006	1.25390				2
2024.12.26	03:28:04.921	1.25391	1.25395			6
2024.12.26	03:28:05.535	1.25382	1.25383			6
2024.12.26	03:28:05.843	1.25380	1.25384			6
2024.12.26	03:28:07.378	1.25381				2
2024.12.26	03:28:08.615	1.25380				2
2024.12.26	03:28:08.920	1.25381				2
2024.12.26	03:28:10.143	1.25382	1.25386			6
2024.12.26	03:28:33.714	1.25381	1.25385			6
2024.12.26	03:28:46.277	1.25382	1.25386			6
2024.12.26	03:28:46.590	1.25383	1.25387			6
2024.12.26	03:28:46.892	1.25384	1.25388			6
2024.12.26	03:28:51.501	1.25390	1.25392			6
2024.12.26	03:28:51.809	1.25391	1.25395			6
2024.12.26	03:28:54.578	1.25387	1.25391			6
2024.12.26	03:29:00.115	1.25387				2
2024.12.26	03:29:01.646	1.25386	1.25390			6
2024.12.26	03:29:02.874	1.25391	1.25393			6
2024.12.26	03:29:03.182	1.25392	1.25396			6
2024.12.26	03:29:04.410	1.25390	1.25394			6
2024.12.26	03:29:07.171	1.25388	1.25392			6
2024.12.26	03:29:09.626	1.25389	1.25393			6
2024.12.26	03:29:12.392	1.25388	1.25392			6
2024.12.26	03:29:15.767	1.25390	1.25394			6
2024.12.26	03:29:16.681	1.25389	1.25392			6
2024.12.26	03:29:17.915	1.25387	1.25391			6
2024.12.26	03:29:20.063		1.25390			4
2024.12.26	03:29:20.375		1.25391			4
2024.12.26	03:29:26.820	1.25390	1.25392			6
2024.12.26	03:29:27.126		1.25394			4
2024.12.26	03:29:28.962	1.25391	1.25395			6
2024.12.26	03:29:33.567	1.25392	1.25396			6
2024.12.26	03:29:39.365	1.25391	1.25395			6
2024.12.26	03:29:43.035	1.25390	1.25394			6
2024.12.26	03:29:50.699	1.25394	1.25398			6
2024.12.26	03:29:51.006	1.25396	1.25400			6
2024.12.26	03:29:53.160	1.25397	1.25401			6
2024.12.26	03:29:56.555	1.25396	1.25400			6
2024.12.26	03:29:59.017	1.25398	1.25402			6
2024.12.26	03:29:59.939		1.25401			4
2024.12.26	03:30:00.250	1.25398				2
2024.12.26	03:30:00.864		1.25402			4
2024.12.26	03:30:01.173	1.25399	1.25403			6
2024.12.26	03:30:01.484	1.25401	1.25405			6
2024.12.26	03:30:04.250	1.25402	1.25406			6
2024.12.26	03:30:06.702	1.25404	1.25408			6
2024.12.26	03:30:07.003	1.25406	1.25410			6
2024.12.26	03:30:07.942	1.25405	1.25409			6
2024.12.26	03:30:09.778	1.25406	1.25410			6
2024.12.26	03:30:11.620	1.25404	1.25408			6
2024.12.26	03:30:12.852	1.25406	1.25410			6
2024.12.26	03:30:13.468	1.25407	1.25411			6
2024.12.26	03:30:14.081		1.25410			4
2024.12.26	03:30:14.393	1.25406				2
2024.12.26	03:30:15.306	1.25407	1.25411			6
2024.12.26	03:30:16.231	1.25404	1.25408			6
2024.12.26	03:30:16.533	1.25402	1.25406			6
2024.12.26	03:30:17.757	1.25392	1.25393			6
2024.12.26	03:30:18.067	1.25386	1.25390			6
2024.12.26	03:30:19.592	1.25392	1.25396			6
2024.12.26	03:30:33.395	1.25393	1.25397			6
2024.12.26	03:30:46.249	1.25392	1.25396			6
2024.12.26	03:30:46.866	1.25393	1.25397			6
2024.12.26	03:30:53.617	1.25392	1.25396			6
2024.12.26	03:31:00.045	1.25392				2
2024.12.26	03:31:03.723	1.25390	1.25394			6
2024.12.26	03:31:09.664	1.25391	1.25395			6
2024.12.26	03:31:12.428	1.25393	1.25397			6
2024.12.26	03:31:24.740	1.25389	1.25390			6
2024.12.26	03:31:25.045	1.25383	1.25387			6
2024.12.26	03:31:30.580		1.25389			4
2024.12.26	03:31:33.030		1.25388			4
2024.12.26	03:31:34.561	1.25385	1.25390			6
2024.12.26	03:31:34.872	1.25384	1.25388			6
2024.12.26	03:31:44.977	1.25390	1.25394			6
2024.12.26	03:31:45.589	1.25392	1.25396			6
2024.12.26	03:31:48.650	1.25391	1.25395			6
2024.12.26	03:31:51.706	1.25392	1.25396			6
2024.12.26	03:32:00.007	1.25392				2
2024.12.26	03:32:01.241	1.25397	1.25400			6
2024.12.26	03:32:01.544		1.25401			4
2024.12.26	03:32:01.853		1.25400			4
2024.12.26	03:32:05.236		1.25401			4
2024.12.26	03:32:08.606	1.25395	1.25399			6
2024.12.26	03:32:14.731	1.25396	1.25400			6
2024.12.26	03:32:17.788	1.25395	1.25399			6
2024.12.26	03:32:18.700	1.25400	1.25401			6
2024.12.26	03:32:19.006	1.25398				2
2024.12.26	03:32:19.306	1.25396	1.25400			6
2024.12.26	03:32:19.612	1.25394	1.25398			6
2024.12.26	03:32:20.233	1.25390	1.25394			6
2024.12.26	03:32:20.851	1.25391				2
2024.12.26	03:32:21.156	1.25390				2
2024.12.26	03:32:24.240	1.25391	1.25395			6
2024.12.26	03:32:27.941	1.25386	1.25387			6
2024.12.26	03:32:28.862	1.25382	1.25386			6
2024.12.26	03:32:33.163	1.25383	1.25387			6
2024.12.26	03:33:00.133	1.25383				2
2024.12.26	03:33:13.664	1.25381	1.25385			6
2024.12.26	03:33:21.359	1.25382	1.25386			6
2024.12.26	03:33:22.279	1.25383	1.25387			6
2024.12.26	03:33:22.588	1.25387	1.25391			6
2024.12.26	03:33:28.135	1.25386	1.25390			6
2024.12.26	03:33:29.982	1.25384	1.25388			6
2024.12.26	03:33:31.212	1.25386	1.25390			6
2024.12.26	03:33:32.141		1.25389			4
2024.12.26	03:33:32.458		1.25390			4
2024.12.26	03:33:32.761		1.25389			4
2024.12.26	03:33:33.376		1.25390			4
2024.12.26	03:33:37.376		1.25389			4
2024.12.26	03:33:41.973	1.25385				2
2024.12.26	03:33:42.887	1.25384	1.25388			6
2024.12.26	03:33:43.193	1.25383	1.25386			6
2024.12.26	03:33:46.853	1.25382				2
2024.12.26	03:33:50.840	1.25381	1.25385			6
2024.12.26	03:33:54.190	1.25382	1.25386			6
2024.12.26	03:33:59.992	1.25383				2
2024.12.26	03:34:00.298	1.25382				2
2024.12.26	03:34:00.601	1.25381	1.25385			6
2024.12.26	03:34:02.429	1.25383	1.25387			6
2024.12.26	03:34:03.343	1.25384				2
2024.12.26	03:34:04.255	1.25383				2
2024.12.26	03:34:05.167	1.25384				2
2024.12.26	03:34:05.473		1.25388			4
2024.12.26	03:34:07.297	1.25388	1.25392			6
2024.12.26	03:34:09.129	1.25387				2
2024.12.26	03:34:12.799		1.25391			4
2024.12.26	03:34:13.108	1.25388				2
2024.12.26	03:34:13.721	1.25394	1.25398			6
2024.12.26	03:34:14.334		1.25399			4
2024.12.26	03:34:15.254	1.25392				2
2024.12.26	03:34:17.095	1.25395	1.25401			6
2024.12.26	03:34:17.399	1.25394	1.25400			6
2024.12.26	03:34:18.318	1.25393				2
2024.12.26	03:34:24.445		1.25401			4
2024.12.26	03:34:26.893	1.25392	1.25399			6
2024.12.26	03:34:30.267	1.25394	1.25400			6
2024.12.26	03:34:33.648	1.25396	1.25402			6
2024.12.26	03:34:34.271	1.25397				2
2024.12.26	03:34:35.194	1.25396				2
2024.12.26	03:34:37.350	1.25397				2
2024.12.26	03:34:38.706	1.25396				2
2024.12.26	03:34:39.010	1.25397				2
2024.12.26	03:34:41.170	1.25395	1.25401			6
2024.12.26	03:34:41.470	1.25396	1.25402			6
2024.12.26	03:34:42.401	1.25393	1.25400			6
2024.12.26	03:34:43.940	1.25396	1.25402			6
2024.12.26	03:34:44.562	1.25395				2
2024.12.26	03:34:45.480	1.25394				2
2024.12.26	03:34:46.705	1.25393	1.25401			6
2024.12.26	03:34:47.325	1.25394	1.25402			6
2024.12.26	03:34:47.636	1.25393	1.25401			6
2024.12.26	03:34:48.560	1.25394	1.25402			6
2024.12.26	03:34:49.170		1.25401			4
2024.12.26	03:34:53.153	1.25396				2
2024.12.26	03:34:55.605	1.25395				2
2024.12.26	03:34:56.519	1.25394	1.25400			6
2024.12.26	03:34:56.821	1.25395	1.25401			6
2024.12.26	03:34:57.128	1.25394	1.25400			6
2024.12.26	03:34:57.433	1.25395	1.25401			6
2024.12.26	03:35:00.178	1.25395				2
2024.12.26	03:35:02.613	1.25394	1.25400			6
2024.12.26	03:35:03.227	1.25395				2
2024.12.26	03:35:04.449	1.25396				2
2024.12.26	03:35:05.716	1.25395				2
2024.12.26	03:35:10.281		1.25399			4
2024.12.26	03:35:10.587	1.25394				2
2024.12.26	03:35:11.194		1.25398			4
2024.12.26	03:35:12.102		1.25399			4
2024.12.26	03:35:13.323		1.25398			4
2024.12.26	03:35:19.436	1.25392	1.25396			6
2024.12.26	03:35:29.221	1.25393				2
2024.12.26	03:35:34.704	1.25398	1.25401			6
2024.12.26	03:35:35.012	1.25404	1.25407			6
2024.12.26	03:35:36.231	1.25401				2
2024.12.26	03:35:36.851	1.25396	1.25404			6
2024.12.26	03:35:43.620	1.25397				2
2024.12.26	03:35:43.925	1.25396				2
2024.12.26	03:35:44.857	1.25401	1.25407			6
2024.12.26	03:35:47.941	1.25399				2
2024.12.26	03:35:49.486	1.25400				2
2024.12.26	03:35:51.645	1.25402				2
2024.12.26	03:35:53.490		1.25409			4
2024.12.26	03:35:53.800	1.25404	1.25411			6
2024.12.26	03:35:56.267	1.25405				2
2024.12.26	03:35:57.191	1.25403				2
2024.12.26	03:36:00.280	1.25403				2
2024.12.26	03:36:02.441		1.25410			4
2024.12.26	03:36:03.371		1.25411			4
2024.12.26	03:36:07.360	1.25404				2
2024.12.26	03:36:11.955		1.25412			4
2024.12.26	03:36:12.263	1.25406				2
2024.12.26	03:36:12.572		1.25413			4
2024.12.26	03:36:19.617	1.25407				2
2024.12.26	03:36:20.531	1.25409				2
2024.12.26	03:36:20.837	1.25411	1.25417			6
2024.12.26	03:36:21.144	1.25410				2
2024.12.26	03:36:22.668	1.25409	1.25415			6
2024.12.26	03:36:22.975	1.25406	1.25413			6
2024.12.26	03:36:23.287	1.25407	1.25414			6
2024.12.26	03:36:24.204	1.25406	1.25410			6
2024.12.26	03:36:35.528		1.25411			4
2024.12.26	03:36:36.140	1.25410	1.25415			6
2024.12.26	03:36:39.821	1.25409	1.25413			6
2024.12.26	03:36:40.127	1.25407	1.25412			6
2024.12.26	03:36:44.118	1.25404	1.25408			6
2024.12.26	03:36:44.732	1.25405	1.25409			6
2024.12.26	03:36:46.265	1.25406				2
2024.12.26	03:36:49.341	1.25411	1.25416			6
2024.12.26	03:36:50.569	1.25408	1.25412			6
2024.12.26	03:36:50.873	1.25406	1.25411			6
2024.12.26	03:36:51.790	1.25408	1.25413			6
2024.12.26	03:36:52.098	1.25407	1.25411			6
2024.12.26	03:36:54.237	1.25409	1.25414			6
2024.12.26	03:36:55.462	1.25407	1.25413			6
2024.12.26	03:36:56.081		1.25412			4
2024.12.26	03:36:59.164	1.25406				2
2024.12.26	03:37:00.095	1.25406				2
2024.12.26	03:37:04.110		1.25414			4
2024.12.26	03:37:10.353	1.25407				2
2024.12.26	03:37:14.330		1.25415			4
2024.12.26	03:37:14.634		1.25414			4
2024.12.26	03:37:20.772	1.25406				2
2024.12.26	03:37:22.917	1.25407				2
2024.12.26	03:37:26.307	1.25408				2
2024.12.26	03:37:31.224	1.25407	1.25413			6
2024.12.26	03:37:33.366	1.25408	1.25414			6
2024.12.26	03:37:34.893	1.25407	1.25413			6
2024.12.26	03:37:36.560	1.25408	1.25414			6
2024.12.26	03:37:38.396	1.25407	1.25413			6
2024.12.26	03:37:41.137	1.25408				2
2024.12.26	03:37:41.441	1.25407	1.25412			6
2024.12.26	03:37:42.358	1.25408	1.25413			6
2024.12.26	03:37:43.886	1.25412	1.25416			6
2024.12.26	03:37:44.194	1.25414	1.25418			6
2024.12.26	03:37:45.120	1.25412				2
2024.12.26	03:37:49.118	1.25411				2
2024.12.26	03:37:57.117	1.25412				2
2024.12.26	03:37:57.732	1.25413				2
2024.12.26	03:37:59.581	1.25412				2
2024.12.26	03:38:00.193	1.25412				2
2024.12.26	03:38:01.730	1.25413				2
2024.12.26	03:38:05.741	1.25412				2
2024.12.26	03:38:13.383	1.25413				2
2024.12.26	03:38:17.344	1.25415				2
2024.12.26	03:38:22.854	1.25414				2
2024.12.26	03:38:33.251	1.25415				2
2024.12.26	03:38:35.081	1.25414	1.25417			6
2024.12.26	03:38:35.684	1.25415	1.25418			6
2024.12.26	03:38:35.993	1.25414	1.25417			6
2024.12.26	03:38:36.601	1.25415	1.25418			6
2024.12.26	03:38:36.908	1.25418	1.25421			6
2024.12.26	03:38:37.519	1.25416	1.25419			6
2024.12.26	03:38:37.821	1.25417	1.25420			6
2024.12.26	03:38:38.128	1.25416				2
2024.12.26	03:38:39.344	1.25419	1.25422			6
2024.12.26	03:38:39.650	1.25418	1.25421			6
2024.12.26	03:38:39.956	1.25419	1.25422			6
2024.12.26	03:38:40.266	1.25417	1.25421			6
2024.12.26	03:38:40.573	1.25418	1.25422			6
2024.12.26	03:38:43.019	1.25417	1.25421			6
2024.12.26	03:38:43.327	1.25418				2
2024.12.26	03:38:46.693	1.25419	1.25422			6
2024.12.26	03:38:50.360	1.25418	1.25421			6
2024.12.26	03:38:50.666	1.25419	1.25422			6
2024.12.26	03:38:50.979	1.25420	1.25423			6
2024.12.26	03:38:51.281	1.25419	1.25422			6
2024.12.26	03:38:55.254	1.25418	1.25421			6
2024.12.26	03:38:55.565	1.25419	1.25422			6
2024.12.26	03:38:57.089	1.25418	1.25421			6
2024.12.26	03:38:57.696	1.25419	1.25422			6
2024.12.26	03:39:00.141	1.25419				2
2024.12.26	03:39:01.379	1.25418	1.25421			6
2024.12.26	03:39:01.683	1.25417	1.25420			6
2024.12.26	03:39:01.987	1.25418	1.25421			6
2024.12.26	03:39:05.038	1.25417	1.25420			6
2024.12.26	03:39:05.340	1.25418	1.25421			6
2024.12.26	03:39:20.026	1.25417	1.25420			6
2024.12.26	03:39:20.329	1.25418	1.25421			6
2024.12.26	03:39:21.863	1.25420	1.25423			6
2024.12.26	03:39:24.013	1.25419	1.25422			6
2024.12.26	03:39:24.314	1.25420	1.25423			6
2024.12.26	03:39:25.842	1.25419	1.25422			6
2024.12.26	03:39:26.150	1.25420	1.25423			6
2024.12.26	03:39:27.675	1.25419	1.25422			6
2024.12.26	03:39:28.284	1.25420	1.25423			6
2024.12.26	03:39:31.037	1.25419	1.25422			6
2024.12.26	03:39:31.345	1.25418	1.25421			6
2024.12.26	03:39:32.876	1.25417	1.25420			6
2024.12.26	03:39:33.177	1.25418	1.25421			6
2024.12.26	03:39:34.101	1.25419	1.25422			6
2024.12.26	03:39:34.405	1.25418	1.25421			6
2024.12.26	03:39:35.016	1.25417	1.25420			6
2024.12.26	03:39:38.379	1.25419	1.25422			6
2024.12.26	03:39:41.739	1.25418	1.25421			6
2024.12.26	03:39:47.834	1.25419	1.25422			6
2024.12.26	03:39:50.282	1.25418	1.25421			6
2024.12.26	03:39:50.895	1.25417	1.25420			6
2024.12.26	03:39:51.512	1.25418	1.25421			6
2024.12.26	03:39:51.819	1.25417	1.25420			6
2024.12.26	03:39:54.557	1.25419	1.25422			6
2024.12.26	03:39:54.860	1.25418	1.25421			6
2024.12.26	03:39:56.075	1.25419	1.25422			6
2024.12.26	03:39:56.379	1.25418	1.25421			6
2024.12.26	03:39:56.690	1.25419	1.25422			6
2024.12.26	03:39:56.997	1.25418	1.25421			6
2024.12.26	03:39:57.602	1.25419	1.25422			6
2024.12.26	03:39:57.906	1.25418	1.25421			6
2024.12.26	03:40:00.042	1.25418				2
2024.12.26	03:40:04.009	1.25419	1.25422			6
2024.12.26	03:40:04.315	1.25418	1.25421			6
2024.12.26	03:40:07.361	1.25419	1.25422			6
2024.12.26	03:40:07.669	1.25418	1.25421			6
2024.12.26	03:40:07.974	1.25419	1.25422			6
2024.12.26	03:40:08.890	1.25418	1.25421			6
2024.12.26	03:40:09.195	1.25419	1.25422			6
2024.12.26	03:40:13.460	1.25418	1.25421			6
2024.12.26	03:40:14.369	1.25419	1.25422			6
2024.12.26	03:40:20.810	1.25418	1.25421			6
2024.12.26	03:40:21.730	1.25419	1.25422			6
2024.12.26	03:40:22.037	1.25418	1.25421			6
2024.12.26	03:40:23.261	1.25424	1.25427			6
2024.12.26	03:40:23.566	1.25427	1.25430			6
2024.12.26	03:40:24.172	1.25423				2
2024.12.26	03:40:26.324	1.25425				2
2024.12.26	03:40:26.629	1.25431	1.25438			6
2024.12.26	03:40:27.849	1.25430				2
2024.12.26	03:40:33.397	1.25431				2
2024.12.26	03:40:38.929	1.25430				2
2024.12.26	03:40:40.160	1.25429	1.25434			6
2024.12.26	03:40:41.399	1.25423	1.25430			6
2024.12.26	03:40:43.857	1.25422				2
2024.12.26	03:40:46.007	1.25424	1.25431			6
2024.12.26	03:40:48.160	1.25425				2
2024.12.26	03:40:53.395	1.25431	1.25437			6
2024.12.26	03:41:00.157	1.25431				2
2024.12.26	03:41:02.621	1.25425	1.25432			6
2024.12.26	03:41:12.573		1.25431			4
2024.12.26	03:41:25.445	1.25422	1.25430			6
2024.12.26	03:41:41.423	1.25423				2
2024.12.26	03:41:46.021	1.25422				2
2024.12.26	03:41:46.324	1.25423				2
2024.12.26	03:41:50.913	1.25422				2
2024.12.26	03:41:51.528	1.25423				2
2024.12.26	03:41:51.834	1.25422				2
2024.12.26	03:41:52.138	1.25423				2
2024.12.26	03:41:52.752	1.25422				2
2024.12.26	03:41:53.059	1.25423				2
2024.12.26	03:41:53.672	1.25422				2
2024.12.26	03:41:55.514		1.25429			4
2024.12.26	03:41:55.819		1.25430			4
2024.12.26	03:41:56.127	1.25423	1.25429			6
2024.12.26	03:41:56.432	1.25424				2
2024.12.26	03:42:00.124	1.25424				2
2024.12.26	03:42:05.055	1.25423				2
2024.12.26	03:42:05.357	1.25424	1.25430			6
2024.12.26	03:42:06.271	1.25425				2
2024.12.26	03:42:07.188	1.25423	1.25428			6
2024.12.26	03:42:07.491	1.25422	1.25427			6
2024.12.26	03:42:08.113	1.25421	1.25428			6
2024.12.26	03:42:08.427	1.25422	1.25429			6
2024.12.26	03:42:09.037	1.25421	1.25428			6
2024.12.26	03:42:09.340	1.25425	1.25431			6
2024.12.26	03:42:10.259	1.25423	1.25430			6
2024.12.26	03:42:11.483	1.25422	1.25429			6
2024.12.26	03:42:15.147	1.25423				2
2024.12.26	03:42:24.302	1.25424				2
2024.12.26	03:42:28.576	1.25423	1.25428			6
2024.12.26	03:42:29.799	1.25424	1.25429			6
2024.12.26	03:42:30.098		1.25428			4
2024.12.26	03:42:35.313	1.25423	1.25427			6
2024.12.26	03:42:37.546	1.25425	1.25429			6
2024.12.26	03:42:42.132	1.25420	1.25423			6
2024.12.26	03:42:42.438	1.25418	1.25422			6
2024.12.26	03:42:42.751		1.25421			4
2024.12.26	03:42:43.365	1.25415				2
2024.12.26	03:42:43.980	1.25420	1.25427			6
2024.12.26	03:42:47.045	1.25413	1.25421			6
2024.12.26	03:42:47.349	1.25412				2
2024.12.26	03:42:48.273	1.25411				2
2024.12.26	03:42:48.580	1.25413				2
2024.12.26	03:42:53.800	1.25412				2
2024.12.26	03:42:54.111	1.25413				2
2024.12.26	03:42:54.723	1.25412				2
2024.12.26	03:42:55.032	1.25413				2
2024.12.26	03:42:55.645	1.25412				2
2024.12.26	03:42:55.957	1.25413				2
2024.12.26	03:42:56.262	1.25412				2
2024.12.26	03:42:56.570	1.25413				2
2024.12.26	03:42:57.802	1.25412				2
2024.12.26	03:42:58.418	1.25413				2
2024.12.26	03:43:00.252	1.25413				2
2024.12.26	03:43:00.869	1.25411	1.25420			6
2024.12.26	03:43:02.388	1.25412				2
2024.12.26	03:43:08.496		1.25419			4
2024.12.26	03:43:10.642	1.25411				2
2024.12.26	03:43:24.081	1.25412				2
2024.12.26	03:43:36.307	1.25411				2
2024.12.26	03:43:37.232	1.25412				2
2024.12.26	03:43:41.213		1.25418			4
2024.12.26	03:43:43.659	1.25413	1.25419			6
2024.12.26	03:43:46.095	1.25414				2
2024.12.26	03:43:49.759	1.25413	1.25418			6
2024.12.26	03:43:52.217		1.25417			4
2024.12.26	03:44:00.153	1.25413				2
2024.12.26	03:44:00.761	1.25414	1.25418			6
2024.12.26	03:44:01.064	1.25415	1.25419			6
2024.12.26	03:44:01.679	1.25414	1.25418			6
2024.12.26	03:44:04.129	1.25415				2
2024.12.26	03:44:07.188	1.25416	1.25419			6
2024.12.26	03:44:11.162	1.25415	1.25418			6
2024.12.26	03:44:13.299	1.25422	1.25424			6
2024.12.26	03:44:14.213	1.25419				2
2024.12.26	03:44:21.601	1.25418				2
2024.12.26	03:44:22.839		1.25425			4
2024.12.26	03:44:24.064	1.25419				2
2024.12.26	03:44:28.996	1.25418				2
2024.12.26	03:44:29.303	1.25419				2
2024.12.26	03:44:30.544	1.25420				2
2024.12.26	03:44:31.779	1.25419				2
2024.12.26	03:44:32.398	1.25420				2
2024.12.26	03:44:33.320		1.25426			4
2024.12.26	03:44:38.232	1.25421				2
2024.12.26	03:44:38.545		1.25425			4
2024.12.26	03:44:39.154		1.25423			4
2024.12.26	03:44:40.689	1.25420				2
2024.12.26	03:44:42.827	1.25421	1.25425			6
2024.12.26	03:44:43.128	1.25420				2
2024.12.26	03:44:45.288		1.25424			4
2024.12.26	03:44:47.428		1.25423			4
2024.12.26	03:44:48.034		1.25424			4
2024.12.26	03:44:50.188		1.25423			4
2024.12.26	03:44:55.685	1.25415	1.25418			6
2024.12.26	03:44:56.297	1.25412				2
2024.12.26	03:45:00.004	1.25412				2
2024.12.26	03:45:00.314	1.25419	1.25425			6
2024.12.26	03:45:00.622		1.25424			4
2024.12.26	03:45:12.040	1.25415	1.25419			6
2024.12.26	03:45:12.344	1.25413				2
2024.12.26	03:45:12.649	1.25414				2
2024.12.26	03:45:13.869	1.25415				2
2024.12.26	03:45:14.175	1.25413				2
2024.12.26	03:45:16.641	1.25414				2
2024.12.26	03:45:16.951	1.25415				2
2024.12.26	03:45:20.652	1.25416	1.25420			6
2024.12.26	03:45:21.574	1.25415				2
2024.12.26	03:45:29.550		1.25421			4
2024.12.26	03:45:31.685	1.25416				2
2024.12.26	03:45:33.534		1.25420			4
2024.12.26	03:45:34.762	1.25414				2
2024.12.26	03:45:38.756	1.25416				2
2024.12.26	03:45:44.261	1.25415	1.25419			6
2024.12.26	03:45:47.002	1.25416				2
2024.12.26	03:45:47.307	1.25417	1.25422			6
2024.12.26	03:45:48.221	1.25418	1.25424			6
2024.12.26	03:46:00.158	1.25418	1.25423			6
2024.12.26	03:46:07.908		1.25424			4
2024.12.26	03:46:08.221	1.25419				2
2024.12.26	03:46:08.827		1.25425			4
2024.12.26	03:46:10.053		1.25424			4
2024.12.26	03:46:13.108		1.25425			4
2024.12.26	03:46:16.173	1.25420				2
2024.12.26	03:46:19.851	1.25422	1.25426			6
2024.12.26	03:46:33.319	1.25423				2
2024.12.26	03:46:35.157	1.25424				2
2024.12.26	03:46:35.463	1.25425	1.25428			6
2024.12.26	03:46:36.382	1.25424				2
2024.12.26	03:46:36.992	1.25422	1.25426			6
2024.12.26	03:46:44.349	1.25423				2
2024.12.26	03:47:00.232	1.25423				2
2024.12.26	03:47:02.970		1.25425			4
2024.12.26	03:47:03.889		1.25426			4
2024.12.26	03:47:10.598	1.25416	1.25419			6
2024.12.26	03:47:11.216	1.25415	1.25420			6
2024.12.26	03:47:12.453	1.25421	1.25428			6
2024.12.26	03:47:14.930		1.25426			4
2024.12.26	03:47:24.817	1.25422				2
2024.12.26	03:47:26.060	1.25421				2
2024.12.26	03:47:39.665	1.25422	1.25427			6
2024.12.26	03:47:45.495	1.25424	1.25430			6
2024.12.26	03:47:45.802	1.25425	1.25431			6
2024.12.26	03:47:47.024	1.25426	1.25432			6
2024.12.26	03:47:47.328	1.25424	1.25430			6
2024.12.26	03:47:51.025	1.25426	1.25431			6
2024.12.26	03:47:55.018	1.25422	1.25427			6
2024.12.26	03:47:59.001	1.25424	1.25429			6
2024.12.26	03:48:00.228	1.25424				2
2024.12.26	03:48:01.757	1.25425	1.25430			6
2024.12.26	03:48:06.357	1.25424	1.25428			6
2024.12.26	03:48:06.971	1.25423				2
2024.12.26	03:48:07.585	1.25422	1.25426			6
2024.12.26	03:48:14.941	1.25423				2
2024.12.26	03:48:16.170	1.25425	1.25430			6
2024.12.26	03:48:16.476	1.25423	1.25428			6
2024.12.26	03:48:16.777	1.25424				2
2024.12.26	03:48:17.079	1.25423				2
2024.12.26	03:48:17.992	1.25425	1.25429			6
2024.12.26	03:48:21.340	1.25423	1.25427			6
2024.12.26	03:48:24.384	1.25425	1.25430			6
2024.12.26	03:48:25.898	1.25426				2
2024.12.26	03:48:26.205	1.25425	1.25427			6
2024.12.26	03:48:26.508	1.25426	1.25430			6
2024.12.26	03:48:28.639	1.25425	1.25429			6
2024.12.26	03:48:30.171	1.25422	1.25427			6
2024.12.26	03:48:30.477	1.25423				2
2024.12.26	03:48:31.402	1.25422				2
2024.12.26	03:48:31.712	1.25423				2
2024.12.26	03:48:33.246	1.25424				2
2024.12.26	03:48:33.549	1.25423				2
2024.12.26	03:48:34.162	1.25424				2
2024.12.26	03:48:34.465	1.25423				2
2024.12.26	03:48:35.074	1.25422	1.25426			6
2024.12.26	03:48:35.682	1.25421	1.25425			6
2024.12.26	03:48:35.984	1.25423	1.25427			6
2024.12.26	03:48:36.290	1.25424	1.25428			6
2024.12.26	03:48:37.213	1.25423				2
2024.12.26	03:48:42.160	1.25422	1.25427			6
2024.12.26	03:48:49.226	1.25423				2
2024.12.26	03:48:54.405		1.25425			4
2024.12.26	03:48:55.636		1.25427			4
2024.12.26	03:49:00.188	1.25424				2
2024.12.26	03:49:03.833	1.25428	1.25431			6
2024.12.26	03:49:04.134	1.25425	1.25428			6
2024.12.26	03:49:04.442	1.25424				2
2024.12.26	03:49:04.755	1.25427	1.25431			6
2024.12.26	03:49:06.290	1.25426	1.25430			6
2024.12.26	03:49:06.908	1.25424	1.25428			6
2024.12.26	03:49:07.528	1.25423				2
2024.12.26	03:49:09.061	1.25424				2
2024.12.26	03:49:09.681	1.25425	1.25429			6
2024.12.26	03:49:09.987	1.25426	1.25430			6
2024.12.26	03:49:13.683	1.25427	1.25431			6
2024.12.26	03:49:24.137		1.25430			4
2024.12.26	03:49:29.645	1.25424	1.25426			6
2024.12.26	03:49:29.948	1.25426	1.25428			6
2024.12.26	03:49:30.255		1.25430			4
2024.12.26	03:49:32.707	1.25424	1.25427			6
2024.12.26	03:49:33.012	1.25423				2
2024.12.26	03:49:33.631	1.25424	1.25426			6
2024.12.26	03:49:33.934	1.25423				2
2024.12.26	03:49:34.543	1.25424	1.25427			6
2024.12.26	03:49:35.158	1.25426	1.25430			6
2024.12.26	03:49:35.468	1.25423	1.25427			6
2024.12.26	03:49:38.555	1.25422	1.25425			6
2024.12.26	03:49:39.169	1.25421				2
2024.12.26	03:49:42.259	1.25422				2
2024.12.26	03:49:42.563	1.25423				2
2024.12.26	03:49:43.179		1.25427			4
2024.12.26	03:49:50.269	1.25428	1.25430			6
2024.12.26	03:49:50.572		1.25431			4
2024.12.26	03:49:52.119	1.25426	1.25430			6
2024.12.26	03:49:53.040	1.25431	1.25435			6
2024.12.26	03:49:54.573	1.25433	1.25437			6
2024.12.26	03:49:55.186	1.25432	1.25436			6
2024.12.26	03:49:56.426	1.25430	1.25434			6
2024.12.26	03:50:00.121	1.25430				2
2024.12.26	03:50:04.423	1.25429	1.25433			6
2024.12.26	03:50:05.661	1.25430				2
2024.12.26	03:50:05.969		1.25434			4
2024.12.26	03:50:06.586	1.25429	1.25433			6
2024.12.26	03:50:13.055	1.25428	1.25435			6
2024.12.26	03:50:16.442		1.25434			4
2024.12.26	03:50:17.361	1.25429	1.25435			6
2024.12.26	03:50:29.009		1.25436			4
2024.12.26	03:50:40.324	1.25430				2
2024.12.26	03:50:42.776	1.25429				2
2024.12.26	03:50:45.219		1.25435			4
2024.12.26	03:50:47.661	1.25431	1.25437			6
2024.12.26	03:50:51.026	1.25434	1.25440			6
2024.12.26	03:50:51.327	1.25435				2
2024.12.26	03:50:51.951	1.25433	1.25438			6
2024.12.26	03:50:52.256		1.25439			4
2024.12.26	03:50:53.179	1.25432				2
2024.12.26	03:50:55.331	1.25431				2
2024.12.26	03:50:56.256		1.25438			4
2024.12.26	03:50:56.564	1.25430	1.25437			6
2024.12.26	03:50:57.805	1.25431				2
2024.12.26	03:51:00.257	1.25431				2
2024.12.26	03:51:02.108	1.25432				2
2024.12.26	03:51:05.549	1.25427	1.25431			6
2024.12.26	03:51:05.851	1.25424	1.25429			6
2024.12.26	03:51:06.166	1.25425				2
2024.12.26	03:51:06.777	1.25424				2
2024.12.26	03:51:07.081		1.25430			4
2024.12.26	03:51:12.938	1.25423				2
2024.12.26	03:51:14.784	1.25424				2
2024.12.26	03:51:16.941	1.25422	1.25429			6
2024.12.26	03:51:32.013	1.25415	1.25421			6
2024.12.26	03:51:32.321	1.25416	1.25422			6
2024.12.26	03:51:33.247	1.25415				2
2024.12.26	03:51:34.167	1.25416				2
2024.12.26	03:51:34.477	1.25417	1.25424			6
2024.12.26	03:51:35.402		1.25423			4
2024.12.26	03:51:37.559	1.25416				2
2024.12.26	03:51:41.561	1.25417	1.25425			6
2024.12.26	03:51:41.866		1.25423			4
2024.12.26	03:51:42.178	1.25418	1.25424			6
2024.12.26	03:51:42.488	1.25419	1.25426			6
2024.12.26	03:51:46.184		1.25424			4
2024.12.26	03:51:46.500	1.25418				2
2024.12.26	03:51:46.801	1.25417				2
2024.12.26	03:51:47.417	1.25419	1.25425			6
2024.12.26	03:51:48.337	1.25417	1.25424			6
2024.12.26	03:51:50.188	1.25418	1.25425			6
2024.12.26	03:51:53.871	1.25417	1.25424			6
2024.12.26	03:51:54.175	1.25418	1.25425			6
2024.12.26	03:51:56.643		1.25426			4
2024.12.26	03:51:57.570		1.25425			4
2024.12.26	03:52:00.037	1.25418				2
2024.12.26	03:52:03.740	1.25417	1.25424			6
2024.12.26	03:52:04.047	1.25418	1.25425			6
2024.12.26	03:52:05.881	1.25417	1.25424			6
2024.12.26	03:52:11.096	1.25418				2
2024.12.26	03:52:15.082	1.25417	1.25422			6
2024.12.26	03:52:15.392	1.25416				2
2024.12.26	03:52:16.615	1.25418	1.25423			6
2024.12.26	03:52:16.923		1.25425			4
2024.12.26	03:52:17.228	1.25423	1.25429			6
2024.12.26	03:52:17.535	1.25422				2
2024.12.26	03:52:18.761		1.25428			4
2024.12.26	03:52:25.528	1.25421				2
2024.12.26	03:52:29.226	1.25423				2
2024.12.26	03:52:34.755	1.25422				2
2024.12.26	03:52:38.435		1.25429			4
2024.12.26	03:52:40.277	1.25423				2
2024.12.26	03:52:40.584	1.25422				2
2024.12.26	03:52:42.118	1.25423				2
2024.12.26	03:52:44.847		1.25426			4
2024.12.26	03:52:45.773	1.25424				2
2024.12.26	03:52:48.833	1.25423				2
2024.12.26	03:52:50.059		1.25429			4
2024.12.26	03:52:50.370		1.25428			4
2024.12.26	03:52:53.127	1.25424				2
2024.12.26	03:52:56.797	1.25425				2
2024.12.26	03:52:57.409		1.25429			4
2024.12.26	03:52:59.841	1.25426				2
2024.12.26	03:53:00.144	1.25428	1.25431			6
2024.12.26	03:53:01.362	1.25427				2
2024.12.26	03:53:03.195	1.25428				2
2024.12.26	03:53:10.535		1.25432			4
2024.12.26	03:53:14.207	1.25429				2
2024.12.26	03:53:14.820	1.25428	1.25431			6
2024.12.26	03:53:16.047	1.25427				2
2024.12.26	03:53:21.263	1.25428				2
2024.12.26	03:53:24.981		1.25430			4
2024.12.26	03:53:25.287		1.25431			4
2024.12.26	03:53:27.122	1.25436	1.25437			6
2024.12.26	03:53:27.429		1.25439			4
2024.12.26	03:53:28.342	1.25433				2
2024.12.26	03:53:30.192	1.25432				2
2024.12.26	03:53:31.117	1.25431				2
2024.12.26	03:53:34.189	1.25432				2
2024.12.26	03:53:36.961	1.25433				2
2024.12.26	03:53:40.356	1.25431	1.25438			6
2024.12.26	03:53:41.889	1.25432				2
2024.12.26	03:53:42.510	1.25434	1.25440			6
2024.12.26	03:53:44.664	1.25432	1.25439			6
2024.12.26	03:53:52.705	1.25436				2
2024.12.26	03:54:00.121	1.25436				2
2024.12.26	03:54:04.135	1.25435				2
2024.12.26	03:54:16.383	1.25431	1.25435			6
2024.12.26	03:54:16.690	1.25434	1.25438			6
2024.12.26	03:54:16.996		1.25439			4
2024.12.26	03:54:24.944	1.25435				2
2024.12.26	03:54:25.249	1.25437	1.25440			6
2024.12.26	03:54:25.552	1.25436				2
2024.12.26	03:54:26.160	1.25435				2
2024.12.26	03:54:30.146		1.25439			4
2024.12.26	03:54:31.063		1.25440			4
2024.12.26	03:54:32.292	1.25434	1.25439			6
2024.12.26	03:54:34.427	1.25430	1.25435			6
2024.12.26	03:54:34.730	1.25431	1.25436			6
2024.12.26	03:54:36.253	1.25430	1.25438			6
2024.12.26	03:54:38.098	1.25431				2
2024.12.26	03:54:39.019	1.25433	1.25439			6
2024.12.26	03:54:39.941	1.25434				2
2024.12.26	03:54:40.255	1.25432				2
2024.12.26	03:54:42.706		1.25437			4
2024.12.26	03:54:46.096	1.25433				2
2024.12.26	03:54:56.258	1.25434				2
2024.12.26	03:54:57.480		1.25439			4
2024.12.26	03:54:57.787		1.25438			4
2024.12.26	03:54:58.095	1.25435	1.25439			6
2024.12.26	03:54:59.628	1.25434				2
2024.12.26	03:55:00.241	1.25434				2
2024.12.26	03:55:05.199	1.25435				2
2024.12.26	03:55:05.503	1.25434				2
2024.12.26	03:55:07.019		1.25438			4
2024.12.26	03:55:11.938	1.25433	1.25437			6
2024.12.26	03:55:14.063	1.25434	1.25438			6
2024.12.26	03:55:20.187	1.25435	1.25439			6
2024.12.26	03:55:20.495	1.25436	1.25440			6
2024.12.26	03:55:20.803	1.25435	1.25439			6
2024.12.26	03:55:22.319	1.25437	1.25440			6
2024.12.26	03:55:23.232	1.25436				2
2024.12.26	03:55:27.198	1.25437				2
2024.12.26	03:55:27.506	1.25436	1.25439			6
2024.12.26	03:55:33.014	1.25437	1.25440			6
2024.12.26	03:55:33.321	1.25436	1.25439			6
2024.12.26	03:55:34.244	1.25437	1.25440			6
2024.12.26	03:55:41.285	1.25435	1.25438			6
2024.12.26	03:55:42.514	1.25434	1.25437			6
2024.12.26	03:55:43.127	1.25435	1.25438			6
2024.12.26	03:55:46.782	1.25434	1.25437			6
2024.12.26	03:55:49.535	1.25435	1.25438			6
2024.12.26	03:55:53.512	1.25437	1.25440			6
2024.12.26	03:55:54.125		1.25439			4
2024.12.26	03:55:58.107		1.25440			4
2024.12.26	03:56:00.254	1.25436	1.25439			6
2024.12.26	03:56:01.778	1.25438	1.25441			6
2024.12.26	03:56:03.309	1.25436	1.25440			6
2024.12.26	03:56:05.159	1.25437	1.25441			6
2024.12.26	03:56:07.905	1.25442	1.25445			6
2024.12.26	03:56:09.129	1.25440				2
2024.12.26	03:56:10.665	1.25436	1.25443			6
2024.12.26	03:56:10.970		1.25444			4
2024.12.26	03:56:11.272	1.25435				2
2024.12.26	03:56:14.329		1.25442			4
2024.12.26	03:56:16.767		1.25443			4
2024.12.26	03:56:17.073		1.25442			4
2024.12.26	03:56:18.922		1.25443			4
2024.12.26	03:56:19.223		1.25442			4
2024.12.26	03:56:20.141		1.25441			4
2024.12.26	03:56:30.319	1.25436				2
2024.12.26	03:56:32.768	1.25434	1.25439			6
2024.12.26	03:56:33.073	1.25435				2
2024.12.26	03:56:36.439	1.25434				2
2024.12.26	03:56:36.745	1.25436	1.25441			6
2024.12.26	03:56:37.054	1.25435	1.25439			6
2024.12.26	03:56:43.183	1.25436				2
2024.12.26	03:56:51.147	1.25437				2
2024.12.26	03:56:51.456	1.25436				2
2024.12.26	03:56:54.509		1.25440			4
2024.12.26	03:56:56.034		1.25439			4
2024.12.26	03:56:56.337	1.25438	1.25440			6
2024.12.26	03:56:58.162	1.25437	1.25442			6
2024.12.26	03:56:59.385	1.25435	1.25440			6
2024.12.26	03:57:00.306	1.25434				2
2024.12.26	03:57:01.525	1.25435				2
2024.12.26	03:57:02.441		1.25441			4
2024.12.26	03:57:03.059	1.25434	1.25440			6
2024.12.26	03:57:05.197	1.25435				2
2024.12.26	03:57:06.119	1.25436				2
2024.12.26	03:57:06.735	1.25437	1.25442			6
2024.12.26	03:57:07.038	1.25438				2
2024.12.26	03:57:07.341	1.25437				2
2024.12.26	03:57:08.268	1.25436				2
2024.12.26	03:57:08.571	1.25435	1.25441			6
2024.12.26	03:57:14.382	1.25436				2
2024.12.26	03:57:17.146		1.25440			4
2024.12.26	03:57:23.878	1.25432	1.25436			6
2024.12.26	03:57:24.190	1.25430	1.25434			6
2024.12.26	03:57:25.107	1.25428				2
2024.12.26	03:57:26.025	1.25431	1.25435			6
2024.12.26	03:57:26.330	1.25430	1.25437			6
2024.12.26	03:57:26.944	1.25429	1.25436			6
2024.12.26	03:57:30.314		1.25435			4
2024.12.26	03:57:34.312	1.25424	1.25430			6
2024.12.26	03:57:34.927		1.25429			4
2024.12.26	03:57:35.232	1.25423				2
2024.12.26	03:57:35.845		1.25431			4
2024.12.26	03:57:36.154	1.25424				2
2024.12.26	03:57:36.461	1.25423				2
2024.12.26	03:57:38.401	1.25424				2
2024.12.26	03:57:38.708	1.25423				2
2024.12.26	03:57:39.629	1.25424				2
2024.12.26	03:57:42.091		1.25429			4
2024.12.26	03:57:42.701		1.25431			4
2024.12.26	03:57:43.933		1.25430			4
2024.12.26	03:57:52.217	1.25425				2
2024.12.26	03:57:55.280		1.25429			4
2024.12.26	03:57:59.580		1.25430			4
2024.12.26	03:58:00.196	1.25425				2
2024.12.26	03:58:00.496	1.25429	1.25431			6
2024.12.26	03:58:00.806	1.25434	1.25439			6
2024.12.26	03:58:01.118	1.25433				2
2024.12.26	03:58:02.342		1.25440			4
2024.12.26	03:58:02.956	1.25428	1.25436			6
2024.12.26	03:58:03.877	1.25429				2
2024.12.26	03:58:05.836	1.25430	1.25437			6
2024.12.26	03:58:06.761	1.25431	1.25438			6
2024.12.26	03:58:07.679	1.25430	1.25437			6
2024.12.26	03:58:14.445	1.25427	1.25434			6
2024.12.26	03:58:14.747	1.25426				2
2024.12.26	03:58:15.678	1.25424	1.25431			6
2024.12.26	03:58:16.296	1.25425				2
2024.12.26	03:58:18.141	1.25424	1.25430			6
2024.12.26	03:58:19.069		1.25431			4
2024.12.26	03:58:24.311		1.25430			4
2024.12.26	03:58:26.161		1.25428			4
2024.12.26	03:58:29.527		1.25431			4
2024.12.26	03:58:30.140	1.25423				2
2024.12.26	03:58:30.447		1.25430			4
2024.12.26	03:58:34.726		1.25427			4
2024.12.26	03:58:37.482		1.25429			4
2024.12.26	03:58:37.786		1.25428			4
2024.12.26	03:58:38.401		1.25427			4
2024.12.26	03:58:38.704		1.25429			4
2024.12.26	03:58:39.008		1.25427			4
2024.12.26	03:58:40.235		1.25429			4
2024.12.26	03:58:47.247		1.25430			4
2024.12.26	03:58:50.301	1.25422	1.25425			6
2024.12.26	03:58:50.606	1.25417				2
2024.12.26	03:58:50.908		1.25420			4
2024.12.26	03:58:51.218	1.25419	1.25423			6
2024.12.26	03:58:51.522		1.25424			4
2024.12.26	03:58:52.443		1.25422			4
2024.12.26	03:58:52.750		1.25424			4
2024.12.26	03:58:53.061	1.25420				2
2024.12.26	03:58:55.511		1.25426			4
2024.12.26	03:59:00.107	1.25420				2
2024.12.26	03:59:01.332	1.25419				2
2024.12.26	03:59:01.638		1.25424			4
2024.12.26	03:59:03.165		1.25426			4
2024.12.26	03:59:07.154		1.25424			4
2024.12.26	03:59:07.463		1.25426			4
2024.12.26	03:59:12.958	1.25420				2
2024.12.26	03:59:13.565		1.25427			4
2024.12.26	03:59:14.798		1.25426			4
2024.12.26	03:59:18.779		1.25427			4
2024.12.26	03:59:19.084	1.25412	1.25419			6
2024.12.26	03:59:19.388	1.25413				2
2024.12.26	03:59:24.898	1.25415	1.25423			6
2024.12.26	03:59:25.205	1.25416				2
2024.12.26	03:59:27.950		1.25424			4
2024.12.26	03:59:28.560	1.25417				2
2024.12.26	03:59:30.081		1.25423			4
2024.12.26	03:59:31.919		1.25425			4
2024.12.26	03:59:32.231		1.25423			4
2024.12.26	03:59:38.967		1.25421			4
2024.12.26	03:59:39.881		1.25422			4
2024.12.26	03:59:40.188		1.25421			4
2024.12.26	03:59:40.494	1.25416				2
2024.12.26	03:59:40.807		1.25423			4
2024.12.26	03:59:49.376		1.25422			4
2024.12.26	03:59:49.687	1.25414	1.25421			6
2024.12.26	03:59:52.129	1.25415				2
2024.12.26	03:59:52.434	1.25414	1.25420			6
2024.12.26	03:59:54.568	1.25416	1.25423			6
2024.12.26	03:59:56.402	1.25415	1.25421			6
2024.12.26	03:59:58.241		1.25420			4
2024.12.26	03:59:58.544	1.25414				2
2024.12.26	04:00:00.072	1.25414	1.25419			6
2024.12.26	04:00:02.505		1.25417			4
2024.12.26	04:00:02.807	1.25406	1.25414			6
2024.12.26	04:00:03.117	1.25408	1.25416			6
2024.12.26	04:00:03.423		1.25415			4
2024.12.26	04:00:03.726		1.25416			4
2024.12.26	04:00:04.343	1.25409				2
2024.12.26	04:00:04.649		1.25415			4
2024.12.26	04:00:06.182	1.25407				2
2024.12.26	04:00:07.405		1.25414			4
2024.12.26	04:00:09.561		1.25412			4
2024.12.26	04:00:11.099		1.25411			4
2024.12.26	04:00:11.405		1.25412			4
2024.12.26	04:00:11.713	1.25405	1.25411			6
2024.12.26	04:00:13.876		1.25413			4
2024.12.26	04:00:15.108	1.25410	1.25416			6
2024.12.26	04:00:16.028		1.25415			4
2024.12.26	04:00:16.337	1.25407	1.25414			6
2024.12.26	04:00:16.643	1.25406				2
2024.12.26	04:00:16.951		1.25415			4
2024.12.26	04:00:18.182		1.25414			4
2024.12.26	04:00:20.648		1.25413			4
2024.12.26	04:00:20.956		1.25414			4
2024.12.26	04:00:22.498		1.25413			4
2024.12.26	04:00:28.040	1.25405				2
2024.12.26	04:00:29.269		1.25409			4
2024.12.26	04:00:32.347		1.25410			4
2024.12.26	04:00:32.962		1.25409			4
2024.12.26	04:00:34.498		1.25411			4
2024.12.26	04:00:36.659		1.25412			4
2024.12.26	04:00:38.815		1.25413			4
2024.12.26	04:00:39.118		1.25412			4
2024.12.26	04:00:39.739	1.25406	1.25415			6
2024.12.26	04:00:40.044	1.25407	1.25414			6
2024.12.26	04:00:40.358	1.25409	1.25415			6
2024.12.26	04:00:40.964		1.25416			4
2024.12.26	04:00:48.977	1.25410				2
2024.12.26	04:00:54.208	1.25409	1.25414			6
2024.12.26	04:01:00.063	1.25409				2
2024.12.26	04:01:00.367	1.25410	1.25416			6
2024.12.26	04:01:00.677	1.25407	1.25413			6
2024.12.26	04:01:01.597	1.25406	1.25410			6
2024.12.26	04:01:01.903		1.25409			4
2024.12.26	04:01:03.138		1.25410			4
2024.12.26	04:01:07.762	1.25404	1.25409			6
2024.12.26	04:01:08.992		1.25412			4
2024.12.26	04:01:09.914		1.25411			4
2024.12.26	04:01:12.381	1.25405				2
2024.12.26	04:01:12.680		1.25410			4
2024.12.26	04:01:12.984	1.25404	1.25409			6
2024.12.26	04:01:18.229		1.25410			4
2024.12.26	04:01:18.837	1.25405	1.25411			6
2024.12.26	04:01:20.381	1.25404				2
2024.12.26	04:01:20.691	1.25405				2
2024.12.26	04:01:22.227	1.25406				2
2024.12.26	04:01:23.461		1.25412			4
2024.12.26	04:01:25.617	1.25405	1.25411			6
2024.12.26	04:01:29.308	1.25410	1.25417			6
2024.12.26	04:01:29.921		1.25416			4
2024.12.26	04:01:30.222	1.25409				2
2024.12.26	04:01:31.462		1.25417			4
2024.12.26	04:01:32.698		1.25416			4
2024.12.26	04:01:36.076		1.25415			4
2024.12.26	04:01:40.381	1.25408				2
2024.12.26	04:01:42.232	1.25409				2
2024.12.26	04:01:45.306	1.25408				2
2024.12.26	04:01:48.389	1.25409	1.25416			6
2024.12.26	04:01:48.698		1.25415			4
2024.12.26	04:01:51.787	1.25408				2
2024.12.26	04:01:52.098	1.25409				2
2024.12.26	04:01:56.404		1.25416			4
2024.12.26	04:02:00.076	1.25409				2
2024.12.26	04:02:02.829	1.25410	1.25417			6
2024.12.26	04:02:05.295	1.25411				2
2024.12.26	04:02:07.732	1.25413	1.25418			6
2024.12.26	04:02:10.509	1.25414				2
2024.12.26	04:02:12.347	1.25412				2
2024.12.26	04:02:12.967	1.25413				2
2024.12.26	04:02:14.189	1.25411	1.25415			6
2024.12.26	04:02:14.494		1.25417			4
2024.12.26	04:02:18.150	1.25412				2
2024.12.26	04:02:19.369	1.25411				2
2024.12.26	04:02:23.340	1.25412				2
2024.12.26	04:02:24.878		1.25416			4
2024.12.26	04:02:28.832	1.25414	1.25417			6
2024.12.26	04:02:29.139	1.25415				2
2024.12.26	04:02:30.061	1.25414				2
2024.12.26	04:02:30.363	1.25412	1.25416			6
2024.12.26	04:02:30.668	1.25411				2
2024.12.26	04:02:31.284	1.25409				2
2024.12.26	04:02:33.447	1.25410				2
2024.12.26	04:02:35.595		1.25417			4
2024.12.26	04:02:35.903	1.25409				2
2024.12.26	04:02:38.985	1.25410				2
2024.12.26	04:02:41.447	1.25409				2
2024.12.26	04:02:41.764	1.25410				2
2024.12.26	04:02:42.380	1.25411				2
2024.12.26	04:02:48.834	1.25412				2
2024.12.26	04:02:49.141	1.25411				2
2024.12.26	04:02:50.363	1.25412				2
2024.12.26	04:02:51.277	1.25413				2
2024.12.26	04:02:53.425	1.25412				2
2024.12.26	04:02:53.734	1.25411	1.25416			6
2024.12.26	04:02:54.039	1.25410	1.25415			6
2024.12.26	04:02:54.345	1.25409	1.25416			6
2024.12.26	04:02:55.264		1.25415			4
2024.12.26	04:02:56.178	1.25410				2
2024.12.26	04:02:57.109	1.25411	1.25417			6
2024.12.26	04:03:00.158	1.25411				2
2024.12.26	04:03:00.464		1.25416			4
2024.12.26	04:03:00.769		1.25417			4
2024.12.26	04:03:01.072	1.25412				2
2024.12.26	04:03:03.219	1.25413				2
2024.12.26	04:03:06.289	1.25411	1.25416			6
2024.12.26	04:03:06.593	1.25412				2
2024.12.26	04:03:07.212		1.25417			4
2024.12.26	04:03:07.821	1.25413				2
2024.12.26	04:03:11.187	1.25416	1.25421			6
2024.12.26	04:03:11.490	1.25417				2
2024.12.26	04:03:12.103	1.25416				2
2024.12.26	04:03:12.406	1.25414	1.25418			6
2024.12.26	04:03:34.887		1.25417			4
2024.12.26	04:03:35.513		1.25418			4
2024.12.26	04:03:35.815		1.25417			4
2024.12.26	04:03:36.743		1.25418			4
2024.12.26	04:03:37.660	1.25415				2
2024.12.26	04:03:37.968	1.25414				2
2024.12.26	04:03:44.094	1.25415				2
2024.12.26	04:03:48.362	1.25416				2
2024.12.26	04:03:48.665	1.25415				2
2024.12.26	04:03:55.367	1.25416				2
2024.12.26	04:03:58.742	1.25417	1.25420			6
2024.12.26	04:04:00.274	1.25417				2
2024.12.26	04:04:04.878		1.25419			4
2024.12.26	04:04:14.474	1.25416	1.25418			6
2024.12.26	04:04:21.505	1.25417				2
2024.12.26	04:04:24.261	1.25416				2
2024.12.26	04:04:30.379	1.25417	1.25419			6
2024.12.26	04:04:30.682	1.25416				2
2024.12.26	04:04:31.290	1.25417				2
2024.12.26	04:04:35.280	1.25416				2
2024.12.26	04:04:39.249	1.25417				2
2024.12.26	04:04:55.808		1.25420			4
2024.12.26	04:04:56.420	1.25415	1.25418			6
2024.12.26	04:05:00.078	1.25415				2
2024.12.26	04:05:01.003	1.25420	1.25422			6
2024.12.26	04:05:01.307	1.25422	1.25425			6
2024.12.26	04:05:01.925	1.25423				2
2024.12.26	04:05:02.227	1.25419				2
2024.12.26	04:05:06.528	1.25420				2
2024.12.26	04:05:07.750	1.25419				2
2024.12.26	04:05:14.509	1.25418				2
2024.12.26	04:05:16.662	1.25419				2
2024.12.26	04:05:24.656	1.25421				2
2024.12.26	04:05:25.274	1.25420				2
2024.12.26	04:05:31.108		1.25426			4
2024.12.26	04:05:32.965	1.25425	1.25431			6
2024.12.26	04:05:34.200		1.25433			4
2024.12.26	04:05:34.500		1.25432			4
2024.12.26	04:05:35.734		1.25431			4
2024.12.26	04:05:36.655	1.25426	1.25433			6
2024.12.26	04:05:40.339		1.25431			4
2024.12.26	04:05:46.186	1.25424	1.25430			6
2024.12.26	04:05:46.490	1.25417	1.25424			6
2024.12.26	04:05:47.112		1.25423			4
2024.12.26	04:05:47.727		1.25424			4
2024.12.26	04:05:52.025	1.25422	1.25429			6
2024.12.26	04:06:00.023	1.25422				2
2024.12.26	04:06:08.320	1.25423				2
2024.12.26	04:06:22.755	1.25425	1.25430			6
2024.12.26	04:06:23.060		1.25431			4
2024.12.26	04:06:25.204		1.25430			4
2024.12.26	04:06:25.514		1.25431			4
2024.12.26	04:06:27.970	1.25431	1.25435			6
2024.12.26	04:06:28.273		1.25436			4
2024.12.26	04:06:28.589	1.25430				2
2024.12.26	04:06:30.112	1.25437	1.25444			6
2024.12.26	04:06:30.417	1.25436				2
2024.12.26	04:06:30.719	1.25437				2
2024.12.26	04:06:34.085		1.25443			4
2024.12.26	04:06:36.217	1.25436	1.25441			6
2024.12.26	04:06:41.130	1.25435	1.25442			6
2024.12.26	04:06:41.741		1.25441			4
2024.12.26	04:06:45.732	1.25431	1.25437			6
2024.12.26	04:06:46.350	1.25433	1.25439			6
2024.12.26	04:06:47.887		1.25438			4
2024.12.26	04:06:56.821	1.25431	1.25437			6
2024.12.26	04:06:58.050		1.25438			4
2024.12.26	04:06:58.358	1.25432				2
2024.12.26	04:07:00.206	1.25432				2
2024.12.26	04:07:00.822	1.25434	1.25440			6
2024.12.26	04:07:01.125		1.25441			4
2024.12.26	04:07:01.442		1.25440			4
2024.12.26	04:07:02.674		1.25441			4
2024.12.26	04:07:03.010		1.25440			4
2024.12.26	04:07:03.641	1.25437	1.25441			6
2024.12.26	04:07:05.481		1.25442			4
2024.12.26	04:07:07.332		1.25441			4
2024.12.26	04:07:09.781	1.25435				2
2024.12.26	04:07:10.089		1.25440			4
2024.12.26	04:07:15.309	1.25434	1.25439			6
2024.12.26	04:07:28.814	1.25433	1.25438			6
2024.12.26	04:07:30.350		1.25437			4
2024.12.26	04:07:30.658	1.25431				2
2024.12.26	04:07:31.274	1.25433	1.25438			6
2024.12.26	04:07:31.579	1.25434	1.25439			6
2024.12.26	04:07:33.427	1.25432	1.25437			6
2024.12.26	04:07:33.736		1.25438			4
2024.12.26	04:07:35.572	1.25433	1.25439			6
2024.12.26	04:07:44.190	1.25432	1.25438			6
2024.12.26	04:07:44.805		1.25437			4
2024.12.26	04:07:45.416		1.25438			4
2024.12.26	04:07:45.723	1.25433				2
2024.12.26	04:07:56.497	1.25434	1.25439			6
2024.12.26	04:08:00.195	1.25434				2
2024.12.26	04:08:02.959		1.25438			4
2024.12.26	04:08:04.177		1.25439			4
2024.12.26	04:08:04.796		1.25438			4
2024.12.26	04:08:05.100		1.25439			4
2024.12.26	04:08:09.083	1.25435				2
2024.12.26	04:08:10.315	1.25434				2
2024.12.26	04:08:11.232	1.25435				2
2024.12.26	04:08:12.760	1.25436				2
2024.12.26	04:08:13.383	1.25435				2
2024.12.26	04:08:18.881	1.25436	1.25440			6
2024.12.26	04:08:20.103		1.25441			4
2024.12.26	04:08:21.336		1.25440			4
2024.12.26	04:08:21.939	1.25435	1.25439			6
2024.12.26	04:08:22.253	1.25434	1.25438			6
2024.12.26	04:08:23.173		1.25439			4
2024.12.26	04:08:23.789	1.25435				2
2024.12.26	04:08:25.315	1.25434	1.25438			6
2024.12.26	04:08:25.616	1.25435	1.25439			6
2024.12.26	04:08:27.769		1.25438			4
2024.12.26	04:08:28.074	1.25434				2
2024.12.26	04:08:28.680	1.25435				2
2024.12.26	04:08:34.204	1.25437	1.25440			6
2024.12.26	04:08:34.817	1.25438	1.25441			6
2024.12.26	04:08:35.130	1.25436	1.25440			6
2024.12.26	04:08:38.195	1.25437				2
2024.12.26	04:08:39.561	1.25435	1.25438			6
2024.12.26	04:08:41.095	1.25434				2
2024.12.26	04:08:45.055	1.25435				2
2024.12.26	04:08:45.369	1.25436				2
2024.12.26	04:08:46.278	1.25434	1.25437			6
2024.12.26	04:08:46.579	1.25435	1.25438			6
2024.12.26	04:08:46.880	1.25434	1.25437			6
2024.12.26	04:08:50.864	1.25433	1.25436			6
2024.12.26	04:08:54.231	1.25434	1.25437			6
2024.12.26	04:08:55.757	1.25435	1.25438			6
2024.12.26	04:08:56.062	1.25437	1.25440			6
2024.12.26	04:08:57.281	1.25436	1.25441			6
2024.12.26	04:09:00.054	1.25436				2
2024.12.26	04:09:01.285		1.25440			4
2024.12.26	04:09:01.595		1.25441			4
2024.12.26	04:09:02.217		1.25440			4
2024.12.26	04:09:05.583	1.25437	1.25441			6
2024.12.26	04:09:06.200	1.25436	1.25440			6
2024.12.26	04:09:06.507		1.25439			4
2024.12.26	04:09:08.035	1.25435				2
2024.12.26	04:09:11.724	1.25436				2
2024.12.26	04:09:12.029		1.25440			4
2024.12.26	04:09:13.560		1.25439			4
2024.12.26	04:09:13.869	1.25434	1.25438			6
2024.12.26	04:09:14.479	1.25436	1.25440			6
2024.12.26	04:09:17.854		1.25439			4
2024.12.26	04:09:18.157		1.25440			4
2024.12.26	04:09:19.067	1.25438	1.25442			6
2024.12.26	04:09:19.373	1.25439				2
2024.12.26	04:09:19.678	1.25440	1.25443			6
2024.12.26	04:09:19.982	1.25439	1.25442			6
2024.12.26	04:09:20.289	1.25438				2
2024.12.26	04:09:26.115	1.25439				2
2024.12.26	04:09:32.527	1.25438	1.25441			6
2024.12.26	04:09:32.831	1.25437	1.25440			6
2024.12.26	04:09:34.361	1.25436				2
2024.12.26	04:09:36.189	1.25437				2
2024.12.26	04:09:37.413		1.25439			4
2024.12.26	04:09:37.717		1.25440			4
2024.12.26	04:09:38.327		1.25439			4
2024.12.26	04:09:38.633		1.25440			4
2024.12.26	04:09:40.472	1.25436	1.25439			6
2024.12.26	04:09:41.701	1.25437	1.25440			6
2024.12.26	04:09:45.977	1.25438	1.25441			6
2024.12.26	04:09:46.884		1.25440			4
2024.12.26	04:09:47.188		1.25441			4
2024.12.26	04:09:54.538	1.25439	1.25442			6
2024.12.26	04:09:55.144		1.25441			4
2024.12.26	04:09:55.447		1.25442			4
2024.12.26	04:09:55.753	1.25438	1.25441			6
2024.12.26	04:10:00.053	1.25438				2
2024.12.26	04:10:00.962	1.25437	1.25440			6
2024.12.26	04:10:01.878	1.25438	1.25441			6
2024.12.26	04:10:02.792	1.25437	1.25440			6
2024.12.26	04:10:04.315	1.25438	1.25441			6
2024.12.26	04:10:05.539	1.25437	1.25439			6
2024.12.26	04:10:05.849	1.25436				2
2024.12.26	04:10:06.766	1.25435	1.25438			6
2024.12.26	04:10:07.678	1.25436	1.25439			6
2024.12.26	04:10:17.460	1.25437	1.25440			6
2024.12.26	04:10:17.761	1.25438	1.25441			6
2024.12.26	04:10:27.242		1.25440			4
2024.12.26	04:10:27.552	1.25437				2
2024.12.26	04:10:29.389	1.25436	1.25439			6
2024.12.26	04:10:29.704	1.25437				2
2024.12.26	04:10:40.434	1.25436				2
2024.12.26	04:10:40.747	1.25437				2
2024.12.26	04:10:41.361	1.25436				2
2024.12.26	04:10:45.028	1.25439	1.25441			6
2024.12.26	04:10:48.415	1.25438	1.25440			6
2024.12.26	04:10:48.720	1.25437				2
2024.12.26	04:10:49.331	1.25438	1.25441			6
2024.12.26	04:10:53.314		1.25440			4
2024.12.26	04:10:53.922		1.25441			4
2024.12.26	04:10:54.236		1.25440			4
2024.12.26	04:10:55.460		1.25441			4
2024.12.26	04:10:55.765		1.25440			4
2024.12.26	04:10:58.524		1.25441			4
2024.12.26	04:10:58.839	1.25437	1.25440			6
2024.12.26	04:11:00.061	1.25437				2
2024.12.26	04:11:00.674	1.25438				2
2024.12.26	04:11:02.214		1.25441			4
2024.12.26	04:11:03.740	1.25437	1.25440			6
2024.12.26	04:11:04.054	1.25438	1.25441			6
2024.12.26	04:11:04.662	1.25437	1.25440			6
2024.12.26	04:11:06.807	1.25438	1.25441			6
2024.12.26	04:11:08.658	1.25437	1.25440			6
2024.12.26	04:11:10.498	1.25438	1.25441			6
2024.12.26	04:11:12.033	1.25437	1.25440			6
2024.12.26	04:11:18.459	1.25438	1.25441			6
2024.12.26	04:11:20.606	1.25436	1.25439			6
2024.12.26	04:11:21.529	1.25435	1.25438			6
2024.12.26	04:11:29.487	1.25436	1.25439			6
2024.12.26	04:11:45.438	1.25435	1.25438			6
2024.12.26	04:11:45.740	1.25436	1.25439			6
2024.12.26	04:11:56.172	1.25437	1.25440			6
2024.12.26	04:12:00.153	1.25437				2
2024.12.26	04:12:01.383	1.25436	1.25439			6
2024.12.26	04:12:21.377	1.25437	1.25440			6
2024.12.26	04:12:22.299	1.25436	1.25439			6
2024.12.26	04:12:22.604	1.25437	1.25440			6
2024.12.26	04:12:31.177	1.25436	1.25439			6
2024.12.26	04:12:31.484	1.25434	1.25437			6
2024.12.26	04:12:31.790	1.25436	1.25439			6
2024.12.26	04:12:32.098	1.25435	1.25438			6
2024.12.26	04:12:33.936	1.25436	1.25439			6
2024.12.26	04:12:34.243	1.25435	1.25438			6
2024.12.26	04:12:34.859	1.25436	1.25439			6
2024.12.26	04:12:35.163	1.25435	1.25438			6
2024.12.26	04:12:46.797	1.25433	1.25436			6
2024.12.26	04:12:56.920	1.25434	1.25437			6
2024.12.26	04:13:00.289	1.25434				2
2024.12.26	04:13:11.651	1.25436	1.25439			6
2024.12.26	04:13:11.955	1.25437	1.25440			6
2024.12.26	04:13:12.258	1.25435	1.25439			6
2024.12.26	04:13:13.795	1.25434	1.25438			6
2024.12.26	04:13:20.251	1.25436	1.25439			6
2024.12.26	04:13:20.558	1.25437	1.25440			6
2024.12.26	04:13:21.171		1.25441			4
2024.12.26	04:13:21.477	1.25436	1.25440			6
2024.12.26	04:13:22.097	1.25437	1.25441			6
2024.12.26	04:13:23.322	1.25436	1.25440			6
2024.12.26	04:13:23.941	1.25437	1.25441			6
2024.12.26	04:13:24.857	1.25436	1.25440			6
2024.12.26	04:13:27.618	1.25437	1.25441			6
2024.12.26	04:13:27.922	1.25436	1.25440			6
2024.12.26	04:13:29.454	1.25437	1.25441			6
2024.12.26	04:13:29.759	1.25436	1.25440			6
2024.12.26	04:13:30.681	1.25437	1.25441			6
2024.12.26	04:13:32.519	1.25436	1.25440			6
2024.12.26	04:13:42.329	1.25437				2
2024.12.26	04:13:43.251	1.25436	1.25439			6
2024.12.26	04:13:44.169	1.25435				2
2024.12.26	04:13:45.704	1.25436				2
2024.12.26	04:13:46.015	1.25435				2
2024.12.26	04:13:46.321	1.25436				2
2024.12.26	04:13:46.627	1.25435				2
2024.12.26	04:13:48.154	1.25428	1.25430			6
2024.12.26	04:13:48.464		1.25431			4
2024.12.26	04:13:49.386	1.25426				2
2024.12.26	04:13:49.690		1.25430			4
2024.12.26	04:14:00.102	1.25426				2
2024.12.26	04:14:03.163		1.25431			4
2024.12.26	04:14:06.226		1.25429			4
2024.12.26	04:14:07.143		1.25430			4
2024.12.26	04:14:10.222	1.25425	1.25429			6
2024.12.26	04:14:10.841	1.25423	1.25426			6
2024.12.26	04:14:11.149		1.25428			4
2024.12.26	04:14:21.009	1.25424				2
2024.12.26	04:14:29.620		1.25429			4
2024.12.26	04:14:33.932		1.25428			4
2024.12.26	04:14:34.852		1.25429			4
2024.12.26	04:14:43.144		1.25428			4
2024.12.26	04:14:45.288	1.25418	1.25422			6
2024.12.26	04:14:45.592	1.25417				2
2024.12.26	04:14:46.210	1.25418	1.25423			6
2024.12.26	04:14:47.740	1.25421	1.25425			6
2024.12.26	04:14:48.050		1.25427			4
2024.12.26	04:14:48.976		1.25425			4
2024.12.26	04:14:51.432	1.25419				2
2024.12.26	04:14:52.051	1.25420				2
2024.12.26	04:14:52.659	1.25422				2
2024.12.26	04:14:52.968	1.25424	1.25428			6
2024.12.26	04:14:55.113		1.25429			4
2024.12.26	04:14:56.646		1.25428			4
2024.12.26	04:15:00.021	1.25424				2
2024.12.26	04:15:10.776		1.25429			4
2024.12.26	04:15:16.288		1.25428			4
2024.12.26	04:15:20.262	1.25425	1.25430			6
2024.12.26	04:15:20.564		1.25429			4
2024.12.26	04:15:25.453		1.25430			4
2024.12.26	04:15:38.312		1.25429			4
2024.12.26	04:15:41.390		1.25430			4
2024.12.26	04:15:54.922		1.25429			4
2024.12.26	04:16:00.150	1.25425	1.25430			6
2024.12.26	04:16:01.072	1.25426				2
2024.12.26	04:16:05.669	1.25425	1.25429			6
2024.12.26	04:16:09.050	1.25426	1.25430			6
2024.12.26	04:16:10.285	1.25425				2
2024.12.26	04:16:12.734	1.25426				2
2024.12.26	04:16:13.652	1.25425				2
2024.12.26	04:16:16.107	1.25426				2
2024.12.26	04:16:20.395	1.25427				2
2024.12.26	04:16:23.462	1.25426	1.25429			6
2024.12.26	04:16:27.437	1.25423	1.25428			6
2024.12.26	04:16:37.251	1.25425	1.25429			6
2024.12.26	04:16:37.564	1.25426				2
2024.12.26	04:16:38.174	1.25425				2
2024.12.26	04:16:47.990	1.25424	1.25428			6
2024.12.26	04:16:48.300		1.25429			4
2024.12.26	04:16:59.937		1.25428			4
2024.12.26	04:17:00.245	1.25423				2
2024.12.26	04:17:07.898		1.25427			4
2024.12.26	04:17:09.126		1.25426			4
2024.12.26	04:17:10.040		1.25427			4
2024.12.26	04:17:20.779	1.25424	1.25429			6
2024.12.26	04:17:21.085		1.25430			4
2024.12.26	04:17:21.399	1.25425				2
2024.12.26	04:17:22.623	1.25424				2
2024.12.26	04:17:25.377		1.25429			4
2024.12.26	04:17:25.682		1.25430			4
2024.12.26	04:17:27.520	1.25425				2
2024.12.26	04:17:27.822	1.25426	1.25432			6
2024.12.26	04:17:28.126	1.25428				2
2024.12.26	04:17:39.148	1.25431	1.25435			6
2024.12.26	04:17:39.454	1.25430				2
2024.12.26	04:17:40.375		1.25434			4
2024.12.26	04:17:44.978		1.25436			4
2024.12.26	04:17:45.285		1.25435			4
2024.12.26	04:17:46.507	1.25429	1.25434			6
2024.12.26	04:17:46.808	1.25428				2
2024.12.26	04:17:48.033	1.25430	1.25435			6
2024.12.26	04:17:51.400	1.25429				2
2024.12.26	04:17:51.709	1.25430				2
2024.12.26	04:18:00.292	1.25430				2
2024.12.26	04:18:06.396		1.25436			4
2024.12.26	04:18:15.001	1.25431				2
2024.12.26	04:18:15.618	1.25430	1.25435			6
2024.12.26	04:18:20.834		1.25436			4
2024.12.26	04:18:22.063	1.25429	1.25434			6
2024.12.26	04:18:29.114	1.25430				2
2024.12.26	04:18:32.798	1.25428				2
2024.12.26	04:18:37.084	1.25429				2
2024.12.26	04:18:39.540	1.25428				2
2024.12.26	04:18:39.843		1.25435			4
2024.12.26	04:18:41.377	1.25430	1.25436			6
2024.12.26	04:18:51.523		1.25435			4
2024.12.26	04:18:53.363		1.25436			4
2024.12.26	04:18:53.671	1.25431				2
2024.12.26	04:19:00.110	1.25431				2
2024.12.26	04:19:02.562	1.25430				2
2024.12.26	04:19:02.870	1.25429				2
2024.12.26	04:19:04.093		1.25435			4
2024.12.26	04:19:07.158		1.25436			4
2024.12.26	04:19:07.462		1.25435			4
2024.12.26	04:19:09.302	1.25430	1.25436			6
2024.12.26	04:19:16.043	1.25429	1.25435			6
2024.12.26	04:19:16.357	1.25430	1.25436			6
2024.12.26	04:19:16.663	1.25429				2
2024.12.26	04:19:16.973	1.25430				2
2024.12.26	04:19:17.280	1.25429	1.25435			6
2024.12.26	04:19:21.278	1.25430				2
2024.12.26	04:19:28.682	1.25426	1.25431			6
2024.12.26	04:19:30.532	1.25425				2
2024.12.26	04:19:30.841	1.25426	1.25432			6
2024.12.26	04:19:31.149		1.25433			4
2024.12.26	04:19:31.456	1.25427				2
2024.12.26	04:19:41.334	1.25426	1.25432			6
2024.12.26	04:19:45.647	1.25425	1.25431			6
2024.12.26	04:19:46.262		1.25432			4
2024.12.26	04:19:46.884		1.25428			4
2024.12.26	04:19:47.195	1.25426	1.25432			6
2024.12.26	04:20:00.143	1.25426				2
2024.12.26	04:20:00.445	1.25427				2
2024.12.26	04:20:01.066	1.25426				2
2024.12.26	04:20:13.047		1.25429			4
2024.12.26	04:20:13.351	1.25424	1.25428			6
2024.12.26	04:20:15.199	1.25425	1.25431			6
2024.12.26	04:20:16.750		1.25430			4
2024.12.26	04:20:22.901	1.25424	1.25429			6
2024.12.26	04:20:23.211		1.25428			4
2024.12.26	04:20:26.897	1.25423	1.25427			6
2024.12.26	04:20:32.459	1.25424	1.25428			6
2024.12.26	04:20:33.684		1.25429			4
2024.12.26	04:20:39.538		1.25428			4
2024.12.26	04:20:42.001	1.25422				2
2024.12.26	04:20:49.388	1.25424				2
2024.12.26	04:20:52.468	1.25426	1.25431			6
2024.12.26	04:20:52.772		1.25432			4
2024.12.26	04:20:56.772	1.25425	1.25429			6
2024.12.26	04:21:00.156	1.25425				2
2024.12.26	04:21:02.301	1.25424				2
2024.12.26	04:21:06.917		1.25430			4
2024.12.26	04:21:14.899		1.25429			4
2024.12.26	04:21:15.204	1.25414	1.25418			6
2024.12.26	04:21:15.820	1.25413				2
2024.12.26	04:21:23.518	1.25415	1.25420			6
2024.12.26	04:21:26.277	1.25414	1.25419			6
2024.12.26	04:21:27.198		1.25420			4
2024.12.26	04:21:27.502	1.25415				2
2024.12.26	04:21:33.349	1.25416				2
2024.12.26	04:21:36.112		1.25421			4
2024.12.26	04:21:38.867		1.25420			4
2024.12.26	04:21:39.478		1.25421			4
2024.12.26	04:21:39.790		1.25420			4
2024.12.26	04:21:40.397		1.25421			4
2024.12.26	04:21:46.518		1.25420			4
2024.12.26	04:21:58.764		1.25421			4
2024.12.26	04:21:59.985		1.25420			4
2024.12.26	04:22:00.299	1.25416				2
2024.12.26	04:22:01.827		1.25421			4
2024.12.26	04:22:03.053	1.25417				2
2024.12.26	04:22:03.360	1.25418	1.25424			6
2024.12.26	04:22:06.123	1.25417	1.25422			6
2024.12.26	04:22:06.742		1.25421			4
2024.12.26	04:22:16.891	1.25416				2
2024.12.26	04:22:18.432		1.25420			4
2024.12.26	04:22:19.050	1.25417	1.25422			6
2024.12.26	04:22:24.896	1.25419	1.25424			6
2024.12.26	04:22:25.212		1.25423			4
2024.12.26	04:22:26.131		1.25424			4
2024.12.26	04:22:28.591		1.25423			4
2024.12.26	04:22:28.895		1.25424			4
2024.12.26	04:22:32.883	1.25420	1.25425			6
2024.12.26	04:22:33.200		1.25424			4
2024.12.26	04:22:33.502		1.25425			4
2024.12.26	04:22:36.270	1.25423	1.25426			6
2024.12.26	04:22:43.978	1.25424	1.25431			6
2024.12.26	04:22:44.286		1.25429			4
2024.12.26	04:22:53.525	1.25425	1.25430			6
2024.12.26	04:22:57.808		1.25431			4
2024.12.26	04:22:58.413	1.25424	1.25430			6
2024.12.26	04:23:00.263	1.25423	1.25429			6
2024.12.26	04:23:02.098		1.25428			4
2024.12.26	04:23:02.402		1.25429			4
2024.12.26	04:23:03.322		1.25428			4
2024.12.26	04:23:09.150	1.25424	1.25429			6
2024.12.26	04:23:11.292	1.25425				2
2024.12.26	04:23:12.507		1.25428			4
2024.12.26	04:23:15.254	1.25422	1.25427			6
2024.12.26	04:23:15.556	1.25421				2
2024.12.26	04:23:18.007	1.25422				2
2024.12.26	04:23:42.856	1.25421	1.25426			6
2024.12.26	04:23:43.465	1.25423				2
2024.12.26	04:23:43.768	1.25426	1.25431			6
2024.12.26	04:23:44.079	1.25425				2
2024.12.26	04:23:44.386		1.25430			4
2024.12.26	04:23:44.701		1.25431			4
2024.12.26	04:23:54.539	1.25426				2
2024.12.26	04:23:55.777		1.25432			4
2024.12.26	04:23:56.389		1.25431			4
2024.12.26	04:23:56.695		1.25430			4
2024.12.26	04:23:57.001		1.25432			4
2024.12.26	04:23:57.617		1.25431			4
2024.12.26	04:24:00.079	1.25426				2
2024.12.26	04:24:00.391		1.25430			4
2024.12.26	04:24:02.527	1.25425	1.25428			6
2024.12.26	04:24:02.833		1.25429			4
2024.12.26	04:24:04.064		1.25430			4
2024.12.26	04:24:04.372		1.25429			4
2024.12.26	04:24:08.061	1.25427	1.25431			6
2024.12.26	04:24:08.367		1.25433			4
2024.12.26	04:24:10.212		1.25431			4
2024.12.26	04:24:15.701		1.25433			4
2024.12.26	04:24:18.159		1.25434			4
2024.12.26	04:24:19.687		1.25433			4
2024.12.26	04:24:20.604		1.25434			4
2024.12.26	04:24:22.435	1.25428				2
2024.12.26	04:24:28.261	1.25430	1.25435			6
2024.12.26	04:24:28.569	1.25429				2
2024.12.26	04:24:30.097	1.25427	1.25434			6
2024.12.26	04:24:30.704		1.25433			4
2024.12.26	04:24:35.309	1.25429				2
2024.12.26	04:24:35.612	1.25427	1.25432			6
2024.12.26	04:24:37.444		1.25433			4
2024.12.26	04:24:38.370		1.25431			4
2024.12.26	04:24:38.987		1.25432			4
2024.12.26	04:24:42.359		1.25431			4
2024.12.26	04:24:42.976		1.25432			4
2024.12.26	04:24:46.038		1.25431			4
2024.12.26	04:24:46.650	1.25426				2
2024.12.26	04:24:54.331		1.25430			4
2024.12.26	04:24:56.481		1.25429			4
2024.12.26	04:24:58.306	1.25425				2
2024.12.26	04:24:58.916	1.25426				2
2024.12.26	04:25:00.141	1.25426				2
2024.12.26	04:25:00.442	1.25417	1.25422			6
2024.12.26	04:25:01.371	1.25416	1.25420			6
2024.12.26	04:25:03.515	1.25417	1.25422			6
2024.12.26	04:25:04.432		1.25424			4
2024.12.26	04:25:04.740	1.25418				2
2024.12.26	04:25:05.664	1.25417	1.25422			6
2024.12.26	04:25:09.964	1.25418	1.25423			6
2024.12.26	04:25:11.197		1.25422			4
2024.12.26	04:25:11.813	1.25417				2
2024.12.26	04:25:13.962		1.25421			4
2024.12.26	04:25:14.268		1.25420			4
2024.12.26	04:25:14.580		1.25421			4
2024.12.26	04:25:14.891		1.25422			4
2024.12.26	04:25:16.732		1.25421			4
2024.12.26	04:25:25.024	1.25415	1.25420			6
2024.12.26	04:25:25.328		1.25419			4
2024.12.26	04:25:32.718		1.25416			4
2024.12.26	04:25:37.338		1.25419			4
2024.12.26	04:25:51.809	1.25408	1.25411			6
2024.12.26	04:25:52.123		1.25412			4
2024.12.26	04:25:53.666		1.25413			4
2024.12.26	04:25:53.974		1.25414			4
2024.12.26	04:25:58.283		1.25412			4
2024.12.26	04:26:00.120	1.25408				2
2024.12.26	04:26:02.883		1.25413			4
2024.12.26	04:26:03.801	1.25411	1.25414			6
2024.12.26	04:26:04.106		1.25416			4
2024.12.26	04:26:06.861		1.25417			4
2024.12.26	04:26:07.472		1.25416			4
2024.12.26	04:26:12.679		1.25414			4
2024.12.26	04:26:13.911	1.25412				2
2024.12.26	04:26:14.214	1.25414	1.25416			6
2024.12.26	04:26:14.517	1.25415				2
2024.12.26	04:26:14.825	1.25414				2
2024.12.26	04:26:17.272	1.25412	1.25413			6
2024.12.26	04:26:17.582		1.25415			4
2024.12.26	04:26:24.920		1.25413			4
2024.12.26	04:26:25.834		1.25415			4
2024.12.26	04:26:26.140		1.25413			4
2024.12.26	04:26:32.257		1.25416			4
2024.12.26	04:26:39.000		1.25415			4
2024.12.26	04:26:40.230		1.25416			4
2024.12.26	04:26:45.130		1.25415			4
2024.12.26	04:26:45.433		1.25416			4
2024.12.26	04:26:45.741		1.25417			4
2024.12.26	04:26:49.416		1.25415			4
2024.12.26	04:26:50.660		1.25416			4
2024.12.26	04:26:50.967		1.25415			4
2024.12.26	04:26:54.950		1.25416			4
2024.12.26	04:26:55.262		1.25415			4
2024.12.26	04:26:57.708		1.25416			4
2024.12.26	04:26:58.013		1.25415			4
2024.12.26	04:26:58.629		1.25416			4
2024.12.26	04:26:59.547		1.25417			4
2024.12.26	04:26:59.847		1.25415			4
2024.12.26	04:27:00.157	1.25412	1.25416			6
2024.12.26	04:27:01.076		1.25417			4
2024.12.26	04:27:01.381	1.25415	1.25419			6
2024.12.26	04:27:05.368		1.25418			4
2024.12.26	04:27:19.787	1.25411	1.25414			6
2024.12.26	04:27:22.240		1.25413			4
2024.12.26	04:27:26.562	1.25412	1.25415			6
2024.12.26	04:27:26.864		1.25414			4
2024.12.26	04:27:27.484		1.25415			4
2024.12.26	04:27:28.101		1.25414			4
2024.12.26	04:27:32.104		1.25415			4
2024.12.26	04:27:32.719	1.25411				2
2024.12.26	04:27:34.566	1.25412	1.25416			6
2024.12.26	04:27:34.874		1.25415			4
2024.12.26	04:27:35.184		1.25416			4
2024.12.26	04:27:35.491		1.25415			4
2024.12.26	04:27:37.951		1.25413			4
2024.12.26	04:27:38.260		1.25415			4
2024.12.26	04:27:57.270		1.25416			4
2024.12.26	04:27:57.576	1.25413				2
2024.12.26	04:27:59.722	1.25412				2
2024.12.26	04:28:00.026	1.25412	1.25415			6
2024.12.26	04:28:15.617	1.25413				2
2024.12.26	04:28:17.150	1.25412				2
2024.12.26	04:28:21.121	1.25413				2
2024.12.26	04:28:25.404	1.25414				2
2024.12.26	04:28:25.708	1.25413				2
2024.12.26	04:28:26.618	1.25414	1.25416			6
2024.12.26	04:28:29.983	1.25413				2
2024.12.26	04:28:30.290		1.25415			4
2024.12.26	04:28:31.822		1.25416			4
2024.12.26	04:28:32.436	1.25414				2
2024.12.26	04:28:32.738	1.25413				2
2024.12.26	04:28:33.961		1.25415			4
2024.12.26	04:28:42.531		1.25414			4
2024.12.26	04:28:46.522		1.25415			4
2024.12.26	04:28:48.053	1.25414	1.25416			6
2024.12.26	04:28:52.028	1.25413				2
2024.12.26	04:28:52.644	1.25415	1.25417			6
2024.12.26	04:28:52.955	1.25414				2
2024.12.26	04:28:58.761	1.25417	1.25418			6
2024.12.26	04:28:59.062	1.25420	1.25423			6
2024.12.26	04:29:00.284	1.25418	1.25424			6
2024.12.26	04:29:00.594	1.25422	1.25425			6
2024.12.26	04:29:01.827	1.25421				2
2024.12.26	04:29:03.984		1.25426			4
2024.12.26	04:29:06.141		1.25425			4
2024.12.26	04:29:09.833	1.25419	1.25422			6
2024.12.26	04:29:10.141	1.25418	1.25421			6
2024.12.26	04:29:10.758		1.25420			4
2024.12.26	04:29:15.374	1.25419	1.25421			6
2024.12.26	04:29:19.378		1.25422			4
2024.12.26	04:29:27.350		1.25425			4
2024.12.26	04:29:27.652		1.25424			4
2024.12.26	04:29:28.573	1.25421	1.25425			6
2024.12.26	04:29:34.118	1.25419	1.25422			6
2024.12.26	04:29:35.345	1.25418	1.25421			6
2024.12.26	04:29:35.654		1.25422			4
2024.12.26	04:29:36.570	1.25419				2
2024.12.26	04:29:36.877		1.25424			4
2024.12.26	04:29:37.179		1.25423			4
2024.12.26	04:29:39.941		1.25424			4
2024.12.26	04:29:45.481	1.25421				2
2024.12.26	04:29:45.790		1.25425			4
2024.12.26	04:29:46.404	1.25419	1.25422			6
2024.12.26	04:29:51.624		1.25423			4
2024.12.26	04:29:59.911	1.25420	1.25424			6
2024.12.26	04:30:00.220	1.25420	1.25423			6
2024.12.26	04:30:02.355		1.25424			4
2024.12.26	04:30:06.357		1.25423			4
2024.12.26	04:30:06.667	1.25422	1.25425			6
2024.12.26	04:30:07.277	1.25420	1.25424			6
2024.12.26	04:30:08.516		1.25425			4
2024.12.26	04:30:09.751		1.25424			4
2024.12.26	04:30:16.219	1.25418	1.25420			6
2024.12.26	04:30:16.528		1.25421			4
2024.12.26	04:30:17.757		1.25422			4
2024.12.26	04:30:25.452	1.25420	1.25424			6
2024.12.26	04:30:26.689	1.25419	1.25423			6
2024.12.26	04:30:27.000	1.25418	1.25422			6
2024.12.26	04:30:27.310		1.25421			4
2024.12.26	04:30:28.229		1.25422			4
2024.12.26	04:30:29.463		1.25421			4
2024.12.26	04:30:31.313		1.25422			4
2024.12.26	04:30:31.625		1.25421			4
2024.12.26	04:30:33.784	1.25425	1.25429			6
2024.12.26	04:30:34.096		1.25430			4
2024.12.26	04:30:34.401	1.25427	1.25431			6
2024.12.26	04:30:42.715	1.25424	1.25427			6
2024.12.26	04:30:43.026	1.25423				2
2024.12.26	04:30:43.336		1.25428			4
2024.12.26	04:30:54.117		1.25427			4
2024.12.26	04:31:00.276	1.25425	1.25428			6
2024.12.26	04:31:00.580	1.25426	1.25429			6
2024.12.26	04:31:07.933		1.25428			4
2024.12.26	04:31:09.467		1.25429			4
2024.12.26	04:31:14.982		1.25428			4
2024.12.26	04:31:16.818	1.25427	1.25430			6
2024.12.26	04:31:17.127	1.25428	1.25431			6
2024.12.26	04:31:17.740		1.25429			4
2024.12.26	04:31:18.358	1.25425				2
2024.12.26	04:31:23.599	1.25427				2
2024.12.26	04:31:25.136		1.25430			4
2024.12.26	04:31:25.451		1.25429			4
2024.12.26	04:31:27.286	1.25424	1.25428			6
2024.12.26	04:31:27.590		1.25427			4
2024.12.26	04:31:30.049	1.25427	1.25429			6
2024.12.26	04:31:30.673	1.25425				2
2024.12.26	04:31:30.976		1.25428			4
2024.12.26	04:31:52.770	1.25427	1.25429			6
2024.12.26	04:32:00.132	1.25427				2
2024.12.26	04:32:02.885	1.25425	1.25428			6
2024.12.26	04:32:04.105		1.25427			4
2024.12.26	04:32:08.983		1.25428			4
2024.12.26	04:32:09.296	1.25426	1.25429			6
2024.12.26	04:32:09.900	1.25427				2
2024.12.26	04:32:10.203	1.25426	1.25428			6
2024.12.26	04:32:15.989		1.25430			4
2024.12.26	04:32:16.602		1.25429			4
2024.12.26	04:32:19.643		1.25430			4
2024.12.26	04:32:21.177	1.25427				2
2024.12.26	04:32:22.702	1.25426	1.25429			6
2024.12.26	04:32:23.923	1.25427	1.25430			6
2024.12.26	04:32:25.777	1.25425	1.25428			6
2024.12.26	04:32:26.084	1.25427	1.25429			6
2024.12.26	04:32:26.693	1.25426	1.25428			6
2024.12.26	04:32:28.833	1.25424	1.25426			6
2024.12.26	04:32:29.146		1.25427			4
2024.12.26	04:32:30.068	1.25425				2
2024.12.26	04:32:37.780	1.25423	1.25426			6
2024.12.26	04:32:39.006	1.25419	1.25422			6
2024.12.26	04:32:39.615	1.25424	1.25427			6
2024.12.26	04:32:44.796	1.25422	1.25425			6
2024.12.26	04:32:49.373		1.25424			4
2024.12.26	04:32:53.964		1.25423			4
2024.12.26	04:32:57.000	1.25419	1.25422			6
2024.12.26	04:32:58.221	1.25418	1.25421			6
2024.12.26	04:32:59.135	1.25421	1.25424			6
2024.12.26	04:33:00.046	1.25421				2
2024.12.26	04:33:00.349	1.25419				2
2024.12.26	04:33:03.109	1.25420				2
2024.12.26	04:33:03.723	1.25423				2
2024.12.26	04:33:04.028	1.25426	1.25429			6
2024.12.26	04:33:04.337		1.25430			4
2024.12.26	04:33:05.557		1.25429			4
2024.12.26	04:33:07.712	1.25425	1.25428			6
2024.12.26	04:33:10.176	1.25422	1.25427			6
2024.12.26	04:33:10.485	1.25424				2
2024.12.26	04:33:12.334		1.25428			4
2024.12.26	04:33:18.790	1.25422	1.25425			6
2024.12.26	04:33:19.101	1.25419	1.25424			6
2024.12.26	04:33:20.337	1.25421				2
2024.12.26	04:33:20.642		1.25425			4
2024.12.26	04:33:25.870	1.25424	1.25428			6
2024.12.26	04:33:30.776	1.25434	1.25437			6
2024.12.26	04:33:31.080		1.25438			4
2024.12.26	04:33:40.276	1.25436	1.25440			6
2024.12.26	04:33:46.094	1.25441	1.25445			6
2024.12.26	04:33:46.396	1.25440				2
2024.12.26	04:33:46.702		1.25444			4
2024.12.26	04:33:53.734	1.25441				2
2024.12.26	04:33:54.341	1.25440				2
2024.12.26	04:33:55.866	1.25441				2
2024.12.26	04:33:56.172	1.25440				2
2024.12.26	04:33:56.481	1.25441	1.25445			6
2024.12.26	04:33:57.394	1.25437	1.25442			6
2024.12.26	04:34:00.150	1.25437				2
2024.12.26	04:34:00.453	1.25438	1.25443			6
2024.12.26	04:34:01.686	1.25439				2
2024.12.26	04:34:04.140		1.25444			4
2024.12.26	04:34:05.374	1.25438				2
2024.12.26	04:34:22.834	1.25437	1.25443			6
2024.12.26	04:34:23.135	1.25436				2
2024.12.26	04:34:25.900		1.25441			4
2024.12.26	04:34:26.206		1.25442			4
2024.12.26	04:34:26.824	1.25434	1.25438			6
2024.12.26	04:34:30.797	1.25437	1.25441			6
2024.12.26	04:34:34.149		1.25442			4
2024.12.26	04:34:34.456	1.25442	1.25446			6
2024.12.26	04:34:35.985	1.25443				2
2024.12.26	04:34:39.054	1.25442				2
2024.12.26	04:34:47.030	1.25435	1.25439			6
2024.12.26	04:34:51.014	1.25436	1.25440			6
2024.12.26	04:34:57.457	1.25435				2
2024.12.26	04:35:00.194	1.25435				2
2024.12.26	04:35:01.416	1.25436				2
2024.12.26	04:35:08.465	1.25442	1.25446			6
2024.12.26	04:35:09.993	1.25444				2
2024.12.26	04:35:11.517	1.25439	1.25442			6
2024.12.26	04:35:14.264	1.25441	1.25443			6
2024.12.26	04:35:17.018		1.25444			4
2024.12.26	04:35:17.942		1.25443			4
2024.12.26	04:35:21.000	1.25438	1.25441			6
2024.12.26	04:35:21.303	1.25437				2
2024.12.26	04:35:24.356	1.25438				2
2024.12.26	04:35:50.935	1.25437	1.25439			6
2024.12.26	04:35:51.553	1.25435				2
2024.12.26	04:35:52.162	1.25436				2
2024.12.26	04:36:00.137	1.25436				2
2024.12.26	04:36:00.744		1.25438			4
2024.12.26	04:36:02.351	1.25435				2
2024.12.26	04:36:02.662	1.25434				2
2024.12.26	04:36:02.964		1.25439			4
2024.12.26	04:36:06.028		1.25438			4
2024.12.26	04:36:07.251	1.25435	1.25439			6
2024.12.26	04:36:08.159	1.25434				2
2024.12.26	04:36:13.360	1.25435				2
2024.12.26	04:36:17.028	1.25436				2
2024.12.26	04:36:18.243	1.25437				2
2024.12.26	04:36:19.150	1.25438	1.25442			6
2024.12.26	04:36:19.453	1.25443	1.25446			6
2024.12.26	04:36:19.757	1.25446	1.25447			6
2024.12.26	04:36:23.736		1.25448			4
2024.12.26	04:36:30.790	1.25445				2
2024.12.26	04:36:34.468	1.25443	1.25447			6
2024.12.26	04:36:44.575	1.25441				2
2024.12.26	04:36:44.883		1.25446			4
2024.12.26	04:36:48.565	1.25437	1.25440			6
2024.12.26	04:36:49.483		1.25441			4
2024.12.26	04:36:53.458	1.25438				2
2024.12.26	04:36:58.653		1.25442			4
2024.12.26	04:37:00.192	1.25440				2
2024.12.26	04:37:00.496	1.25439				2
2024.12.26	04:37:06.934	1.25440				2
2024.12.26	04:37:08.166	1.25442	1.25445			6
2024.12.26	04:37:09.400	1.25439	1.25444			6
2024.12.26	04:37:14.912	1.25441	1.25445			6
2024.12.26	04:37:15.830	1.25440				2
2024.12.26	04:37:16.753	1.25441	1.25447			6
2024.12.26	04:37:27.159	1.25439	1.25443			6
2024.12.26	04:37:31.434	1.25440	1.25445			6
2024.12.26	04:37:35.120	1.25441				2
2024.12.26	04:37:41.232		1.25446			4
2024.12.26	04:37:42.161	1.25442				2
2024.12.26	04:37:49.805	1.25440	1.25443			6
2024.12.26	04:37:55.313	1.25441				2
2024.12.26	04:38:00.205	1.25441				2
2024.12.26	04:38:02.341	1.25442				2
2024.12.26	04:38:02.642	1.25441	1.25444			6
2024.12.26	04:38:04.801	1.25442	1.25445			6
2024.12.26	04:38:05.103	1.25443	1.25446			6
2024.12.26	04:38:16.109	1.25442	1.25445			6
2024.12.26	04:38:21.299	1.25441	1.25444			6
2024.12.26	04:38:24.044	1.25443	1.25446			6
2024.12.26	04:38:29.249	1.25442	1.25445			6
2024.12.26	04:38:45.803		1.25444			4
2024.12.26	04:39:00.160	1.25442				2
2024.12.26	04:39:01.701	1.25440	1.25443			6
2024.12.26	04:39:02.009	1.25441				2
2024.12.26	04:39:17.325	1.25440				2
2024.12.26	04:39:17.628	1.25441				2
2024.12.26	04:39:18.241	1.25440				2
2024.12.26	04:39:18.548	1.25441				2
2024.12.26	04:39:21.922		1.25442			4
2024.12.26	04:39:22.228	1.25440				2
2024.12.26	04:39:29.262		1.25443			4
2024.12.26	04:39:29.565	1.25441				2
2024.12.26	04:39:53.104	1.25440	1.25442			6
2024.12.26	04:40:00.127	1.25440				2
2024.12.26	04:40:00.731	1.25443	1.25445			6
2024.12.26	04:40:01.037	1.25441	1.25444			6
2024.12.26	04:40:11.191		1.25443			4
2024.12.26	04:40:19.493	1.25442	1.25445			6
2024.12.26	04:40:29.318	1.25440	1.25443			6
2024.12.26	04:40:34.529	1.25441				2
2024.12.26	04:40:34.845	1.25440				2
2024.12.26	04:40:38.814	1.25441	1.25444			6
2024.12.26	04:40:44.936	1.25440	1.25443			6
2024.12.26	04:40:45.243	1.25441	1.25444			6
2024.12.26	04:41:00.224	1.25441				2
2024.12.26	04:41:01.761	1.25437	1.25440			6
2024.12.26	04:41:02.065	1.25439	1.25442			6
2024.12.26	04:41:02.377	1.25440				2
2024.12.26	04:41:05.135	1.25439				2
2024.12.26	04:41:06.976	1.25440	1.25443			6
2024.12.26	04:41:08.518	1.25441	1.25444			6
2024.12.26	04:41:10.363	1.25442	1.25445			6
2024.12.26	04:41:11.286	1.25441	1.25444			6
2024.12.26	04:41:14.986	1.25440	1.25442			6
2024.12.26	04:41:15.290	1.25441	1.25444			6
2024.12.26	04:41:15.601		1.25443			4
2024.12.26	04:41:15.901	1.25440				2
2024.12.26	04:41:22.056	1.25441				2
2024.12.26	04:41:27.598	1.25440				2
2024.12.26	04:41:40.232	1.25442				2
2024.12.26	04:41:40.538	1.25440				2
2024.12.26	04:41:41.762	1.25442	1.25444			6
2024.12.26	04:41:43.605		1.25445			4
2024.12.26	04:41:46.669	1.25441	1.25444			6
2024.12.26	04:41:47.278	1.25442				2
2024.12.26	04:41:47.582	1.25444	1.25446			6
2024.12.26	04:41:50.643	1.25443				2
2024.12.26	04:41:58.603	1.25442	1.25443			6
2024.12.26	04:41:58.905	1.25441				2
2024.12.26	04:42:00.145	1.25441				2
2024.12.26	04:42:01.986	1.25440				2
2024.12.26	04:42:09.992	1.25439	1.25442			6
2024.12.26	04:42:11.224	1.25440	1.25443			6
2024.12.26	04:42:18.602	1.25430	1.25432			6
2024.12.26	04:42:18.909	1.25431	1.25433			6
2024.12.26	04:42:19.209	1.25429	1.25434			6
2024.12.26	04:42:19.830	1.25428				2
2024.12.26	04:42:20.453	1.25429				2
2024.12.26	04:42:21.061	1.25427	1.25432			6
2024.12.26	04:42:33.372	1.25426				2
2024.12.26	04:42:39.490	1.25427				2
2024.12.26	04:42:49.288	1.25426				2
2024.12.26	04:42:52.046		1.25431			4
2024.12.26	04:42:55.099	1.25431	1.25435			6
2024.12.26	04:42:55.407	1.25432	1.25436			6
2024.12.26	04:42:57.551	1.25431				2
2024.12.26	04:43:00.013	1.25431				2
2024.12.26	04:43:04.941	1.25430				2
2024.12.26	04:43:06.178	1.25431				2
2024.12.26	04:43:07.099	1.25430				2
2024.12.26	04:43:07.411		1.25435			4
2024.12.26	04:43:15.395	1.25432				2
2024.12.26	04:43:16.319	1.25434	1.25439			6
2024.12.26	04:43:17.242		1.25440			4
2024.12.26	04:43:20.307	1.25436	1.25441			6
2024.12.26	04:43:24.905		1.25440			4
2024.12.26	04:43:27.664		1.25441			4
2024.12.26	04:43:32.572	1.25433	1.25438			6
2024.12.26	04:43:32.876	1.25431	1.25437			6
2024.12.26	04:43:34.403	1.25432	1.25438			6
2024.12.26	04:43:34.707	1.25435				2
2024.12.26	04:43:36.239	1.25434				2
2024.12.26	04:43:41.143	1.25435				2
2024.12.26	04:43:51.226	1.25434				2
2024.12.26	04:43:51.536	1.25433				2
2024.12.26	04:43:53.377	1.25434				2
2024.12.26	04:43:55.212	1.25433				2
2024.12.26	04:43:57.352	1.25434				2
2024.12.26	04:43:59.488	1.25433				2
2024.12.26	04:44:00.097	1.25433				2
2024.12.26	04:44:02.554	1.25434				2
2024.12.26	04:44:04.686	1.25433				2
2024.12.26	04:44:05.301	1.25432	1.25436			6
2024.12.26	04:44:06.837	1.25431				2
2024.12.26	04:44:07.142	1.25432				2
2024.12.26	04:44:12.966		1.25435			4
2024.12.26	04:44:29.211	1.25433	1.25436			6
2024.12.26	04:44:30.437	1.25432				2
2024.12.26	04:44:36.235		1.25435			4
2024.12.26	04:44:36.537		1.25436			4
2024.12.26	04:44:40.519		1.25435			4
2024.12.26	04:44:41.128		1.25436			4
2024.12.26	04:44:44.173	1.25433				2
2024.12.26	04:44:52.421	1.25432	1.25435			6
2024.12.26	04:44:52.727	1.25433	1.25436			6
2024.12.26	04:45:00.060	1.25433				2
2024.12.26	04:45:04.337	1.25432	1.25435			6
2024.12.26	04:45:05.251	1.25436	1.25437			6
2024.12.26	04:45:05.557	1.25435	1.25438			6
2024.12.26	04:45:07.389	1.25434	1.25437			6
2024.12.26	04:45:07.700	1.25433	1.25436			6
2024.12.26	04:45:12.592	1.25432	1.25435			6
2024.12.26	04:45:12.898	1.25433	1.25436			6
2024.12.26	04:45:14.429	1.25427	1.25432			6
2024.12.26	04:45:14.735	1.25428	1.25431			6
2024.12.26	04:45:15.041	1.25427	1.25432			6
2024.12.26	04:45:15.350	1.25426				2
2024.12.26	04:45:16.258	1.25427				2
2024.12.26	04:45:18.400		1.25433			4
2024.12.26	04:45:19.316		1.25431			4
2024.12.26	04:45:19.623	1.25426				2
2024.12.26	04:45:22.979	1.25431	1.25433			6
2024.12.26	04:45:23.284	1.25432	1.25435			6
2024.12.26	04:45:25.724	1.25427	1.25430			6
2024.12.26	04:45:26.330		1.25433			4
2024.12.26	04:45:30.912	1.25431	1.25435			6
2024.12.26	04:45:37.954	1.25432				2
2024.12.26	04:45:38.256	1.25431	1.25434			6
2024.12.26	04:45:49.580	1.25432	1.25435			6
2024.12.26	04:46:00.290	1.25432				2
2024.12.26	04:46:09.205	1.25431				2
2024.12.26	04:46:11.961		1.25434			4
2024.12.26	04:46:17.786	1.25428	1.25433			6
2024.12.26	04:46:18.401	1.25429	1.25434			6
2024.12.26	04:46:19.925	1.25428	1.25433			6
2024.12.26	04:46:20.231		1.25432			4
2024.12.26	04:46:41.152		1.25431			4
2024.12.26	04:46:43.290	1.25429				2
2024.12.26	04:46:48.792	1.25433	1.25434			6
2024.12.26	04:46:49.104	1.25432				2
2024.12.26	04:46:49.715	1.25433	1.25436			6
2024.12.26	04:46:50.645	1.25432	1.25435			6
2024.12.26	04:47:00.137	1.25432				2
2024.12.26	04:47:19.115	1.25433				2
2024.12.26	04:47:25.524	1.25432				2
2024.12.26	04:47:26.140	1.25433				2
2024.12.26	04:47:27.969	1.25434				2
2024.12.26	04:47:28.278	1.25433				2
2024.12.26	04:47:32.855	1.25430	1.25432			6
2024.12.26	04:47:34.387	1.25429				2
2024.12.26	04:47:40.847	1.25430				2
2024.12.26	04:47:41.453	1.25431				2
2024.12.26	04:47:42.377	1.25430				2
2024.12.26	04:47:51.255	1.25431				2
2024.12.26	04:47:54.609	1.25432	1.25434			6
2024.12.26	04:47:54.913	1.25431	1.25433			6
2024.12.26	04:47:55.216	1.25430				2
2024.12.26	04:47:56.734	1.25431				2
2024.12.26	04:47:57.340	1.25430				2
2024.12.26	04:47:57.647	1.25431				2
2024.12.26	04:47:59.178	1.25430				2
2024.12.26	04:48:00.102	1.25430				2
2024.12.26	04:48:11.091		1.25431			4
2024.12.26	04:48:11.392	1.25429				2
2024.12.26	04:48:18.745	1.25430				2
2024.12.26	04:48:19.357		1.25433			4
2024.12.26	04:48:19.661	1.25431				2
2024.12.26	04:49:00.030	1.25431				2
2024.12.26	04:49:05.241	1.25430				2
2024.12.26	04:49:08.596	1.25431				2
2024.12.26	04:49:10.727	1.25429	1.25432			6
2024.12.26	04:49:21.461	1.25431				2
2024.12.26	04:49:26.066	1.25429				2
2024.12.26	04:49:32.506	1.25430	1.25433			6
2024.12.26	04:49:38.329	1.25429	1.25432			6
2024.12.26	04:50:00.158	1.25429				2
2024.12.26	04:50:01.695	1.25430				2
2024.12.26	04:50:01.997		1.25433			4
2024.12.26	04:50:05.072	1.25429	1.25432			6
2024.12.26	04:50:08.732	1.25430	1.25433			6
2024.12.26	04:50:09.346	1.25429				2
2024.12.26	04:50:11.181	1.25430				2
2024.12.26	04:50:17.312	1.25431	1.25434			6
2024.12.26	04:50:18.235	1.25430				2
2024.12.26	04:50:24.981	1.25431				2
2024.12.26	04:50:28.969	1.25435	1.25439			6
2024.12.26	04:50:29.278	1.25436				2
2024.12.26	04:50:29.889		1.25438			4
2024.12.26	04:50:34.189		1.25440			4
2024.12.26	04:50:36.333	1.25439	1.25443			6
2024.12.26	04:50:37.864		1.25442			4
2024.12.26	04:50:47.090	1.25438				2
2024.12.26	04:50:51.394	1.25439	1.25443			6
2024.12.26	04:50:51.703		1.25442			4
2024.12.26	04:50:52.627		1.25443			4
2024.12.26	04:51:00.026	1.25438	1.25442			6
2024.12.26	04:51:02.493	1.25439	1.25443			6
2024.12.26	04:51:03.721	1.25441	1.25444			6
2024.12.26	04:51:04.028	1.25443	1.25446			6
2024.12.26	04:51:22.199	1.25447	1.25449			6
2024.12.26	04:51:23.731	1.25443	1.25447			6
2024.12.26	04:51:27.118	1.25442	1.25446			6
2024.12.26	04:51:27.424	1.25436	1.25438			6
2024.12.26	04:51:27.727		1.25437			4
2024.12.26	04:51:30.197		1.25438			4
2024.12.26	04:51:32.650	1.25438	1.25442			6
2024.12.26	04:51:33.880	1.25440	1.25444			6
2024.12.26	04:51:37.573	1.25439	1.25443			6
2024.12.26	04:51:45.884	1.25432	1.25436			6
2024.12.26	04:51:46.804	1.25433	1.25437			6
2024.12.26	04:51:47.106	1.25437	1.25440			6
2024.12.26	04:51:48.655		1.25441			4
2024.12.26	04:52:00.041	1.25437				2
2024.12.26	04:52:24.600	1.25438				2
2024.12.26	04:52:24.903		1.25442			4
2024.12.26	04:52:30.107	1.25433	1.25437			6
2024.12.26	04:52:32.881	1.25437	1.25440			6
2024.12.26	04:52:33.188		1.25439			4
2024.12.26	04:52:34.127		1.25438			4
2024.12.26	04:52:42.475	1.25434				2
2024.12.26	04:52:45.861	1.25435	1.25439			6
2024.12.26	04:52:49.836	1.25436				2
2024.12.26	04:52:50.140	1.25435				2
2024.12.26	04:52:52.597		1.25438			4
2024.12.26	04:52:55.048	1.25436	1.25439			6
2024.12.26	04:52:59.954	1.25435	1.25438			6
2024.12.26	04:53:00.261	1.25436	1.25439			6
2024.12.26	04:53:00.564	1.25432	1.25436			6
2024.12.26	04:53:03.326	1.25435	1.25437			6
2024.12.26	04:53:03.628	1.25434				2
2024.12.26	04:53:03.929	1.25433				2
2024.12.26	04:53:04.241	1.25432	1.25436			6
2024.12.26	04:53:08.262	1.25435	1.25439			6
2024.12.26	04:53:15.961	1.25436				2
2024.12.26	04:53:16.273		1.25438			4
2024.12.26	04:53:16.578	1.25439	1.25441			6
2024.12.26	04:53:16.894		1.25443			4
2024.12.26	04:53:23.363	1.25440	1.25444			6
2024.12.26	04:53:25.520	1.25438	1.25442			6
2024.12.26	04:53:25.824		1.25441			4
2024.12.26	04:53:37.809	1.25437				2
2024.12.26	04:53:41.799		1.25440			4
2024.12.26	04:53:43.942	1.25440	1.25444			6
2024.12.26	04:53:51.903	1.25441				2
2024.12.26	04:53:52.208		1.25445			4
2024.12.26	04:53:53.436	1.25440	1.25443			6
2024.12.26	04:53:53.745	1.25441				2
2024.12.26	04:53:54.054		1.25445			4
2024.12.26	04:54:00.210	1.25441				2
2024.12.26	04:54:07.306	1.25442	1.25446			6
2024.12.26	04:54:07.613	1.25445	1.25448			6
2024.12.26	04:54:09.774	1.25441	1.25445			6
2024.12.26	04:54:10.699	1.25438	1.25441			6
2024.12.26	04:54:18.719		1.25442			4
2024.12.26	04:54:19.027		1.25441			4
2024.12.26	04:54:20.879		1.25442			4
2024.12.26	04:54:21.497		1.25441			4
2024.12.26	04:54:23.969	1.25439	1.25443			6
2024.12.26	04:54:45.177	1.25437	1.25440			6
2024.12.26	04:54:52.243		1.25441			4
2024.12.26	04:54:56.561		1.25439			4
2024.12.26	04:55:00.262	1.25437				2
2024.12.26	04:55:03.340		1.25440			4
2024.12.26	04:55:07.024		1.25441			4
2024.12.26	04:55:08.248		1.25440			4
2024.12.26	04:55:08.549		1.25441			4
2024.12.26	04:55:09.162		1.25440			4
2024.12.26	04:55:10.392	1.25438	1.25442			6
2024.12.26	04:55:17.451	1.25437	1.25441			6
2024.12.26	04:55:20.515	1.25438	1.25442			6
2024.12.26	04:55:24.789	1.25441	1.25444			6
2024.12.26	04:55:25.408	1.25442	1.25445			6
2024.12.26	04:55:26.015	1.25441				2
2024.12.26	04:55:28.173	1.25442				2
2024.12.26	04:55:34.032	1.25441				2
2024.12.26	04:55:34.340	1.25440	1.25444			6
2024.12.26	04:55:42.369	1.25438	1.25442			6
2024.12.26	04:56:00.224	1.25438				2
2024.12.26	04:56:03.586	1.25439	1.25443			6
2024.12.26	04:56:04.508	1.25440				2
2024.12.26	04:56:04.819	1.25439				2
2024.12.26	04:56:18.884	1.25438	1.25442			6
2024.12.26	04:56:19.185	1.25439				2
2024.12.26	04:56:22.541	1.25440				2
2024.12.26	04:56:22.855	1.25439				2
2024.12.26	04:56:26.214	1.25440	1.25443			6
2024.12.26	04:56:28.035		1.25442			4
2024.12.26	04:56:32.310	1.25438	1.25441			6
2024.12.26	04:56:32.618	1.25437	1.25440			6
2024.12.26	04:56:33.227	1.25436				2
2024.12.26	04:56:34.137		1.25439			4
2024.12.26	04:56:37.192		1.25440			4
2024.12.26	04:56:39.619		1.25439			4
2024.12.26	04:56:39.926		1.25440			4
2024.12.26	04:56:43.287	1.25437				2
2024.12.26	04:56:48.177	1.25438	1.25441			6
2024.12.26	04:56:49.098	1.25436	1.25439			6
2024.12.26	04:56:50.328	1.25435				2
2024.12.26	04:56:53.095	1.25437	1.25441			6
2024.12.26	04:56:55.566	1.25442	1.25444			6
2024.12.26	04:56:57.111	1.25440				2
2024.12.26	04:56:59.882	1.25441				2
2024.12.26	04:57:00.187	1.25441				2
2024.12.26	04:57:01.431		1.25445			4
2024.12.26	04:57:09.153	1.25440	1.25444			6
2024.12.26	04:57:11.009	1.25437	1.25441			6
2024.12.26	04:57:15.021		1.25440			4
2024.12.26	04:57:16.564		1.25441			4
2024.12.26	04:57:19.341		1.25440			4
2024.12.26	04:57:19.642	1.25436				2
2024.12.26	04:57:29.141		1.25439			4
2024.12.26	04:57:29.449	1.25431	1.25433			6
2024.12.26	04:57:29.753	1.25430				2
2024.12.26	04:57:32.526	1.25429				2
2024.12.26	04:58:00.145	1.25429				2
2024.12.26	04:58:10.707	1.25432	1.25434			6
2024.12.26	04:58:35.166	1.25433				2
2024.12.26	04:58:39.460		1.25435			4
2024.12.26	04:58:53.800	1.25432				2
2024.12.26	04:58:56.549	1.25433				2
2024.12.26	04:58:59.302	1.25432	1.25434			6
2024.12.26	04:58:59.612	1.25431				2
2024.12.26	04:59:00.223	1.25431				2
2024.12.26	04:59:00.525		1.25433			4
2024.12.26	04:59:05.420		1.25434			4
2024.12.26	04:59:08.794	1.25433				2
2024.12.26	04:59:12.753	1.25432				2
2024.12.26	04:59:18.546	1.25433				2
2024.12.26	04:59:19.156	1.25432				2
2024.12.26	04:59:20.980	1.25431				2
2024.12.26	04:59:24.651	1.25432	1.25435			6
2024.12.26	04:59:49.036	1.25433	1.25436			6
2024.12.26	04:59:56.375	1.25432	1.25435			6
2024.12.26	04:59:56.688	1.25433	1.25436			6
2024.12.26	04:59:59.426	1.25434	1.25437			6
2024.12.26	04:59:59.729	1.25433	1.25436			6
2024.12.26	05:00:00.033	1.25433				2
2024.12.26	05:00:02.475	1.25434	1.25437			6
2024.12.26	05:00:02.782	1.25436	1.25439			6
2024.12.26	05:00:03.391	1.25435	1.25438			6
2024.12.26	05:00:11.006	1.25433	1.25436			6
2024.12.26	05:00:11.307	1.25431	1.25434			6
2024.12.26	05:00:13.165	1.25432	1.25435			6
2024.12.26	05:00:15.322	1.25433	1.25437			6
2024.12.26	05:00:18.403	1.25431	1.25433			6
2024.12.26	05:00:18.706		1.25435			4
2024.12.26	05:00:20.561	1.25435	1.25438			6
2024.12.26	05:00:20.869	1.25434				2
2024.12.26	05:00:23.949	1.25432	1.25436			6
2024.12.26	05:00:25.482	1.25433	1.25437			6
2024.12.26	05:00:31.032	1.25434				2
2024.12.26	05:00:32.272		1.25438			4
2024.12.26	05:00:39.043	1.25437	1.25439			6
2024.12.26	05:00:41.502		1.25440			4
2024.12.26	05:01:00.260	1.25433	1.25435			6
2024.12.26	05:01:00.565	1.25432				2
2024.12.26	05:01:13.773	1.25431	1.25434			6
2024.12.26	05:01:14.078	1.25432	1.25435			6
2024.12.26	05:01:59.151	1.25436	1.25438			6
2024.12.26	05:02:00.076	1.25436				2
2024.12.26	05:02:00.381	1.25435	1.25439			6
2024.12.26	05:02:02.223	1.25432	1.25435			6
2024.12.26	05:02:32.981	1.25431	1.25434			6
2024.12.26	05:02:34.199	1.25432				2
2024.12.26	05:02:35.111	1.25431				2
2024.12.26	05:02:41.529	1.25432	1.25435			6
2024.12.26	05:02:42.757	1.25433				2
2024.12.26	05:02:56.810	1.25431	1.25434			6
2024.12.26	05:02:58.641	1.25432	1.25435			6
2024.12.26	05:03:00.166	1.25432				2
2024.12.26	05:03:01.704	1.25435	1.25437			6
2024.12.26	05:03:02.012		1.25439			4
2024.12.26	05:03:02.322	1.25436	1.25440			6
2024.12.26	05:03:12.167	1.25435	1.25439			6
2024.12.26	05:03:13.094	1.25436				2
2024.12.26	05:03:13.404	1.25440	1.25444			6
2024.12.26	05:03:18.335	1.25438	1.25442			6
2024.12.26	05:03:30.604	1.25437	1.25441			6
2024.12.26	05:03:33.367	1.25432	1.25436			6
2024.12.26	05:03:33.670	1.25431	1.25435			6
2024.12.26	05:03:37.063	1.25432	1.25434			6
2024.12.26	05:03:37.370		1.25436			4
2024.12.26	05:03:48.684	1.25431	1.25435			6
2024.12.26	05:03:56.035	1.25430	1.25434			6
2024.12.26	05:03:56.345	1.25431	1.25435			6
2024.12.26	05:04:00.013	1.25431				2
2024.12.26	05:04:17.132	1.25432	1.25436			6
2024.12.26	05:04:52.114	1.25433				2
2024.12.26	05:04:53.340	1.25432				2
2024.12.26	05:04:56.411	1.25434	1.25438			6
2024.12.26	05:04:59.781	1.25431	1.25436			6
2024.12.26	05:05:00.083	1.25431				2
2024.12.26	05:05:01.921	1.25432	1.25437			6
2024.12.26	05:05:04.074	1.25433	1.25438			6
2024.12.26	05:05:05.918	1.25436	1.25439			6
2024.12.26	05:05:06.228	1.25437	1.25441			6
2024.12.26	05:05:08.074	1.25436	1.25440			6
2024.12.26	05:05:09.305	1.25434	1.25439			6
2024.12.26	05:05:16.085	1.25432	1.25437			6
2024.12.26	05:05:18.859	1.25434	1.25438			6
2024.12.26	05:05:22.241	1.25433	1.25437			6
2024.12.26	05:05:26.212	1.25434	1.25439			6
2024.12.26	05:05:36.650	1.25435	1.25440			6
2024.12.26	05:05:36.960	1.25436				2
2024.12.26	05:05:38.193	1.25435				2
2024.12.26	05:05:42.484		1.25439			4
2024.12.26	05:05:43.100		1.25440			4
2024.12.26	05:05:57.500		1.25439			4
2024.12.26	05:05:57.802	1.25432	1.25436			6
2024.12.26	05:06:00.275	1.25432				2
2024.12.26	05:06:04.575	1.25436	1.25439			6
2024.12.26	05:06:04.879		1.25440			4
2024.12.26	05:06:09.808		1.25439			4
2024.12.26	05:06:10.109		1.25438			4
2024.12.26	05:06:10.426	1.25432	1.25436			6
2024.12.26	05:06:21.766	1.25433	1.25437			6
2024.12.26	05:06:39.185	1.25432	1.25436			6
2024.12.26	05:06:45.263	1.25433	1.25437			6
2024.12.26	05:07:00.242	1.25433				2
2024.12.26	05:07:02.369	1.25434				2
2024.12.26	05:07:03.282		1.25436			4
2024.12.26	05:07:03.583	1.25433				2
2024.12.26	05:07:18.240	1.25434				2
2024.12.26	05:07:22.510		1.25437			4
2024.12.26	05:07:22.813	1.25435				2
2024.12.26	05:07:23.118	1.25434				2
2024.12.26	05:07:47.592		1.25436			4
2024.12.26	05:08:00.164	1.25434				2
2024.12.26	05:08:02.305	1.25433				2
2024.12.26	05:08:05.375	1.25431	1.25434			6
2024.12.26	05:08:05.677	1.25432	1.25435			6
2024.12.26	05:08:09.946	1.25434	1.25436			6
2024.12.26	05:08:11.165	1.25433				2
2024.12.26	05:08:14.226	1.25434				2
2024.12.26	05:08:15.755	1.25433				2
2024.12.26	05:08:24.015	1.25434				2
2024.12.26	05:08:26.160	1.25433				2
2024.12.26	05:08:26.464	1.25432	1.25435			6
2024.12.26	05:08:35.644	1.25431	1.25433			6
2024.12.26	05:08:35.947	1.25430				2
2024.12.26	05:08:37.172	1.25431				2
2024.12.26	05:08:48.196	1.25430				2
2024.12.26	05:08:48.504	1.25431				2
2024.12.26	05:08:56.443	1.25435	1.25437			6
2024.12.26	05:08:56.748	1.25434				2
2024.12.26	05:08:57.050		1.25435			4
2024.12.26	05:08:57.355	1.25433				2
2024.12.26	05:08:59.199	1.25434				2
2024.12.26	05:09:00.115	1.25434				2
2024.12.26	05:09:00.733		1.25437			4
2024.12.26	05:09:10.225		1.25435			4
2024.12.26	05:09:17.630	1.25433				2
2024.12.26	05:09:19.482	1.25434	1.25437			6
2024.12.26	05:09:26.241	1.25443	1.25445			6
2024.12.26	05:09:26.545	1.25444	1.25446			6
2024.12.26	05:09:26.849		1.25447			4
2024.12.26	05:09:27.150	1.25443				2
2024.12.26	05:09:27.453	1.25444	1.25448			6
2024.12.26	05:09:32.387	1.25443	1.25447			6
2024.12.26	05:09:34.540	1.25442	1.25446			6
2024.12.26	05:09:35.155	1.25443	1.25447			6
2024.12.26	05:09:51.394	1.25444	1.25448			6
2024.12.26	05:09:52.316	1.25442	1.25446			6
2024.12.26	05:09:52.623	1.25441	1.25445			6
2024.12.26	05:09:54.462	1.25440	1.25444			6
2024.12.26	05:09:57.224	1.25441				2
2024.12.26	05:10:00.282	1.25441				2
2024.12.26	05:10:01.207	1.25440				2
2024.12.26	05:10:02.423	1.25441				2
2024.12.26	05:10:06.091	1.25446	1.25449			6
2024.12.26	05:10:06.397		1.25450			4
2024.12.26	05:10:11.000	1.25444	1.25448			6
2024.12.26	05:10:13.157	1.25445				2
2024.12.26	05:10:14.080	1.25444				2
2024.12.26	05:10:29.736	1.25442	1.25446			6
2024.12.26	05:10:44.458	1.25441	1.25444			6
2024.12.26	05:10:45.070	1.25442				2
2024.12.26	05:10:47.215	1.25445	1.25449			6
2024.12.26	05:10:55.605	1.25444	1.25448			6
2024.12.26	05:10:55.905	1.25445				2
2024.12.26	05:11:00.178	1.25445				2
2024.12.26	05:11:01.098	1.25446				2
2024.12.26	05:11:01.719	1.25445				2
2024.12.26	05:11:02.020	1.25446				2
2024.12.26	05:11:02.636	1.25444	1.25447			6
2024.12.26	05:11:04.160	1.25446	1.25448			6
2024.12.26	05:11:05.088	1.25445				2
2024.12.26	05:11:05.399	1.25444	1.25447			6
2024.12.26	05:11:06.318	1.25446	1.25449			6
2024.12.26	05:11:16.453	1.25447				2
2024.12.26	05:11:19.522	1.25446				2
2024.12.26	05:11:23.513	1.25447				2
2024.12.26	05:11:24.440	1.25448				2
2024.12.26	05:11:25.660	1.25447				2
2024.12.26	05:11:33.330	1.25445				2
2024.12.26	05:11:47.093	1.25446				2
2024.12.26	05:11:49.539	1.25445				2
2024.12.26	05:11:55.364	1.25446				2
2024.12.26	05:11:58.709	1.25447				2
2024.12.26	05:11:59.630	1.25446				2
2024.12.26	05:12:00.241	1.25446				2
2024.12.26	05:12:06.366		1.25449			4
2024.12.26	05:12:10.634	1.25448	1.25451			6
2024.12.26	05:12:10.939	1.25450	1.25452			6
2024.12.26	05:12:12.167	1.25449				2
2024.12.26	05:12:13.081	1.25450	1.25453			6
2024.12.26	05:12:13.383	1.25449	1.25452			6
2024.12.26	05:12:14.312		1.25453			4
2024.12.26	05:12:21.358	1.25450				2
2024.12.26	05:12:26.865	1.25449	1.25452			6
2024.12.26	05:12:27.475	1.25450	1.25453			6
2024.12.26	05:12:36.344		1.25451			4
2024.12.26	05:12:36.645	1.25447	1.25449			6
2024.12.26	05:12:36.947		1.25450			4
2024.12.26	05:12:37.248		1.25451			4
2024.12.26	05:12:40.947	1.25448	1.25452			6
2024.12.26	05:12:48.338	1.25446	1.25450			6
2024.12.26	05:12:58.199	1.25445	1.25449			6
2024.12.26	05:13:00.057	1.25445				2
2024.12.26	05:13:01.283	1.25446	1.25450			6
2024.12.26	05:13:19.172	1.25447	1.25451			6
2024.12.26	05:13:33.280	1.25448				2
2024.12.26	05:13:33.891	1.25449	1.25452			6
2024.12.26	05:13:34.502	1.25450	1.25453			6
2024.12.26	05:13:34.804	1.25453	1.25456			6
2024.12.26	05:13:35.108	1.25452				2
2024.12.26	05:13:35.723	1.25451	1.25458			6
2024.12.26	05:13:37.568	1.25450	1.25456			6
2024.12.26	05:13:37.881	1.25449				2
2024.12.26	05:13:38.797	1.25450	1.25457			6
2024.12.26	05:13:40.960	1.25449	1.25456			6
2024.12.26	05:13:41.261	1.25446	1.25454			6
2024.12.26	05:13:50.434		1.25452			4
2024.12.26	05:13:50.741	1.25445				2
2024.12.26	05:13:53.496	1.25446				2
2024.12.26	05:14:00.232	1.25446				2
2024.12.26	05:14:01.456		1.25454			4
2024.12.26	05:14:03.908	1.25447	1.25455			6
2024.12.26	05:14:11.597	1.25449	1.25457			6
2024.12.26	05:14:12.214	1.25450				2
2024.12.26	05:14:16.818	1.25449				2
2024.12.26	05:14:18.044		1.25456			4
2024.12.26	05:14:18.349	1.25450	1.25457			6
2024.12.26	05:14:19.273	1.25449				2
2024.12.26	05:14:30.638		1.25456			4
2024.12.26	05:14:34.946	1.25448				2
2024.12.26	05:14:39.865		1.25454			4
2024.12.26	05:14:40.494		1.25456			4
2024.12.26	05:14:41.107		1.25455			4
2024.12.26	05:14:41.414	1.25449				2
2024.12.26	05:14:41.721		1.25456			4
2024.12.26	05:14:42.030	1.25451				2
2024.12.26	05:14:42.951	1.25452	1.25459			6
2024.12.26	05:14:43.259	1.25453				2
2024.12.26	05:14:49.429		1.25458			4
2024.12.26	05:14:54.358	1.25452				2
2024.12.26	05:14:56.514	1.25455	1.25461			6
2024.12.26	05:14:57.129	1.25456				2
2024.12.26	05:15:00.208	1.25456				2
2024.12.26	05:15:03.282		1.25460			4
2024.12.26	05:15:04.205	1.25455				2
2024.12.26	05:15:07.286	1.25454	1.25459			6
2024.12.26	05:15:07.589	1.25455	1.25460			6
2024.12.26	05:15:08.217		1.25459			4
2024.12.26	05:15:08.517		1.25460			4
2024.12.26	05:15:10.360	1.25452	1.25457			6
2024.12.26	05:15:21.447	1.25451				2
2024.12.26	05:15:21.753		1.25456			4
2024.12.26	05:15:22.061		1.25457			4
2024.12.26	05:15:22.678		1.25456			4
2024.12.26	05:15:23.288	1.25450				2
2024.12.26	05:15:23.599	1.25451				2
2024.12.26	05:15:24.213	1.25452	1.25457			6
2024.12.26	05:15:27.604		1.25458			4
2024.12.26	05:15:27.904		1.25457			4
2024.12.26	05:15:33.114	1.25453				2
2024.12.26	05:15:39.242	1.25452	1.25455			6
2024.12.26	05:15:39.852		1.25456			4
2024.12.26	05:15:40.161		1.25457			4
2024.12.26	05:15:40.465	1.25451	1.25456			6
2024.12.26	05:15:41.687		1.25457			4
2024.12.26	05:15:42.296	1.25452				2
2024.12.26	05:15:42.606	1.25451	1.25456			6
2024.12.26	05:15:46.253		1.25455			4
2024.12.26	05:15:50.226	1.25452				2
2024.12.26	05:15:52.968	1.25454	1.25457			6
2024.12.26	05:15:53.275	1.25455	1.25458			6
2024.12.26	05:15:54.194	1.25456	1.25461			6
2024.12.26	05:15:54.500	1.25453				2
2024.12.26	05:15:56.957	1.25454	1.25459			6
2024.12.26	05:15:58.497	1.25455				2
2024.12.26	05:15:58.803	1.25452	1.25458			6
2024.12.26	05:16:00.037	1.25452				2
2024.12.26	05:16:02.188	1.25451	1.25457			6
2024.12.26	05:16:06.809	1.25452	1.25458			6
2024.12.26	05:16:13.882	1.25454	1.25459			6
2024.12.26	05:16:14.801	1.25456	1.25460			6
2024.12.26	05:16:15.111		1.25461			4
2024.12.26	05:16:16.952	1.25454	1.25459			6
2024.12.26	05:16:17.253	1.25456	1.25460			6
2024.12.26	05:16:17.566		1.25461			4
2024.12.26	05:16:20.941		1.25460			4
2024.12.26	05:16:24.925	1.25455	1.25458			6
2024.12.26	05:16:25.229	1.25454				2
2024.12.26	05:16:26.141	1.25453				2
2024.12.26	05:16:29.219	1.25454				2
2024.12.26	05:16:29.527		1.25457			4
2024.12.26	05:16:31.359	1.25455				2
2024.12.26	05:16:31.664		1.25458			4
2024.12.26	05:16:31.974	1.25454	1.25457			6
2024.12.26	05:16:34.717		1.25458			4
2024.12.26	05:16:35.330	1.25455				2
2024.12.26	05:16:42.072	1.25452	1.25455			6
2024.12.26	05:16:42.376	1.25449	1.25452			6
2024.12.26	05:16:43.286	1.25447	1.25453			6
2024.12.26	05:16:46.373	1.25452	1.25456			6
2024.12.26	05:16:46.984		1.25457			4
2024.12.26	05:16:50.064	1.25451				2
2024.12.26	05:16:53.140		1.25456			4
2024.12.26	05:17:00.213	1.25451				2
2024.12.26	05:17:00.515	1.25449	1.25454			6
2024.12.26	05:17:01.440	1.25447	1.25455			6
2024.12.26	05:17:03.896		1.25454			4
2024.12.26	05:17:04.504	1.25450	1.25455			6
2024.12.26	05:17:04.809		1.25456			4
2024.12.26	05:17:09.094		1.25454			4
2024.12.26	05:17:14.302	1.25451	1.25456			6
2024.12.26	05:17:18.599	1.25449	1.25455			6
2024.12.26	05:17:18.909	1.25450				2
2024.12.26	05:17:19.520	1.25448	1.25453			6
2024.12.26	05:17:21.803		1.25452			4
2024.12.26	05:17:22.111		1.25453			4
2024.12.26	05:17:22.414		1.25452			4
2024.12.26	05:17:23.027		1.25453			4
2024.12.26	05:17:23.640		1.25452			4
2024.12.26	05:17:23.947		1.25455			4
2024.12.26	05:17:24.261	1.25447				2
2024.12.26	05:17:24.565	1.25451	1.25456			6
2024.12.26	05:17:28.603	1.25450	1.25455			6
2024.12.26	05:17:30.444	1.25449				2
2024.12.26	05:17:32.291	1.25450				2
2024.12.26	05:17:35.351	1.25448				2
2024.12.26	05:17:35.655	1.25450	1.25456			6
2024.12.26	05:17:39.017	1.25451				2
2024.12.26	05:17:42.695	1.25448	1.25454			6
2024.12.26	05:17:43.315	1.25447	1.25455			6
2024.12.26	05:17:47.300	1.25449				2
2024.12.26	05:17:47.605	1.25448				2
2024.12.26	05:17:48.220		1.25454			4
2024.12.26	05:17:48.829	1.25450	1.25455			6
2024.12.26	05:17:49.136	1.25449	1.25454			6
2024.12.26	05:17:49.440	1.25451	1.25457			6
2024.12.26	05:17:50.045		1.25456			4
2024.12.26	05:17:50.977	1.25450	1.25454			6
2024.12.26	05:17:52.216		1.25455			4
2024.12.26	05:17:52.517	1.25448	1.25454			6
2024.12.26	05:17:53.134	1.25447	1.25453			6
2024.12.26	05:17:56.212	1.25445	1.25451			6
2024.12.26	05:17:56.516	1.25446				2
2024.12.26	05:17:57.756	1.25445	1.25450			6
2024.12.26	05:17:58.056		1.25451			4
2024.12.26	05:17:58.677	1.25446				2
2024.12.26	05:17:58.983	1.25445				2
2024.12.26	05:18:00.213	1.25445				2
2024.12.26	05:18:00.522	1.25446				2
2024.12.26	05:18:02.672		1.25450			4
2024.12.26	05:18:02.983		1.25451			4
2024.12.26	05:18:04.212	1.25447	1.25452			6
2024.12.26	05:18:04.518		1.25451			4
2024.12.26	05:18:06.058	1.25444	1.25449			6
2024.12.26	05:18:08.206		1.25448			4
2024.12.26	05:18:11.287	1.25442	1.25447			6
2024.12.26	05:18:11.594	1.25443				2
2024.12.26	05:18:12.525		1.25448			4
2024.12.26	05:18:13.135		1.25449			4
2024.12.26	05:18:13.441	1.25444				2
2024.12.26	05:18:18.067		1.25448			4
2024.12.26	05:18:19.296	1.25443				2
2024.12.26	05:18:21.137	1.25442	1.25447			6
2024.12.26	05:18:21.444	1.25441	1.25445			6
2024.12.26	05:18:21.754	1.25442	1.25446			6
2024.12.26	05:18:22.986		1.25447			4
2024.12.26	05:18:23.910		1.25448			4
2024.12.26	05:18:39.237		1.25447			4
2024.12.26	05:18:41.987	1.25444	1.25449			6
2024.12.26	05:18:43.207	1.25443				2
2024.12.26	05:18:48.744	1.25446				2
2024.12.26	05:18:49.060	1.25443				2
2024.12.26	05:18:49.364	1.25444				2
2024.12.26	05:18:51.200		1.25448			4
2024.12.26	05:18:54.246	1.25445				2
2024.12.26	05:19:00.054	1.25445				2
2024.12.26	05:19:01.889	1.25444	1.25447			6
2024.12.26	05:19:05.265	1.25445	1.25448			6
2024.12.26	05:19:05.575	1.25444	1.25447			6
2024.12.26	05:19:18.410	1.25443	1.25446			6
2024.12.26	05:19:33.664	1.25444	1.25447			6
2024.12.26	05:19:40.674	1.25443	1.25446			6
2024.12.26	05:19:48.311	1.25445	1.25448			6
2024.12.26	05:20:00.221	1.25445				2
2024.12.26	05:20:01.450	1.25446	1.25449			6
2024.12.26	05:20:01.752	1.25445	1.25448			6
2024.12.26	05:20:13.705	1.25443	1.25446			6
2024.12.26	05:20:14.617	1.25445	1.25448			6
2024.12.26	05:20:15.225	1.25444				2
2024.12.26	05:20:16.153	1.25445				2
2024.12.26	05:20:18.909	1.25446	1.25449			6
2024.12.26	05:20:19.818	1.25445	1.25448			6
2024.12.26	05:20:29.605	1.25446	1.25449			6
2024.12.26	05:20:30.221	1.25445	1.25448			6
2024.12.26	05:20:40.915	1.25446	1.25449			6
2024.12.26	05:20:44.895	1.25443	1.25446			6
2024.12.26	05:20:45.203	1.25442	1.25447			6
2024.12.26	05:20:48.271	1.25441				2
2024.12.26	05:20:48.577	1.25442	1.25448			6
2024.12.26	05:20:49.806		1.25447			4
2024.12.26	05:20:53.183		1.25446			4
2024.12.26	05:20:56.253	1.25441				2
2024.12.26	05:20:57.480	1.25442				2
2024.12.26	05:20:57.784		1.25447			4
2024.12.26	05:21:00.249	1.25442				2
2024.12.26	05:21:01.169		1.25446			4
2024.12.26	05:21:02.389	1.25441	1.25445			6
2024.12.26	05:21:02.705	1.25447	1.25450			6
2024.12.26	05:21:03.319	1.25448	1.25452			6
2024.12.26	05:21:07.937	1.25443	1.25447			6
2024.12.26	05:21:08.242	1.25441				2
2024.12.26	05:21:11.630	1.25445	1.25448			6
2024.12.26	05:21:11.936		1.25450			4
2024.12.26	05:21:21.766		1.25449			4
2024.12.26	05:21:22.992	1.25444	1.25448			6
2024.12.26	05:21:35.002	1.25446	1.25450			6
2024.12.26	05:21:37.161	1.25447	1.25451			6
2024.12.26	05:21:40.227	1.25448				2
2024.12.26	05:21:44.221	1.25447	1.25450			6
2024.12.26	05:21:48.501		1.25451			4
2024.12.26	05:21:50.646	1.25448	1.25452			6
2024.12.26	05:21:50.950	1.25452	1.25457			6
2024.12.26	05:21:51.877		1.25458			4
2024.12.26	05:21:55.246	1.25451	1.25455			6
2024.12.26	05:22:00.155	1.25451				2
2024.12.26	05:22:12.446	1.25454	1.25457			6
2024.12.26	05:22:13.978		1.25458			4
2024.12.26	05:22:14.287	1.25455				2
2024.12.26	05:22:15.820	1.25454				2
2024.12.26	05:22:16.431		1.25457			4
2024.12.26	05:22:17.661		1.25458			4
2024.12.26	05:22:21.028	1.25455				2
2024.12.26	05:22:21.631	1.25454	1.25457			6
2024.12.26	05:22:28.965	1.25452	1.25456			6
2024.12.26	05:22:31.714	1.25454	1.25460			6
2024.12.26	05:22:33.854		1.25459			4
2024.12.26	05:22:34.160		1.25460			4
2024.12.26	05:22:34.464		1.25459			4
2024.12.26	05:22:34.774	1.25452	1.25455			6
2024.12.26	05:22:37.831		1.25456			4
2024.12.26	05:22:47.017		1.25458			4
2024.12.26	05:22:50.085	1.25455				2
2024.12.26	05:22:56.231	1.25458	1.25461			6
2024.12.26	05:22:56.539	1.25461	1.25464			6
2024.12.26	05:22:56.844	1.25457	1.25463			6
2024.12.26	05:22:58.377	1.25459	1.25464			6
2024.12.26	05:22:58.681	1.25461				2
2024.12.26	05:23:00.212	1.25461	1.25463			6
2024.12.26	05:23:01.748	1.25459	1.25464			6
2024.12.26	05:23:13.412	1.25458				2
2024.12.26	05:23:16.491	1.25459				2
2024.12.26	05:23:16.797	1.25458				2
2024.12.26	05:23:21.409	1.25462	1.25467			6
2024.12.26	05:23:21.719		1.25465			4
2024.12.26	05:23:22.639	1.25461				2
2024.12.26	05:23:24.473	1.25462				2
2024.12.26	05:23:45.867		1.25464			4
2024.12.26	05:23:56.588		1.25465			4
2024.12.26	05:24:00.275	1.25462				2
2024.12.26	05:24:03.622	1.25461	1.25464			6
2024.12.26	05:24:03.930	1.25462				2
2024.12.26	05:24:04.232	1.25461				2
2024.12.26	05:24:04.538	1.25462				2
2024.12.26	05:24:06.365	1.25461				2
2024.12.26	05:24:06.671	1.25462				2
2024.12.26	05:24:19.501	1.25461	1.25463			6
2024.12.26	05:24:20.718		1.25464			4
2024.12.26	05:24:21.027		1.25463			4
2024.12.26	05:24:21.637		1.25464			4
2024.12.26	05:24:21.943		1.25463			4
2024.12.26	05:24:24.078		1.25464			4
2024.12.26	05:24:25.615		1.25463			4
2024.12.26	05:24:28.066		1.25464			4
2024.12.26	05:24:37.552		1.25463			4
2024.12.26	05:24:40.906		1.25464			4
2024.12.26	05:24:47.030		1.25463			4
2024.12.26	05:24:52.206		1.25464			4
2024.12.26	05:24:54.955		1.25463			4
2024.12.26	05:24:55.871		1.25464			4
2024.12.26	05:24:56.477		1.25463			4
2024.12.26	05:24:56.786		1.25464			4
2024.12.26	05:24:57.095		1.25463			4
2024.12.26	05:24:59.538		1.25464			4
2024.12.26	05:25:00.149	1.25461				2
2024.12.26	05:25:01.989		1.25463			4
2024.12.26	05:25:02.296	1.25463	1.25464			6
2024.12.26	05:25:04.425		1.25465			4
2024.12.26	05:25:12.381	1.25464				2
2024.12.26	05:25:12.685	1.25466	1.25467			6
2024.12.26	05:25:25.181	1.25465	1.25468			6
2024.12.26	05:25:25.486	1.25466	1.25469			6
2024.12.26	05:25:27.921	1.25468				2
2024.12.26	05:25:34.637	1.25467	1.25468			6
2024.12.26	05:25:35.548	1.25472	1.25475			6
2024.12.26	05:25:35.853	1.25471	1.25474			6
2024.12.26	05:25:37.998	1.25472	1.25475			6
2024.12.26	05:25:40.131	1.25471	1.25474			6
2024.12.26	05:25:56.060	1.25470	1.25473			6
2024.12.26	05:26:00.038	1.25470				2
2024.12.26	05:26:01.571	1.25471	1.25474			6
2024.12.26	05:26:02.186	1.25470	1.25473			6
2024.12.26	05:26:04.954	1.25471	1.25474			6
2024.12.26	05:26:19.059	1.25469	1.25471			6
2024.12.26	05:26:20.287	1.25468				2
2024.12.26	05:26:23.955		1.25470			4
2024.12.26	05:26:37.121		1.25469			4
2024.12.26	05:26:37.424	1.25467	1.25468			6
2024.12.26	05:26:44.160		1.25469			4
2024.12.26	05:26:44.463		1.25468			4
2024.12.26	05:26:45.385	1.25468	1.25469			6
2024.12.26	05:26:46.913		1.25470			4
2024.12.26	05:26:49.980		1.25469			4
2024.12.26	05:26:50.287	1.25467				2
2024.12.26	05:26:50.598	1.25468				2
2024.12.26	05:26:51.818	1.25467				2
2024.12.26	05:26:54.276		1.25468			4
2024.12.26	05:26:57.347	1.25466				2
2024.12.26	05:26:57.650	1.25467				2
2024.12.26	05:27:00.108	1.25467				2
2024.12.26	05:27:01.334	1.25466				2
2024.12.26	05:27:02.257		1.25467			4
2024.12.26	05:27:03.806	1.25465				2
2024.12.26	05:27:04.111	1.25466				2
2024.12.26	05:27:06.272	1.25467	1.25468			6
2024.12.26	05:27:07.804	1.25466				2
2024.12.26	05:27:13.925	1.25469	1.25470			6
2024.12.26	05:27:14.230		1.25471			4
2024.12.26	05:27:14.848	1.25470	1.25472			6
2024.12.26	05:27:15.150		1.25471			4
2024.12.26	05:27:15.454	1.25469	1.25472			6
2024.12.26	05:27:15.764		1.25471			4
2024.12.26	05:27:16.072		1.25472			4
2024.12.26	05:27:16.383	1.25470	1.25473			6
2024.12.26	05:27:16.692	1.25469	1.25472			6
2024.12.26	05:27:17.617	1.25470	1.25473			6
2024.12.26	05:27:18.228		1.25471			4
2024.12.26	05:27:18.534	1.25469				2
2024.12.26	05:27:19.154	1.25471	1.25473			6
2024.12.26	05:27:20.689	1.25469	1.25472			6
2024.12.26	05:27:20.998	1.25470	1.25473			6
2024.12.26	05:27:21.309	1.25471				2
2024.12.26	05:27:22.231	1.25470				2
2024.12.26	05:27:22.851	1.25469	1.25472			6
2024.12.26	05:27:23.462	1.25470	1.25473			6
2024.12.26	05:27:23.768	1.25473	1.25476			6
2024.12.26	05:27:24.079	1.25475	1.25478			6
2024.12.26	05:27:24.384	1.25474	1.25477			6
2024.12.26	05:27:25.315	1.25472	1.25478			6
2024.12.26	05:27:30.233		1.25476			4
2024.12.26	05:27:33.920	1.25471	1.25474			6
2024.12.26	05:27:34.537		1.25475			4
2024.12.26	05:27:39.147	1.25472	1.25477			6
2024.12.26	05:27:40.384	1.25471	1.25475			6
2024.12.26	05:27:43.154	1.25472	1.25477			6
2024.12.26	05:27:44.993		1.25478			4
2024.12.26	05:27:49.299	1.25473				2
2024.12.26	05:27:53.300	1.25474	1.25480			6
2024.12.26	05:27:53.604	1.25475	1.25479			6
2024.12.26	05:27:54.532	1.25474				2
2024.12.26	05:28:00.034	1.25474				2
2024.12.26	05:28:01.565	1.25476				2
2024.12.26	05:28:01.873	1.25475	1.25478			6
2024.12.26	05:28:03.402		1.25477			4
2024.12.26	05:28:04.323		1.25478			4
2024.12.26	05:28:04.937		1.25477			4
2024.12.26	05:28:06.475	1.25476	1.25479			6
2024.12.26	05:28:12.941	1.25475	1.25478			6
2024.12.26	05:28:14.782	1.25474	1.25477			6
2024.12.26	05:28:15.084	1.25475				2
2024.12.26	05:28:15.385	1.25474				2
2024.12.26	05:28:18.161	1.25475				2
2024.12.26	05:28:35.376	1.25476	1.25479			6
2024.12.26	05:28:36.907	1.25475	1.25478			6
2024.12.26	05:28:37.217	1.25476				2
2024.12.26	05:28:37.533	1.25475				2
2024.12.26	05:28:40.289	1.25474	1.25477			6
2024.12.26	05:28:40.593	1.25471	1.25476			6
2024.12.26	05:28:48.880		1.25475			4
2024.12.26	05:28:50.108	1.25468	1.25472			6
2024.12.26	05:28:55.327		1.25475			4
2024.12.26	05:28:59.009	1.25467	1.25473			6
2024.12.26	05:29:00.241	1.25467				2
2024.12.26	05:29:00.852	1.25466	1.25471			6
2024.12.26	05:29:08.841	1.25467				2
2024.12.26	05:29:14.351	1.25465	1.25469			6
2024.12.26	05:29:17.403	1.25466				2
2024.12.26	05:29:18.619	1.25465	1.25468			6
2024.12.26	05:29:22.001	1.25466				2
2024.12.26	05:29:32.749	1.25465				2
2024.12.26	05:29:44.392	1.25458	1.25462			6
2024.12.26	05:29:44.701	1.25459	1.25463			6
2024.12.26	05:29:45.007	1.25463	1.25466			6
2024.12.26	05:29:45.315	1.25466	1.25470			6
2024.12.26	05:29:45.624		1.25469			4
2024.12.26	05:29:45.935		1.25468			4
2024.12.26	05:29:46.240	1.25465				2
2024.12.26	05:29:49.310	1.25463	1.25467			6
2024.12.26	05:29:50.234	1.25464	1.25468			6
2024.12.26	05:29:51.463	1.25463	1.25467			6
2024.12.26	05:29:51.770	1.25462	1.25466			6
2024.12.26	05:29:56.404	1.25464	1.25468			6
2024.12.26	05:29:56.712	1.25465				2
2024.12.26	05:30:00.095	1.25464	1.25467			6
2024.12.26	05:30:00.407		1.25468			4
2024.12.26	05:30:05.023	1.25462	1.25466			6
2024.12.26	05:30:09.015	1.25463	1.25467			6
2024.12.26	05:30:11.158	1.25461	1.25465			6
2024.12.26	05:30:16.070	1.25459	1.25463			6
2024.12.26	05:30:21.300	1.25458	1.25462			6
2024.12.26	05:30:50.419	1.25459	1.25463			6
2024.12.26	05:31:00.222	1.25459				2
2024.12.26	05:31:01.449	1.25462	1.25464			6
2024.12.26	05:31:01.752	1.25461				2
2024.12.26	05:31:04.501	1.25460				2
2024.12.26	05:31:06.956	1.25461				2
2024.12.26	05:31:07.265	1.25460				2
2024.12.26	05:31:09.114	1.25459	1.25463			6
2024.12.26	05:31:17.632	1.25461				2
2024.12.26	05:31:17.936	1.25462	1.25465			6
2024.12.26	05:31:18.247	1.25461				2
2024.12.26	05:31:19.472	1.25463	1.25467			6
2024.12.26	05:31:19.783		1.25466			4
2024.12.26	05:31:26.254		1.25467			4
2024.12.26	05:31:37.328		1.25466			4
2024.12.26	05:31:41.001	1.25462	1.25465			6
2024.12.26	05:32:00.250	1.25462				2
2024.12.26	05:32:06.969		1.25463			4
2024.12.26	05:32:07.276	1.25460				2
2024.12.26	05:32:13.539	1.25464	1.25467			6
2024.12.26	05:32:14.154	1.25462	1.25468			6
2024.12.26	05:32:17.246	1.25463				2
2024.12.26	05:32:17.857	1.25464				2
2024.12.26	05:32:22.118		1.25467			4
2024.12.26	05:32:23.644	1.25465	1.25468			6
2024.12.26	05:32:27.936	1.25464	1.25467			6
2024.12.26	05:32:58.188	1.25465				2
2024.12.26	05:32:58.489	1.25467	1.25470			6
2024.12.26	05:32:58.793	1.25466	1.25469			6
2024.12.26	05:32:59.094	1.25467	1.25470			6
2024.12.26	05:32:59.705	1.25466	1.25469			6
2024.12.26	05:33:00.006	1.25466				2
2024.12.26	05:33:00.318	1.25468	1.25470			6
2024.12.26	05:33:00.620	1.25467				2
2024.12.26	05:33:00.927	1.25468				2
2024.12.26	05:33:01.540	1.25467				2
2024.12.26	05:33:01.848	1.25468				2
2024.12.26	05:33:02.157	1.25467				2
2024.12.26	05:33:02.460	1.25466	1.25468			6
2024.12.26	05:33:02.771	1.25465				2
2024.12.26	05:33:03.376	1.25464	1.25467			6
2024.12.26	05:33:04.298		1.25468			4
2024.12.26	05:33:06.148		1.25467			4
2024.12.26	05:33:09.837	1.25465				2
2024.12.26	05:33:10.139		1.25468			4
2024.12.26	05:33:13.511		1.25467			4
2024.12.26	05:33:13.819	1.25464				2
2024.12.26	05:33:14.740	1.25465				2
2024.12.26	05:33:25.427	1.25464				2
2024.12.26	05:33:31.851	1.25465				2
2024.12.26	05:33:32.464	1.25467	1.25469			6
2024.12.26	05:33:32.769		1.25468			4
2024.12.26	05:33:36.416		1.25470			4
2024.12.26	05:33:36.717	1.25468	1.25471			6
2024.12.26	05:34:00.277	1.25468				2
2024.12.26	05:34:03.039	1.25473	1.25475			6
2024.12.26	05:34:03.649		1.25476			4
2024.12.26	05:34:03.954	1.25474	1.25477			6
2024.12.26	05:34:04.258		1.25478			4
2024.12.26	05:34:05.176	1.25472	1.25477			6
2024.12.26	05:34:23.541	1.25473				2
2024.12.26	05:34:23.845	1.25474	1.25478			6
2024.12.26	05:34:25.378		1.25479			4
2024.12.26	05:34:26.297		1.25478			4
2024.12.26	05:34:32.128		1.25477			4
2024.12.26	05:34:34.574	1.25475	1.25478			6
2024.12.26	05:34:50.431	1.25472	1.25475			6
2024.12.26	05:34:52.272	1.25471	1.25476			6
2024.12.26	05:34:54.125	1.25472				2
2024.12.26	05:34:54.430		1.25477			4
2024.12.26	05:34:56.263		1.25476			4
2024.12.26	05:34:58.099	1.25474	1.25477			6
2024.12.26	05:34:58.408	1.25475				2
2024.12.26	05:34:59.326	1.25473	1.25478			6
2024.12.26	05:34:59.632	1.25474	1.25479			6
2024.12.26	05:35:00.251	1.25474				2
2024.12.26	05:35:06.381	1.25472	1.25476			6
2024.12.26	05:35:07.306		1.25477			4
2024.12.26	05:35:09.151		1.25478			4
2024.12.26	05:35:16.225	1.25473				2
2024.12.26	05:35:18.073	1.25472	1.25477			6
2024.12.26	05:35:18.384	1.25473				2
2024.12.26	05:35:21.780	1.25474	1.25478			6
2024.12.26	05:35:22.391	1.25475				2
2024.12.26	05:35:23.312		1.25479			4
2024.12.26	05:35:25.161		1.25478			4
2024.12.26	05:35:52.654	1.25473	1.25475			6
2024.12.26	05:35:52.960		1.25476			4
2024.12.26	05:35:55.713	1.25475	1.25478			6
2024.12.26	05:36:00.007	1.25475				2
2024.12.26	05:36:01.543	1.25473				2
2024.12.26	05:36:02.465		1.25477			4
2024.12.26	05:36:06.148	1.25472				2
2024.12.26	05:36:06.465		1.25478			4
2024.12.26	05:36:07.998	1.25474	1.25479			6
2024.12.26	05:36:09.540	1.25472	1.25478			6
2024.12.26	05:36:10.153		1.25479			4
2024.12.26	05:36:11.683		1.25477			4
2024.12.26	05:36:17.513	1.25471	1.25476			6
2024.12.26	05:36:17.819	1.25472				2
2024.12.26	05:36:18.125		1.25477			4
2024.12.26	05:36:18.437	1.25473	1.25478			6
2024.12.26	05:36:18.740		1.25477			4
2024.12.26	05:36:19.050	1.25472				2
2024.12.26	05:36:21.201	1.25473				2
2024.12.26	05:36:22.125	1.25472	1.25476			6
2024.12.26	05:36:23.045	1.25473	1.25477			6
2024.12.26	05:36:23.960	1.25472	1.25476			6
2024.12.26	05:36:24.573	1.25473	1.25477			6
2024.12.26	05:36:24.876	1.25472	1.25476			6
2024.12.26	05:36:30.096	1.25473				2
2024.12.26	05:36:31.629	1.25472	1.25475			6
2024.12.26	05:36:33.163	1.25471				2
2024.12.26	05:36:33.781	1.25473	1.25477			6
2024.12.26	05:36:34.086	1.25472	1.25475			6
2024.12.26	05:36:46.617	1.25473	1.25476			6
2024.12.26	05:36:46.919	1.25472	1.25475			6
2024.12.26	05:36:53.332	1.25473	1.25476			6
2024.12.26	05:36:55.463	1.25472	1.25475			6
2024.12.26	05:36:56.080	1.25471	1.25474			6
2024.12.26	05:36:57.291		1.25473			4
2024.12.26	05:36:57.595	1.25472	1.25475			6
2024.12.26	05:36:58.810	1.25471	1.25474			6
2024.12.26	05:37:00.038	1.25471				2
2024.12.26	05:37:00.343	1.25472	1.25475			6
2024.12.26	05:37:00.948	1.25473				2
2024.12.26	05:37:01.860	1.25472				2
2024.12.26	05:37:13.774	1.25473	1.25476			6
2024.12.26	05:37:20.796	1.25476	1.25477			6
2024.12.26	05:37:28.444		1.25478			4
2024.12.26	05:37:45.926		1.25477			4
2024.12.26	05:37:49.602		1.25478			4
2024.12.26	05:37:54.816	1.25474	1.25476			6
2024.12.26	05:37:59.723	1.25476	1.25477			6
2024.12.26	05:38:00.024	1.25476				2
2024.12.26	05:38:20.242	1.25477	1.25478			6
2024.12.26	05:38:20.552	1.25476	1.25477			6
2024.12.26	05:38:28.240		1.25478			4
2024.12.26	05:38:32.550		1.25479			4
2024.12.26	05:38:33.478		1.25478			4
2024.12.26	05:38:34.705	1.25477				2
2024.12.26	05:38:49.485		1.25479			4
2024.12.26	05:38:49.796		1.25478			4
2024.12.26	05:38:50.720		1.25479			4
2024.12.26	05:38:51.026		1.25478			4
2024.12.26	05:39:00.269	1.25477				2
2024.12.26	05:39:00.574		1.25479			4
2024.12.26	05:39:05.500		1.25478			4
2024.12.26	05:39:05.808		1.25479			4
2024.12.26	05:39:11.345	1.25478	1.25480			6
2024.12.26	05:39:15.963		1.25479			4
2024.12.26	05:39:27.611	1.25477	1.25478			6
2024.12.26	05:39:27.927	1.25479	1.25481			6
2024.12.26	05:39:28.242		1.25482			4
2024.12.26	05:39:36.234		1.25481			4
2024.12.26	05:39:40.241	1.25477	1.25479			6
2024.12.26	05:40:00.242	1.25477				2
2024.12.26	05:40:22.319		1.25478			4
2024.12.26	05:40:22.926	1.25474	1.25476			6
2024.12.26	05:40:33.992		1.25475			4
2024.12.26	05:40:51.737	1.25472	1.25474			6
2024.12.26	05:40:52.042	1.25474	1.25475			6
2024.12.26	05:41:00.303	1.25474				2
2024.12.26	05:41:30.022	1.25467	1.25470			6
2024.12.26	05:41:30.330	1.25468				2
2024.12.26	05:41:30.634	1.25471	1.25473			6
2024.12.26	05:41:37.684	1.25474	1.25477			6
2024.12.26	05:41:42.277		1.25478			4
2024.12.26	05:41:50.234		1.25476			4
2024.12.26	05:42:00.014	1.25474				2
2024.12.26	05:42:05.203		1.25477			4
2024.12.26	05:42:06.425		1.25476			4
2024.12.26	05:42:10.079		1.25477			4
2024.12.26	05:42:10.690		1.25476			4
2024.12.26	05:42:14.397	1.25470				2
2024.12.26	05:42:15.621		1.25474			4
2024.12.26	05:42:20.516		1.25476			4
2024.12.26	05:42:20.822	1.25474				2
2024.12.26	05:42:21.127	1.25472				2
2024.12.26	05:42:21.434		1.25475			4
2024.12.26	05:42:21.741	1.25474				2
2024.12.26	05:42:25.706	1.25472				2
2024.12.26	05:42:27.234	1.25471	1.25474			6
2024.12.26	05:42:48.946	1.25470				2
2024.12.26	05:43:00.001	1.25470				2
2024.12.26	05:43:00.921		1.25473			4
2024.12.26	05:43:05.824	1.25468	1.25469			6
2024.12.26	05:43:06.130		1.25471			4
2024.12.26	05:43:11.503	1.25469				2
2024.12.26	05:43:14.567	1.25471	1.25474			6
2024.12.26	05:43:15.179	1.25469				2
2024.12.26	05:43:15.793		1.25473			4
2024.12.26	05:43:26.482		1.25472			4
2024.12.26	05:43:32.286		1.25470			4
2024.12.26	05:43:32.601	1.25467	1.25472			6
2024.12.26	05:43:32.905	1.25468	1.25473			6
2024.12.26	05:43:37.175	1.25469				2
2024.12.26	05:43:41.756	1.25467	1.25469			6
2024.12.26	05:43:42.059	1.25468	1.25471			6
2024.12.26	05:43:42.675	1.25467	1.25470			6
2024.12.26	05:44:00.096	1.25468	1.25472			6
2024.12.26	05:44:11.158	1.25469				2
2024.12.26	05:44:38.984	1.25468	1.25471			6
2024.12.26	05:44:40.822	1.25469	1.25472			6
2024.12.26	05:44:42.657		1.25471			4
2024.12.26	05:44:43.271	1.25468				2
2024.12.26	05:44:43.576	1.25469	1.25472			6
2024.12.26	05:44:48.465	1.25468	1.25471			6
2024.12.26	05:44:55.224	1.25467	1.25470			6
2024.12.26	05:44:55.529	1.25468	1.25471			6
2024.12.26	05:44:56.449		1.25472			4
2024.12.26	05:44:57.370		1.25473			4
2024.12.26	05:45:00.144	1.25468				2
2024.12.26	05:45:01.378	1.25469				2
2024.12.26	05:45:04.145		1.25472			4
2024.12.26	05:45:22.846	1.25468	1.25469			6
2024.12.26	05:45:53.418	1.25469	1.25471			6
2024.12.26	05:46:00.157	1.25469				2
2024.12.26	05:46:04.168	1.25468				2
2024.12.26	05:46:04.480		1.25469			4
2024.12.26	05:46:18.639	1.25467				2
2024.12.26	05:46:22.662	1.25463	1.25465			6
2024.12.26	05:46:22.968		1.25466			4
2024.12.26	05:46:27.283		1.25465			4
2024.12.26	05:46:27.600		1.25466			4
2024.12.26	05:46:27.908		1.25465			4
2024.12.26	05:46:28.840		1.25466			4
2024.12.26	05:46:32.834		1.25465			4
2024.12.26	05:46:33.151		1.25466			4
2024.12.26	05:46:51.034		1.25465			4
2024.12.26	05:46:51.341		1.25466			4
2024.12.26	05:46:52.576		1.25465			4
2024.12.26	05:46:59.366	1.25462				2
2024.12.26	05:47:00.284	1.25461	1.25464			6
2024.12.26	05:47:01.521		1.25465			4
2024.12.26	05:47:07.985		1.25464			4
2024.12.26	05:47:09.834		1.25465			4
2024.12.26	05:47:13.227		1.25466			4
2024.12.26	05:47:13.536		1.25465			4
2024.12.26	05:47:13.844		1.25466			4
2024.12.26	05:47:14.149		1.25465			4
2024.12.26	05:47:14.764	1.25462	1.25466			6
2024.12.26	05:47:15.384		1.25465			4
2024.12.26	05:47:21.546		1.25464			4
2024.12.26	05:47:23.396	1.25460	1.25465			6
2024.12.26	05:47:24.629	1.25459	1.25464			6
2024.12.26	05:47:34.805	1.25460				2
2024.12.26	05:47:43.517		1.25465			4
2024.12.26	05:47:46.902		1.25464			4
2024.12.26	05:47:49.680	1.25463	1.25465			6
2024.12.26	05:47:50.589	1.25461	1.25466			6
2024.12.26	05:47:50.893		1.25464			4
2024.12.26	05:47:52.741		1.25466			4
2024.12.26	05:47:56.753		1.25465			4
2024.12.26	05:48:00.156	1.25461				2
2024.12.26	05:48:01.074	1.25462				2
2024.12.26	05:48:02.311	1.25461	1.25464			6
2024.12.26	05:48:14.599	1.25462	1.25465			6
2024.12.26	05:48:23.758	1.25463				2
2024.12.26	05:48:36.279	1.25462				2
2024.12.26	05:48:46.410	1.25463				2
2024.12.26	05:48:46.718	1.25465	1.25469			6
2024.12.26	05:49:00.216	1.25465				2
2024.12.26	05:49:10.342	1.25468	1.25472			6
2024.12.26	05:49:10.953		1.25473			4
2024.12.26	05:49:11.257	1.25470	1.25475			6
2024.12.26	05:49:11.559		1.25474			4
2024.12.26	05:49:12.182	1.25467	1.25471			6
2024.12.26	05:49:12.485		1.25470			4
2024.12.26	05:49:13.413	1.25470	1.25473			6
2024.12.26	05:49:22.656	1.25471	1.25474			6
2024.12.26	05:49:22.962		1.25473			4
2024.12.26	05:49:32.478	1.25470				2
2024.12.26	05:49:46.563	1.25471	1.25474			6
2024.12.26	05:49:51.930		1.25473			4
2024.12.26	05:49:55.909	1.25470	1.25472			6
2024.12.26	05:49:59.595		1.25473			4
2024.12.26	05:50:00.200	1.25470				2
2024.12.26	05:50:03.576	1.25471				2
2024.12.26	05:50:03.888	1.25470				2
2024.12.26	05:50:09.115	1.25475	1.25478			6
2024.12.26	05:50:09.426	1.25476	1.25479			6
2024.12.26	05:50:09.728	1.25478	1.25480			6
2024.12.26	05:50:10.037		1.25483			4
2024.12.26	05:50:10.339	1.25475	1.25479			6
2024.12.26	05:50:14.940	1.25477	1.25482			6
2024.12.26	05:50:15.244	1.25478				2
2024.12.26	05:50:18.334		1.25483			4
2024.12.26	05:51:00.086	1.25478				2
2024.12.26	05:51:04.063	1.25482	1.25487			6
2024.12.26	05:51:06.821	1.25481	1.25486			6
2024.12.26	05:51:09.576	1.25482	1.25487			6
2024.12.26	05:51:10.805	1.25481	1.25486			6
2024.12.26	05:51:11.419		1.25485			4
2024.12.26	05:51:14.182		1.25486			4
2024.12.26	05:51:16.020		1.25487			4
2024.12.26	05:51:18.170	1.25480	1.25486			6
2024.12.26	05:51:18.480		1.25485			4
2024.12.26	05:51:20.017	1.25481	1.25487			6
2024.12.26	05:51:20.325	1.25482				2
2024.12.26	05:51:32.025		1.25486			4
2024.12.26	05:51:34.797		1.25487			4
2024.12.26	05:51:38.832	1.25480	1.25486			6
2024.12.26	05:51:39.451	1.25481				2
2024.12.26	05:51:39.755		1.25487			4
2024.12.26	05:51:43.445	1.25482				2
2024.12.26	05:51:46.509	1.25483	1.25488			6
2024.12.26	05:51:52.662	1.25482	1.25487			6
2024.12.26	05:51:52.968		1.25486			4
2024.12.26	05:51:53.889	1.25480				2
2024.12.26	05:51:57.267	1.25479	1.25485			6
2024.12.26	05:51:57.575	1.25480	1.25486			6
2024.12.26	05:52:00.044	1.25480				2
2024.12.26	05:52:00.660	1.25479				2
2024.12.26	05:52:08.311	1.25478	1.25484			6
2024.12.26	05:52:08.619	1.25477	1.25483			6
2024.12.26	05:52:08.921		1.25482			4
2024.12.26	05:52:20.539		1.25483			4
2024.12.26	05:52:30.964	1.25478				2
2024.12.26	05:52:31.578	1.25477				2
2024.12.26	05:52:41.377	1.25476				2
2024.12.26	05:52:59.120		1.25482			4
2024.12.26	05:53:00.034	1.25476				2
2024.12.26	05:53:00.339	1.25473	1.25477			6
2024.12.26	05:53:00.648	1.25472	1.25476			6
2024.12.26	05:53:01.264		1.25477			4
2024.12.26	05:53:25.574	1.25471				2
2024.12.26	05:53:29.877		1.25476			4
2024.12.26	05:53:40.356	1.25472				2
2024.12.26	05:54:00.032	1.25472				2
2024.12.26	05:54:05.266	1.25470				2
2024.12.26	05:54:07.402		1.25475			4
2024.12.26	05:54:08.939	1.25464	1.25469			6
2024.12.26	05:54:09.246		1.25470			4
2024.12.26	05:54:09.861	1.25466	1.25471			6
2024.12.26	05:54:15.706	1.25464	1.25469			6
2024.12.26	05:54:16.324	1.25461	1.25467			6
2024.12.26	05:54:17.251	1.25464	1.25469			6
2024.12.26	05:54:19.095	1.25462	1.25468			6
2024.12.26	05:54:19.410	1.25461	1.25467			6
2024.12.26	05:54:28.960	1.25460	1.25465			6
2024.12.26	05:54:30.187	1.25461	1.25466			6
2024.12.26	05:54:32.645		1.25467			4
2024.12.26	05:54:35.426		1.25468			4
2024.12.26	05:54:36.038	1.25463				2
2024.12.26	05:54:38.497	1.25462				2
2024.12.26	05:54:40.953		1.25467			4
2024.12.26	05:54:42.801		1.25468			4
2024.12.26	05:54:44.034		1.25466			4
2024.12.26	05:54:45.269		1.25467			4
2024.12.26	05:55:00.025	1.25462				2
2024.12.26	05:55:03.094		1.25468			4
2024.12.26	05:55:05.235		1.25467			4
2024.12.26	05:55:09.215	1.25461				2
2024.12.26	05:55:09.523		1.25466			4
2024.12.26	05:55:09.835	1.25460				2
2024.12.26	05:55:14.748	1.25461	1.25467			6
2024.12.26	05:55:15.058	1.25465	1.25470			6
2024.12.26	05:55:15.982		1.25469			4
2024.12.26	05:55:17.214	1.25466	1.25470			6
2024.12.26	05:55:17.522	1.25467				2
2024.12.26	05:55:18.751	1.25466				2
2024.12.26	05:55:19.063	1.25467				2
2024.12.26	05:55:21.213	1.25466				2
2024.12.26	05:55:21.515	1.25467				2
2024.12.26	05:55:22.133	1.25466				2
2024.12.26	05:55:22.447	1.25467				2
2024.12.26	05:55:23.057	1.25464	1.25468			6
2024.12.26	05:55:24.291	1.25465				2
2024.12.26	05:55:30.753	1.25464				2
2024.12.26	05:55:32.287	1.25462	1.25464			6
2024.12.26	05:55:32.590	1.25461	1.25465			6
2024.12.26	05:55:34.439		1.25467			4
2024.12.26	05:55:35.366		1.25465			4
2024.12.26	05:55:37.211		1.25467			4
2024.12.26	05:55:38.124	1.25464				2
2024.12.26	05:55:39.353	1.25462	1.25468			6
2024.12.26	05:55:41.193	1.25461	1.25467			6
2024.12.26	05:55:41.495	1.25462	1.25468			6
2024.12.26	05:55:41.801	1.25464				2
2024.12.26	05:55:42.726	1.25462				2
2024.12.26	05:55:45.496	1.25461	1.25467			6
2024.12.26	05:55:57.431	1.25464	1.25468			6
2024.12.26	05:56:00.180	1.25464				2
2024.12.26	05:56:07.228	1.25465				2
2024.12.26	05:56:07.843	1.25467	1.25470			6
2024.12.26	05:56:08.148	1.25468				2
2024.12.26	05:56:10.307		1.25472			4
2024.12.26	05:56:12.462	1.25467	1.25473			6
2024.12.26	05:56:33.627	1.25464	1.25469			6
2024.12.26	05:56:33.934	1.25463				2
2024.12.26	05:56:34.553	1.25464				2
2024.12.26	05:56:34.862	1.25465				2
2024.12.26	05:56:35.793	1.25464				2
2024.12.26	05:56:37.024	1.25465	1.25468			6
2024.12.26	05:56:37.641		1.25469			4
2024.12.26	05:56:38.563		1.25468			4
2024.12.26	05:56:39.786	1.25466	1.25469			6
2024.12.26	05:56:41.321	1.25465	1.25468			6
2024.12.26	05:56:55.453	1.25466	1.25469			6
2024.12.26	05:56:55.756	1.25465	1.25468			6
2024.12.26	05:56:56.365	1.25467	1.25470			6
2024.12.26	05:56:56.982	1.25466	1.25469			6
2024.12.26	05:57:00.033	1.25466				2
2024.12.26	05:57:03.714	1.25465	1.25468			6
2024.12.26	05:57:09.506	1.25461	1.25467			6
2024.12.26	05:57:14.731	1.25463	1.25469			6
2024.12.26	05:57:15.345	1.25464				2
2024.12.26	05:57:19.953		1.25468			4
2024.12.26	05:57:20.259	1.25465				2
2024.12.26	05:57:45.474	1.25464	1.25467			6
2024.12.26	05:57:48.521	1.25465	1.25468			6
2024.12.26	05:57:49.435	1.25464	1.25467			6
2024.12.26	05:57:51.896	1.25465	1.25468			6
2024.12.26	05:58:00.194	1.25465				2
2024.12.26	05:58:07.911		1.25469			4
2024.12.26	05:58:08.223		1.25468			4
2024.12.26	05:58:15.294	1.25464	1.25467			6
2024.12.26	05:58:15.606	1.25465	1.25468			6
2024.12.26	05:58:15.916	1.25464	1.25467			6
2024.12.26	05:58:18.683	1.25465	1.25468			6
2024.12.26	05:58:18.986	1.25464				2
2024.12.26	05:58:19.915	1.25465				2
2024.12.26	05:58:30.972	1.25462				2
2024.12.26	05:58:37.409	1.25460	1.25464			6
2024.12.26	05:58:37.713	1.25461	1.25467			6
2024.12.26	05:58:40.465		1.25465			4
2024.12.26	05:58:40.769	1.25462	1.25468			6
2024.12.26	05:58:45.357	1.25461	1.25465			6
2024.12.26	05:58:46.575	1.25462	1.25467			6
2024.12.26	05:58:47.501		1.25468			4
2024.12.26	05:58:47.807		1.25467			4
2024.12.26	05:58:53.938		1.25466			4
2024.12.26	05:58:54.244		1.25467			4
2024.12.26	05:58:54.552		1.25468			4
2024.12.26	05:59:00.071	1.25462				2
2024.12.26	05:59:01.611		1.25466			4
2024.12.26	05:59:01.917		1.25468			4
2024.12.26	05:59:02.227		1.25467			4
2024.12.26	05:59:02.529		1.25468			4
2024.12.26	05:59:03.139		1.25467			4
2024.12.26	05:59:03.450		1.25468			4
2024.12.26	05:59:09.271		1.25465			4
2024.12.26	05:59:09.576		1.25468			4
2024.12.26	05:59:10.499	1.25461	1.25467			6
2024.12.26	05:59:10.805	1.25462				2
2024.12.26	05:59:11.725		1.25466			4
2024.12.26	05:59:12.033	1.25461				2
2024.12.26	05:59:13.867	1.25462				2
2024.12.26	05:59:14.177		1.25467			4
2024.12.26	05:59:19.386		1.25468			4
2024.12.26	05:59:19.694	1.25461	1.25467			6
2024.12.26	05:59:20.914	1.25462	1.25468			6
2024.12.26	05:59:21.223	1.25467	1.25470			6
2024.12.26	05:59:21.529	1.25461	1.25468			6
2024.12.26	05:59:23.369		1.25467			4
2024.12.26	05:59:35.972	1.25462	1.25466			6
2024.12.26	05:59:36.276		1.25465			4
2024.12.26	05:59:36.579		1.25467			4
2024.12.26	05:59:40.883	1.25461	1.25466			6
2024.12.26	05:59:41.185		1.25465			4
2024.12.26	05:59:41.805	1.25462	1.25467			6
2024.12.26	05:59:44.253		1.25466			4
2024.12.26	05:59:45.470	1.25461	1.25465			6
2024.12.26	05:59:51.299		1.25464			4
2024.12.26	05:59:52.828		1.25465			4
2024.12.26	05:59:55.287	1.25462				2
2024.12.26	05:59:55.894	1.25461				2
2024.12.26	05:59:58.356	1.25462				2
2024.12.26	05:59:58.660	1.25461				2
2024.12.26	05:59:58.964	1.25462				2
2024.12.26	05:59:59.267	1.25461				2
2024.12.26	06:00:00.181	1.25461				2
2024.12.26	06:00:02.924	1.25455	1.25460			6
2024.12.26	06:00:03.229		1.25459			4
2024.12.26	06:00:03.850	1.25456				2
2024.12.26	06:00:04.158	1.25454	1.25457			6
2024.12.26	06:00:04.463	1.25455	1.25458			6
2024.12.26	06:00:05.074	1.25453				2
2024.12.26	06:00:05.377	1.25452	1.25457			6
2024.12.26	06:00:08.430	1.25454	1.25458			6
2024.12.26	06:00:10.265	1.25456				2
2024.12.26	06:00:10.574		1.25459			4
2024.12.26	06:00:11.486	1.25455	1.25458			6
2024.12.26	06:00:13.008	1.25457				2
2024.12.26	06:00:21.264	1.25456				2
2024.12.26	06:00:21.879	1.25455				2
2024.12.26	06:00:23.101	1.25456	1.25459			6
2024.12.26	06:00:24.020		1.25458			4
2024.12.26	06:00:26.158	1.25455				2
2024.12.26	06:00:56.502	1.25452	1.25456			6
2024.12.26	06:00:56.812	1.25447	1.25451			6
2024.12.26	06:00:59.260	1.25449	1.25453			6
2024.12.26	06:01:00.178	1.25449				2
2024.12.26	06:01:15.201		1.25452			4
2024.12.26	06:01:27.806	1.25446	1.25450			6
2024.12.26	06:01:30.268		1.25449			4
2024.12.26	06:01:31.809	1.25447				2
2024.12.26	06:01:35.513	1.25446				2
2024.12.26	06:01:37.052	1.25444	1.25447			6
2024.12.26	06:01:37.976	1.25445				2
2024.12.26	06:01:39.204		1.25448			4
2024.12.26	06:01:55.174		1.25447			4
2024.12.26	06:01:55.481		1.25448			4
2024.12.26	06:02:00.096	1.25445				2
2024.12.26	06:02:01.326		1.25447			4
2024.12.26	06:02:01.936		1.25448			4
2024.12.26	06:02:20.673		1.25447			4
2024.12.26	06:02:20.976		1.25448			4
2024.12.26	06:02:28.009	1.25446	1.25449			6
2024.12.26	06:02:28.316		1.25448			4
2024.12.26	06:02:49.990	1.25447	1.25449			6
2024.12.26	06:02:50.297	1.25446				2
2024.12.26	06:02:56.084	1.25448	1.25451			6
2024.12.26	06:02:58.236	1.25446	1.25448			6
2024.12.26	06:03:00.076	1.25444	1.25447			6
2024.12.26	06:03:00.378	1.25445				2
2024.12.26	06:03:01.588	1.25442	1.25446			6
2024.12.26	06:03:03.737	1.25441	1.25445			6
2024.12.26	06:03:10.482	1.25437	1.25441			6
2024.12.26	06:03:10.790	1.25438				2
2024.12.26	06:03:30.779	1.25440	1.25443			6
2024.12.26	06:03:31.083	1.25439				2
2024.12.26	06:03:40.630		1.25442			4
2024.12.26	06:03:45.834	1.25438				2
2024.12.26	06:04:00.224	1.25438				2
2024.12.26	06:04:15.207	1.25439				2
2024.12.26	06:04:30.486	1.25438	1.25441			6
2024.12.26	06:04:34.464	1.25435	1.25437			6
2024.12.26	06:04:34.771	1.25438	1.25440			6
2024.12.26	06:05:00.179	1.25438				2
2024.12.26	06:05:01.095	1.25437				2
2024.12.26	06:05:01.401	1.25438				2
2024.12.26	06:05:04.464		1.25441			4
2024.12.26	06:05:19.600		1.25440			4
2024.12.26	06:05:19.909	1.25437				2
2024.12.26	06:05:44.348		1.25439			4
2024.12.26	06:05:44.653		1.25440			4
2024.12.26	06:05:54.145	1.25442	1.25445			6
2024.12.26	06:05:54.448	1.25446	1.25448			6
2024.12.26	06:05:54.754	1.25447	1.25449			6
2024.12.26	06:05:55.363	1.25446				2
2024.12.26	06:05:56.297	1.25447	1.25450			6
2024.12.26	06:05:59.046	1.25446	1.25449			6
2024.12.26	06:06:00.273	1.25446				2
2024.12.26	06:06:02.418		1.25448			4
2024.12.26	06:06:05.184	1.25447				2
2024.12.26	06:06:12.225		1.25450			4
2024.12.26	06:06:21.760	1.25445	1.25447			6
2024.12.26	06:06:22.065	1.25437	1.25443			6
2024.12.26	06:06:39.319	1.25434	1.25439			6
2024.12.26	06:06:51.016	1.25437	1.25441			6
2024.12.26	06:06:57.142	1.25438				2
2024.12.26	06:06:57.445	1.25436	1.25442			6
2024.12.26	06:06:58.068	1.25437				2
2024.12.26	06:06:58.377	1.25436				2
2024.12.26	06:07:00.219	1.25436				2
2024.12.26	06:07:13.792	1.25437	1.25443			6
2024.12.26	06:07:14.099		1.25445			4
2024.12.26	06:07:17.167		1.25444			4
2024.12.26	06:07:17.473		1.25443			4
2024.12.26	06:07:20.864	1.25436				2
2024.12.26	06:07:23.633	1.25437	1.25444			6
2024.12.26	06:07:30.740	1.25436				2
2024.12.26	06:07:31.660	1.25437				2
2024.12.26	06:07:37.807		1.25443			4
2024.12.26	06:07:38.110	1.25436	1.25442			6
2024.12.26	06:07:38.416		1.25443			4
2024.12.26	06:07:40.260		1.25442			4
2024.12.26	06:07:41.186		1.25443			4
2024.12.26	06:07:41.497		1.25442			4
2024.12.26	06:07:42.725		1.25443			4
2024.12.26	06:07:43.350	1.25437	1.25444			6
2024.12.26	06:07:46.120	1.25436				2
2024.12.26	06:07:51.368		1.25443			4
2024.12.26	06:07:53.220	1.25437	1.25444			6
2024.12.26	06:07:56.929	1.25438	1.25445			6
2024.12.26	06:07:57.232	1.25437	1.25444			6
2024.12.26	06:08:00.301	1.25437	1.25443			6
2024.12.26	06:08:01.820		1.25444			4
2024.12.26	06:08:03.047		1.25443			4
2024.12.26	06:08:03.347		1.25444			4
2024.12.26	06:08:03.976		1.25443			4
2024.12.26	06:08:05.518		1.25442			4
2024.12.26	06:08:05.866		1.25443			4
2024.12.26	06:08:09.232	1.25438				2
2024.12.26	06:08:14.156		1.25442			4
2024.12.26	06:08:17.524	1.25439	1.25443			6
2024.12.26	06:08:17.828	1.25438	1.25442			6
2024.12.26	06:08:22.098	1.25439				2
2024.12.26	06:08:24.562	1.25438	1.25441			6
2024.12.26	06:08:25.475	1.25440	1.25443			6
2024.12.26	06:08:25.780	1.25439	1.25442			6
2024.12.26	06:08:27.628	1.25440	1.25443			6
2024.12.26	06:08:29.774	1.25439	1.25442			6
2024.12.26	06:08:30.078		1.25443			4
2024.12.26	06:08:31.607	1.25438	1.25442			6
2024.12.26	06:08:31.920	1.25439	1.25443			6
2024.12.26	06:08:32.530	1.25438	1.25442			6
2024.12.26	06:08:38.349	1.25439				2
2024.12.26	06:08:41.094	1.25440	1.25443			6
2024.12.26	06:08:42.636	1.25439	1.25442			6
2024.12.26	06:08:49.648	1.25440	1.25443			6
2024.12.26	06:08:49.950	1.25439	1.25442			6
2024.12.26	06:08:50.257	1.25440	1.25443			6
2024.12.26	06:09:00.040	1.25440				2
2024.12.26	06:09:04.937	1.25439	1.25442			6
2024.12.26	06:09:05.240	1.25440	1.25443			6
2024.12.26	06:09:07.993	1.25439	1.25442			6
2024.12.26	06:09:08.909	1.25440	1.25443			6
2024.12.26	06:09:14.119	1.25439	1.25442			6
2024.12.26	06:09:16.261	1.25438	1.25441			6
2024.12.26	06:09:16.567	1.25439	1.25442			6
2024.12.26	06:09:16.867	1.25438	1.25441			6
2024.12.26	06:09:17.170	1.25439	1.25442			6
2024.12.26	06:09:18.093	1.25438	1.25441			6
2024.12.26	06:09:18.707	1.25439	1.25442			6
2024.12.26	06:09:21.759	1.25438	1.25441			6
2024.12.26	06:09:22.068	1.25439	1.25442			6
2024.12.26	06:09:23.276	1.25438				2
2024.12.26	06:09:25.120	1.25439				2
2024.12.26	06:09:30.591	1.25438	1.25441			6
2024.12.26	06:09:34.237	1.25439	1.25442			6
2024.12.26	06:09:34.545	1.25438	1.25441			6
2024.12.26	06:09:37.284	1.25439	1.25442			6
2024.12.26	06:09:39.739	1.25438	1.25441			6
2024.12.26	06:09:40.045	1.25439	1.25442			6
2024.12.26	06:09:40.348	1.25438				2
2024.12.26	06:09:40.964	1.25437	1.25441			6
2024.12.26	06:09:41.269	1.25438	1.25442			6
2024.12.26	06:09:41.882	1.25437	1.25441			6
2024.12.26	06:09:42.192	1.25438	1.25442			6
2024.12.26	06:09:44.345	1.25437	1.25441			6
2024.12.26	06:09:48.335	1.25438				2
2024.12.26	06:09:51.079	1.25437	1.25440			6
2024.12.26	06:09:52.296	1.25436	1.25439			6
2024.12.26	06:09:53.217	1.25437	1.25440			6
2024.12.26	06:09:54.133	1.25436	1.25441			6
2024.12.26	06:09:55.362	1.25437				2
2024.12.26	06:10:00.261	1.25437				2
2024.12.26	06:10:01.178		1.25440			4
2024.12.26	06:10:03.621	1.25435	1.25438			6
2024.12.26	06:10:04.236	1.25434	1.25439			6
2024.12.26	06:10:04.844	1.25435				2
2024.12.26	06:10:05.761	1.25433	1.25438			6
2024.12.26	06:10:06.383	1.25434	1.25439			6
2024.12.26	06:10:10.056	1.25432	1.25437			6
2024.12.26	06:10:10.365	1.25431				2
2024.12.26	06:10:14.334	1.25432				2
2024.12.26	06:10:18.620	1.25426	1.25430			6
2024.12.26	06:10:20.149	1.25425				2
2024.12.26	06:10:31.531	1.25426				2
2024.12.26	06:10:40.401	1.25425				2
2024.12.26	06:10:42.235	1.25426				2
2024.12.26	06:10:52.990	1.25424				2
2024.12.26	06:10:53.300	1.25426	1.25429			6
2024.12.26	06:10:58.831	1.25428	1.25431			6
2024.12.26	06:11:00.060	1.25428				2
2024.12.26	06:11:10.473		1.25430			4
2024.12.26	06:11:27.298	1.25424	1.25429			6
2024.12.26	06:11:33.116	1.25425				2
2024.12.26	06:11:33.424	1.25426				2
2024.12.26	06:11:42.009	1.25424				2
2024.12.26	06:11:50.257	1.25428	1.25431			6
2024.12.26	06:11:50.565	1.25429	1.25434			6
2024.12.26	06:11:51.182	1.25428				2
2024.12.26	06:11:52.104	1.25427	1.25435			6
2024.12.26	06:11:52.405	1.25426	1.25431			6
2024.12.26	06:11:58.231	1.25425				2
2024.12.26	06:11:58.845	1.25426				2
2024.12.26	06:12:00.069	1.25426				2
2024.12.26	06:12:02.529		1.25430			4
2024.12.26	06:12:14.179		1.25431			4
2024.12.26	06:12:18.468		1.25432			4
2024.12.26	06:12:18.776	1.25428	1.25434			6
2024.12.26	06:12:19.086	1.25429				2
2024.12.26	06:12:27.960	1.25428	1.25433			6
2024.12.26	06:12:30.420	1.25427				2
2024.12.26	06:12:34.111	1.25426	1.25431			6
2024.12.26	06:12:34.419	1.25424	1.25429			6
2024.12.26	06:12:34.722	1.25423				2
2024.12.26	06:12:40.568	1.25425				2
2024.12.26	06:12:40.875	1.25423				2
2024.12.26	06:12:45.489	1.25424				2
2024.12.26	06:12:53.188	1.25422	1.25427			6
2024.12.26	06:13:00.244	1.25422				2
2024.12.26	06:13:08.217	1.25421				2
2024.12.26	06:13:09.149	1.25422				2
2024.12.26	06:13:09.454	1.25421				2
2024.12.26	06:13:20.817	1.25422				2
2024.12.26	06:13:21.428	1.25421				2
2024.12.26	06:13:27.276	1.25419				2
2024.12.26	06:13:28.810	1.25421				2
2024.12.26	06:13:42.277	1.25420	1.25424			6
2024.12.26	06:13:43.203		1.25425			4
2024.12.26	06:13:45.339	1.25421				2
2024.12.26	06:13:46.565	1.25422	1.25426			6
2024.12.26	06:13:49.329	1.25421				2
2024.12.26	06:14:00.074	1.25421				2
2024.12.26	06:14:03.748		1.25427			4
2024.12.26	06:14:04.667	1.25422				2
2024.12.26	06:14:12.000	1.25423				2
2024.12.26	06:14:15.357	1.25422	1.25426			6
2024.12.26	06:14:15.663	1.25423				2
2024.12.26	06:14:15.965	1.25424	1.25428			6
2024.12.26	06:14:17.494		1.25427			4
2024.12.26	06:14:19.016	1.25425	1.25429			6
2024.12.26	06:14:19.322	1.25424				2
2024.12.26	06:14:19.636	1.25430	1.25433			6
2024.12.26	06:14:20.250		1.25434			4
2024.12.26	06:14:20.864	1.25428	1.25433			6
2024.12.26	06:14:21.479	1.25426	1.25430			6
2024.12.26	06:14:28.852	1.25427				2
2024.12.26	06:14:29.160	1.25426	1.25429			6
2024.12.26	06:14:30.089	1.25427				2
2024.12.26	06:14:32.250	1.25428	1.25431			6
2024.12.26	06:14:38.079	1.25424	1.25428			6
2024.12.26	06:14:38.389	1.25425	1.25429			6
2024.12.26	06:14:44.855		1.25428			4
2024.12.26	06:15:00.215	1.25425				2
2024.12.26	06:15:04.508	1.25426	1.25429			6
2024.12.26	06:15:10.030	1.25427	1.25430			6
2024.12.26	06:15:11.255	1.25426				2
2024.12.26	06:15:11.565		1.25429			4
2024.12.26	06:15:13.086		1.25430			4
2024.12.26	06:15:15.243		1.25429			4
2024.12.26	06:15:22.286	1.25420	1.25424			6
2024.12.26	06:15:22.595	1.25422	1.25426			6
2024.12.26	06:15:23.210		1.25427			4
2024.12.26	06:15:28.138	1.25426	1.25428			6
2024.12.26	06:15:30.907	1.25423				2
2024.12.26	06:15:31.220	1.25422				2
2024.12.26	06:15:31.836	1.25426				2
2024.12.26	06:15:32.452	1.25425				2
2024.12.26	06:15:39.541	1.25426				2
2024.12.26	06:15:40.464		1.25429			4
2024.12.26	06:15:41.084	1.25425	1.25428			6
2024.12.26	06:15:41.389	1.25422	1.25426			6
2024.12.26	06:15:49.082		1.25425			4
2024.12.26	06:15:51.540	1.25423	1.25426			6
2024.12.26	06:15:54.600	1.25422				2
2024.12.26	06:15:55.827	1.25423				2
2024.12.26	06:15:56.139	1.25422				2
2024.12.26	06:15:57.361		1.25427			4
2024.12.26	06:16:00.131	1.25422				2
2024.12.26	06:16:02.597	1.25423	1.25428			6
2024.12.26	06:16:14.862		1.25429			4
2024.12.26	06:16:16.705	1.25424				2
2024.12.26	06:16:33.376		1.25428			4
2024.12.26	06:16:36.722	1.25421	1.25425			6
2024.12.26	06:16:38.248		1.25426			4
2024.12.26	06:16:38.864	1.25422	1.25427			6
2024.12.26	06:16:39.169		1.25428			4
2024.12.26	06:16:40.386	1.25421	1.25426			6
2024.12.26	06:16:43.460	1.25422				2
2024.12.26	06:17:00.281	1.25422				2
2024.12.26	06:17:00.589	1.25423	1.25427			6
2024.12.26	06:17:04.264		1.25428			4
2024.12.26	06:17:05.182		1.25427			4
2024.12.26	06:17:06.712	1.25422	1.25428			6
2024.12.26	06:17:07.327	1.25425	1.25429			6
2024.12.26	06:17:09.798	1.25421	1.25426			6
2024.12.26	06:17:10.105	1.25422				2
2024.12.26	06:17:11.341		1.25427			4
2024.12.26	06:17:21.508	1.25421				2
2024.12.26	06:17:22.127	1.25422				2
2024.12.26	06:17:25.826		1.25428			4
2024.12.26	06:17:26.133		1.25427			4
2024.12.26	06:17:30.416		1.25426			4
2024.12.26	06:17:30.723		1.25427			4
2024.12.26	06:17:33.172		1.25426			4
2024.12.26	06:17:36.852	1.25424	1.25428			6
2024.12.26	06:17:38.381	1.25423	1.25429			6
2024.12.26	06:17:41.138		1.25428			4
2024.12.26	06:17:43.277	1.25424	1.25429			6
2024.12.26	06:17:45.103	1.25425	1.25428			6
2024.12.26	06:17:46.019	1.25422	1.25424			6
2024.12.26	06:17:47.240		1.25426			4
2024.12.26	06:17:53.092	1.25419	1.25423			6
2024.12.26	06:18:00.184	1.25419				2
2024.12.26	06:18:15.845	1.25418	1.25421			6
2024.12.26	06:18:16.149	1.25416	1.25420			6
2024.12.26	06:18:16.459	1.25418	1.25421			6
2024.12.26	06:18:18.615		1.25422			4
2024.12.26	06:18:39.144	1.25419				2
2024.12.26	06:18:59.322	1.25420	1.25423			6
2024.12.26	06:19:00.230	1.25420				2
2024.12.26	06:19:02.678	1.25421				2
2024.12.26	06:19:04.511		1.25424			4
2024.12.26	06:19:04.819		1.25423			4
2024.12.26	06:19:05.124	1.25420				2
2024.12.26	06:19:07.262	1.25419	1.25422			6
2024.12.26	06:19:07.570		1.25421			4
2024.12.26	06:19:09.404		1.25422			4
2024.12.26	06:19:10.632		1.25421			4
2024.12.26	06:19:11.245		1.25422			4
2024.12.26	06:19:12.156		1.25421			4
2024.12.26	06:19:34.745	1.25418				2
2024.12.26	06:19:44.801	1.25417	1.25420			6
2024.12.26	06:19:52.433	1.25420	1.25423			6
2024.12.26	06:19:53.355		1.25424			4
2024.12.26	06:19:54.274		1.25423			4
2024.12.26	06:19:59.189		1.25422			4
2024.12.26	06:20:00.107	1.25420				2
2024.12.26	06:20:20.870	1.25419				2
2024.12.26	06:20:21.188		1.25421			4
2024.12.26	06:20:32.503		1.25422			4
2024.12.26	06:20:37.096		1.25420			4
2024.12.26	06:20:41.992		1.25421			4
2024.12.26	06:20:42.609		1.25420			4
2024.12.26	06:20:49.040	1.25418				2
2024.12.26	06:21:00.129	1.25418				2
2024.12.26	06:21:02.599	1.25416	1.25419			6
2024.12.26	06:21:05.376		1.25418			4
2024.12.26	06:21:05.688		1.25419			4
2024.12.26	06:21:11.239	1.25418	1.25420			6
2024.12.26	06:21:17.416	1.25416	1.25419			6
2024.12.26	06:21:18.023	1.25417	1.25420			6
2024.12.26	06:21:18.341	1.25418				2
2024.12.26	06:21:23.587	1.25417				2
2024.12.26	06:21:24.210	1.25418				2
2024.12.26	06:21:26.058	1.25417				2
2024.12.26	06:21:28.222	1.25418				2
2024.12.26	06:21:32.539		1.25421			4
2024.12.26	06:21:46.450		1.25420			4
2024.12.26	06:22:00.279	1.25418				2
2024.12.26	06:22:13.508	1.25417				2
2024.12.26	06:22:14.118		1.25419			4
2024.12.26	06:22:14.428		1.25420			4
2024.12.26	06:22:20.868	1.25416	1.25419			6
2024.12.26	06:22:25.779	1.25413	1.25416			6
2024.12.26	06:22:27.312	1.25415	1.25418			6
2024.12.26	06:22:27.617	1.25416	1.25420			6
2024.12.26	06:22:33.760	1.25415	1.25419			6
2024.12.26	06:22:42.654	1.25413	1.25417			6
2024.12.26	06:22:42.969		1.25416			4
2024.12.26	06:22:43.274		1.25417			4
2024.12.26	06:22:43.887	1.25414	1.25418			6
2024.12.26	06:22:48.775	1.25413	1.25417			6
2024.12.26	06:22:57.372	1.25416	1.25420			6
2024.12.26	06:23:00.128	1.25416				2
2024.12.26	06:23:01.049	1.25415	1.25419			6
2024.12.26	06:23:18.234	1.25416	1.25420			6
2024.12.26	06:23:32.392	1.25414	1.25418			6
2024.12.26	06:23:32.699	1.25415	1.25419			6
2024.12.26	06:23:39.471	1.25414	1.25418			6
2024.12.26	06:23:40.390	1.25415	1.25419			6
2024.12.26	06:23:40.690	1.25413	1.25417			6
2024.12.26	06:23:43.154	1.25415	1.25419			6
2024.12.26	06:23:47.141	1.25416	1.25420			6
2024.12.26	06:24:00.008	1.25416				2
2024.12.26	06:24:03.363	1.25417				2
2024.12.26	06:24:04.291		1.25421			4
2024.12.26	06:24:05.201		1.25420			4
2024.12.26	06:24:05.505	1.25414	1.25418			6
2024.12.26	06:24:08.280	1.25415	1.25419			6
2024.12.26	06:24:14.428	1.25416	1.25420			6
2024.12.26	06:24:15.655	1.25418				2
2024.12.26	06:24:16.574	1.25416				2
2024.12.26	06:24:16.880	1.25418	1.25422			6
2024.12.26	06:24:26.694	1.25417	1.25421			6
2024.12.26	06:24:35.292	1.25418				2
2024.12.26	06:24:35.604	1.25417				2
2024.12.26	06:24:38.059	1.25418	1.25422			6
2024.12.26	06:24:46.343		1.25421			4
2024.12.26	06:24:50.306	1.25417				2
2024.12.26	06:24:53.362	1.25418				2
2024.12.26	06:24:55.194		1.25420			4
2024.12.26	06:25:00.070	1.25418				2
2024.12.26	06:25:00.681	1.25416				2
2024.12.26	06:25:01.297	1.25414	1.25417			6
2024.12.26	06:25:01.601	1.25417	1.25420			6
2024.12.26	06:25:02.829	1.25418	1.25419			6
2024.12.26	06:25:03.439	1.25416				2
2024.12.26	06:25:04.667	1.25414	1.25417			6
2024.12.26	06:25:28.844		1.25416			4
2024.12.26	06:25:29.146		1.25417			4
2024.12.26	06:25:38.937	1.25415				2
2024.12.26	06:25:39.239		1.25418			4
2024.12.26	06:25:44.770	1.25417	1.25419			6
2024.12.26	06:25:45.076		1.25420			4
2024.12.26	06:25:53.076		1.25421			4
2024.12.26	06:25:53.690		1.25419			4
2024.12.26	06:25:54.303		1.25420			4
2024.12.26	06:25:54.607		1.25419			4
2024.12.26	06:26:00.132	1.25417				2
2024.12.26	06:26:00.747		1.25420			4
2024.12.26	06:26:01.353	1.25415	1.25419			6
2024.12.26	06:26:01.654	1.25413	1.25417			6
2024.12.26	06:26:04.429	1.25415				2
2024.12.26	06:26:09.666		1.25418			4
2024.12.26	06:26:18.579	1.25413	1.25417			6
2024.12.26	06:26:20.724	1.25415	1.25418			6
2024.12.26	06:26:22.572	1.25414				2
2024.12.26	06:26:22.880	1.25413	1.25417			6
2024.12.26	06:26:30.295	1.25415	1.25418			6
2024.12.26	06:26:47.832	1.25413	1.25417			6
2024.12.26	06:26:48.144	1.25415				2
2024.12.26	06:26:54.282		1.25418			4
2024.12.26	06:27:00.080	1.25415				2
2024.12.26	06:27:07.117		1.25417			4
2024.12.26	06:27:16.309	1.25418	1.25420			6
2024.12.26	06:27:17.227		1.25421			4
2024.12.26	06:27:17.532	1.25417				2
2024.12.26	06:27:17.842	1.25418				2
2024.12.26	06:27:18.453	1.25417				2
2024.12.26	06:27:21.841		1.25420			4
2024.12.26	06:27:23.072		1.25421			4
2024.12.26	06:27:24.610	1.25418				2
2024.12.26	06:27:26.769	1.25417				2
2024.12.26	06:27:27.075	1.25418				2
2024.12.26	06:27:32.316	1.25417	1.25420			6
2024.12.26	06:27:32.625		1.25421			4
2024.12.26	06:27:35.091	1.25418				2
2024.12.26	06:27:39.069	1.25419				2
2024.12.26	06:27:39.377		1.25422			4
2024.12.26	06:27:47.024	1.25423	1.25426			6
2024.12.26	06:27:47.329		1.25427			4
2024.12.26	06:27:50.415	1.25426	1.25428			6
2024.12.26	06:28:00.250	1.25425				2
2024.12.26	06:28:13.524	1.25426	1.25430			6
2024.12.26	06:28:16.921	1.25427				2
2024.12.26	06:28:17.231	1.25426	1.25429			6
2024.12.26	06:28:45.172	1.25423	1.25427			6
2024.12.26	06:28:47.018	1.25425	1.25428			6
2024.12.26	06:28:55.637	1.25426	1.25429			6
2024.12.26	06:29:00.256	1.25426				2
2024.12.26	06:29:00.569		1.25428			4
2024.12.26	06:29:00.876	1.25425				2
2024.12.26	06:29:10.440	1.25422	1.25426			6
2024.12.26	06:29:13.830	1.25424	1.25428			6
2024.12.26	06:29:14.144	1.25425				2
2024.12.26	06:29:30.405	1.25424				2
2024.12.26	06:29:30.712	1.25425				2
2024.12.26	06:29:43.344	1.25426	1.25429			6
2024.12.26	06:29:43.652	1.25425	1.25428			6
2024.12.26	06:29:45.502	1.25426	1.25429			6
2024.12.26	06:29:45.819	1.25425	1.25428			6
2024.12.26	06:29:54.461	1.25424	1.25427			6
2024.12.26	06:29:54.772	1.25423				2
2024.12.26	06:30:00.003	1.25423				2
2024.12.26	06:30:02.466	1.25422	1.25425			6
2024.12.26	06:30:11.398		1.25426			4
2024.12.26	06:30:12.322	1.25423	1.25427			6
2024.12.26	06:30:18.142		1.25426			4
2024.12.26	06:30:18.752		1.25427			4
2024.12.26	06:30:21.210		1.25426			4
2024.12.26	06:30:27.326	1.25425	1.25428			6
2024.12.26	06:30:31.340		1.25426			4
2024.12.26	06:30:31.646		1.25428			4
2024.12.26	06:30:40.573	1.25422	1.25426			6
2024.12.26	06:30:47.954	1.25423	1.25427			6
2024.12.26	06:30:48.263	1.25424				2
2024.12.26	06:30:52.570	1.25423				2
2024.12.26	06:30:54.418	1.25424				2
2024.12.26	06:30:58.730	1.25423				2
2024.12.26	06:31:00.270	1.25423				2
2024.12.26	06:31:00.572	1.25424				2
2024.12.26	06:31:00.883	1.25423				2
2024.12.26	06:31:01.494	1.25424				2
2024.12.26	06:31:03.034	1.25426	1.25429			6
2024.12.26	06:31:03.346	1.25430	1.25432			6
2024.12.26	06:31:04.280	1.25429				2
2024.12.26	06:31:04.583	1.25430				2
2024.12.26	06:31:04.891	1.25429				2
2024.12.26	06:31:07.050	1.25432	1.25434			6
2024.12.26	06:31:07.358	1.25437	1.25440			6
2024.12.26	06:31:08.289	1.25436				2
2024.12.26	06:31:18.456	1.25437	1.25441			6
2024.12.26	06:31:29.528	1.25435	1.25438			6
2024.12.26	06:31:39.340		1.25439			4
2024.12.26	06:31:46.092	1.25431	1.25435			6
2024.12.26	06:31:46.398	1.25436	1.25439			6
2024.12.26	06:31:46.704		1.25440			4
2024.12.26	06:31:47.006		1.25439			4
2024.12.26	06:32:00.257	1.25436				2
2024.12.26	06:32:01.176	1.25437				2
2024.12.26	06:32:11.355	1.25438				2
2024.12.26	06:32:12.592		1.25440			4
2024.12.26	06:32:30.107		1.25441			4
2024.12.26	06:32:34.068	1.25440	1.25442			6
2024.12.26	06:32:34.373	1.25439				2
2024.12.26	06:32:34.980	1.25440				2
2024.12.26	06:32:35.282	1.25446	1.25447			6
2024.12.26	06:32:35.587	1.25453	1.25454			6
2024.12.26	06:32:35.899	1.25454	1.25455			6
2024.12.26	06:32:40.203	1.25458	1.25459			6
2024.12.26	06:32:40.503		1.25460			4
2024.12.26	06:32:42.980	1.25457	1.25458			6
2024.12.26	06:32:44.825		1.25459			4
2024.12.26	06:32:45.134	1.25461	1.25463			6
2024.12.26	06:32:45.442	1.25468	1.25469			6
2024.12.26	06:32:45.749	1.25465	1.25466			6
2024.12.26	06:32:46.685	1.25467	1.25468			6
2024.12.26	06:32:49.146	1.25470	1.25472			6
2024.12.26	06:32:50.061	1.25472	1.25473			6
2024.12.26	06:32:51.921	1.25468	1.25472			6
2024.12.26	06:32:57.162	1.25474	1.25475			6
2024.12.26	06:32:57.468	1.25472	1.25473			6
2024.12.26	06:33:00.259	1.25472				2
2024.12.26	06:33:05.178	1.25470				2
2024.12.26	06:33:09.475	1.25471				2
2024.12.26	06:33:09.782	1.25470				2
2024.12.26	06:33:13.762	1.25471				2
2024.12.26	06:33:17.735	1.25462	1.25465			6
2024.12.26	06:33:18.650	1.25464	1.25467			6
2024.12.26	06:33:22.346	1.25463	1.25466			6
2024.12.26	06:33:22.646	1.25465	1.25468			6
2024.12.26	06:33:22.948	1.25466	1.25469			6
2024.12.26	06:33:27.261	1.25465	1.25468			6
2024.12.26	06:33:29.110		1.25467			4
2024.12.26	06:33:29.726	1.25464				2
2024.12.26	06:33:30.653	1.25463	1.25466			6
2024.12.26	06:33:31.897	1.25464	1.25467			6
2024.12.26	06:33:40.205	1.25466	1.25468			6
2024.12.26	06:33:50.050	1.25465				2
2024.12.26	06:33:50.359	1.25464	1.25467			6
2024.12.26	06:33:50.977	1.25463	1.25466			6
2024.12.26	06:33:58.080	1.25464	1.25467			6
2024.12.26	06:34:00.233	1.25464				2
2024.12.26	06:34:07.019		1.25466			4
2024.12.26	06:34:11.330	1.25475	1.25477			6
2024.12.26	06:34:11.641		1.25479			4
2024.12.26	06:34:15.631	1.25474	1.25478			6
2024.12.26	06:34:15.941	1.25470	1.25474			6
2024.12.26	06:34:19.017	1.25471				2
2024.12.26	06:34:19.320	1.25474	1.25477			6
2024.12.26	06:34:20.259		1.25478			4
2024.12.26	06:34:26.731		1.25476			4
2024.12.26	06:34:27.344	1.25472				2
2024.12.26	06:34:30.428	1.25469	1.25475			6
2024.12.26	06:34:30.730	1.25471				2
2024.12.26	06:34:36.896	1.25473	1.25477			6
2024.12.26	06:34:40.267	1.25472	1.25476			6
2024.12.26	06:34:40.576		1.25475			4
2024.12.26	06:34:45.472		1.25476			4
2024.12.26	06:34:45.773	1.25470	1.25477			6
2024.12.26	06:34:48.848		1.25476			4
2024.12.26	06:34:49.459		1.25477			4
2024.12.26	06:35:00.174	1.25470				2
2024.12.26	06:35:01.097	1.25471				2
2024.12.26	06:35:01.407	1.25465	1.25472			6
2024.12.26	06:35:08.133	1.25470	1.25475			6
2024.12.26	06:35:08.439		1.25476			4
2024.12.26	06:35:18.221	1.25471				2
2024.12.26	06:35:20.677		1.25477			4
2024.12.26	06:35:20.978		1.25476			4
2024.12.26	06:35:21.290	1.25470	1.25475			6
2024.12.26	06:35:21.590	1.25469				2
2024.12.26	06:35:21.900	1.25467				2
2024.12.26	06:35:24.040	1.25468				2
2024.12.26	06:35:26.491	1.25471	1.25477			6
2024.12.26	06:35:40.304		1.25476			4
2024.12.26	06:35:40.608	1.25470	1.25477			6
2024.12.26	06:35:42.141		1.25476			4
2024.12.26	06:35:43.369		1.25477			4
2024.12.26	06:35:43.680		1.25476			4
2024.12.26	06:35:44.902		1.25477			4
2024.12.26	06:35:45.209		1.25476			4
2024.12.26	06:35:45.520		1.25477			4
2024.12.26	06:35:45.819		1.25476			4
2024.12.26	06:35:50.719		1.25477			4
2024.12.26	06:35:51.029		1.25475			4
2024.12.26	06:35:51.637		1.25477			4
2024.12.26	06:35:55.933		1.25476			4
2024.12.26	06:35:56.856	1.25469	1.25475			6
2024.12.26	06:35:57.162	1.25470				2
2024.12.26	06:36:00.226	1.25470				2
2024.12.26	06:36:01.759		1.25476			4
2024.12.26	06:36:03.908		1.25475			4
2024.12.26	06:36:40.627		1.25474			4
2024.12.26	06:36:40.929	1.25469				2
2024.12.26	06:36:43.692	1.25470				2
2024.12.26	06:36:44.603	1.25469				2
2024.12.26	06:36:47.644	1.25470				2
2024.12.26	06:37:00.222	1.25472	1.25476			6
2024.12.26	06:37:01.139		1.25477			4
2024.12.26	06:37:02.673		1.25476			4
2024.12.26	06:37:02.978	1.25473	1.25477			6
2024.12.26	06:37:03.286		1.25478			4
2024.12.26	06:37:04.200	1.25472				2
2024.12.26	06:37:04.508		1.25477			4
2024.12.26	06:37:05.118		1.25478			4
2024.12.26	06:37:06.655		1.25477			4
2024.12.26	06:37:07.265		1.25478			4
2024.12.26	06:37:08.781		1.25477			4
2024.12.26	06:37:09.394		1.25478			4
2024.12.26	06:37:10.622	1.25473				2
2024.12.26	06:37:10.926	1.25472				2
2024.12.26	06:37:11.231	1.25473				2
2024.12.26	06:37:13.384	1.25474				2
2024.12.26	06:37:14.316	1.25473				2
2024.12.26	06:37:14.625	1.25474				2
2024.12.26	06:37:14.932	1.25473				2
2024.12.26	06:37:15.548	1.25474				2
2024.12.26	06:37:15.862	1.25473				2
2024.12.26	06:37:16.166	1.25472				2
2024.12.26	06:37:17.397		1.25477			4
2024.12.26	06:37:18.016		1.25478			4
2024.12.26	06:37:19.557		1.25477			4
2024.12.26	06:37:20.178		1.25478			4
2024.12.26	06:37:21.715		1.25477			4
2024.12.26	06:37:22.334	1.25473	1.25478			6
2024.12.26	06:37:23.858	1.25472	1.25477			6
2024.12.26	06:37:24.466	1.25473	1.25478			6
2024.12.26	06:37:25.985	1.25472	1.25477			6
2024.12.26	06:37:26.294	1.25473	1.25478			6
2024.12.26	06:37:26.595	1.25472	1.25476			6
2024.12.26	06:37:26.900		1.25477			4
2024.12.26	06:37:30.572	1.25471	1.25475			6
2024.12.26	06:37:30.876	1.25469	1.25474			6
2024.12.26	06:37:31.187	1.25468	1.25473			6
2024.12.26	06:37:32.101		1.25475			4
2024.12.26	06:37:32.421		1.25474			4
2024.12.26	06:37:33.031		1.25475			4
2024.12.26	06:37:34.266	1.25467				2
2024.12.26	06:37:34.573	1.25468				2
2024.12.26	06:37:36.721		1.25474			4
2024.12.26	06:37:37.334		1.25475			4
2024.12.26	06:37:37.942	1.25469				2
2024.12.26	06:37:38.868		1.25474			4
2024.12.26	06:37:39.477		1.25475			4
2024.12.26	06:37:41.006		1.25474			4
2024.12.26	06:37:41.621		1.25475			4
2024.12.26	06:37:43.460		1.25474			4
2024.12.26	06:37:44.066		1.25475			4
2024.12.26	06:37:46.520		1.25474			4
2024.12.26	06:37:57.248		1.25473			4
2024.12.26	06:38:00.297	1.25469	1.25471			6
2024.12.26	06:38:00.600	1.25465	1.25467			6
2024.12.26	06:38:01.517	1.25461	1.25464			6
2024.12.26	06:38:01.828	1.25454	1.25457			6
2024.12.26	06:38:02.741	1.25455				2
2024.12.26	06:38:08.552	1.25454				2
2024.12.26	06:38:09.773	1.25455				2
2024.12.26	06:38:18.074	1.25454				2
2024.12.26	06:38:22.381	1.25455				2
2024.12.26	06:38:33.482		1.25458			4
2024.12.26	06:38:36.862	1.25456				2
2024.12.26	06:38:40.241	1.25457				2
2024.12.26	06:38:42.399	1.25456	1.25457			6
2024.12.26	06:38:42.707		1.25458			4
2024.12.26	06:38:43.939	1.25453	1.25457			6
2024.12.26	06:38:44.245	1.25455				2
2024.12.26	06:38:47.332		1.25458			4
2024.12.26	06:38:51.330	1.25454	1.25457			6
2024.12.26	06:38:52.561	1.25455	1.25458			6
2024.12.26	06:38:57.461	1.25446	1.25448			6
2024.12.26	06:38:57.772	1.25447	1.25451			6
2024.12.26	06:38:58.380	1.25448	1.25453			6
2024.12.26	06:38:58.684	1.25449				2
2024.12.26	06:39:00.215	1.25449				2
2024.12.26	06:39:01.133	1.25448	1.25452			6
2024.12.26	06:39:01.753	1.25450	1.25453			6
2024.12.26	06:39:02.057		1.25454			4
2024.12.26	06:39:05.729	1.25453	1.25456			6
2024.12.26	06:39:09.720	1.25452				2
2024.12.26	06:39:10.941	1.25453				2
2024.12.26	06:39:11.248	1.25452				2
2024.12.26	06:39:11.860	1.25454				2
2024.12.26	06:39:12.473		1.25457			4
2024.12.26	06:39:14.007	1.25455				2
2024.12.26	06:39:28.120	1.25456	1.25459			6
2024.12.26	06:39:37.936	1.25457	1.25460			6
2024.12.26	06:39:51.530	1.25456	1.25458			6
2024.12.26	06:39:52.145	1.25457	1.25459			6
2024.12.26	06:39:55.207	1.25458	1.25462			6
2024.12.26	06:39:57.051		1.25461			4
2024.12.26	06:40:00.120	1.25458				2
2024.12.26	06:40:07.806		1.25462			4
2024.12.26	06:40:08.109		1.25461			4
2024.12.26	06:40:11.181		1.25462			4
2024.12.26	06:40:13.022		1.25461			4
2024.12.26	06:40:13.326		1.25462			4
2024.12.26	06:40:17.321	1.25457	1.25459			6
2024.12.26	06:40:26.239		1.25458			4
2024.12.26	06:40:32.681	1.25456				2
2024.12.26	06:40:43.112	1.25455				2
2024.12.26	06:40:43.416	1.25454				2
2024.12.26	06:40:43.719	1.25455				2
2024.12.26	06:40:44.328		1.25459			4
2024.12.26	06:40:55.641		1.25458			4
2024.12.26	06:40:56.863		1.25459			4
2024.12.26	06:40:59.920	1.25454	1.25457			6
2024.12.26	06:41:00.225	1.25454	1.25458			6
2024.12.26	06:41:10.350	1.25452	1.25456			6
2024.12.26	06:41:11.574	1.25450	1.25457			6
2024.12.26	06:41:11.877	1.25452	1.25456			6
2024.12.26	06:41:12.189	1.25450				2
2024.12.26	06:41:12.493	1.25451	1.25455			6
2024.12.26	06:41:12.807	1.25450	1.25457			6
2024.12.26	06:41:13.113		1.25456			4
2024.12.26	06:41:14.350	1.25451	1.25455			6
2024.12.26	06:41:16.817	1.25452				2
2024.12.26	06:41:17.126		1.25456			4
2024.12.26	06:41:21.443		1.25455			4
2024.12.26	06:41:22.354	1.25450	1.25456			6
2024.12.26	06:41:22.653	1.25452	1.25455			6
2024.12.26	06:41:23.879	1.25450	1.25456			6
2024.12.26	06:41:24.498	1.25451	1.25455			6
2024.12.26	06:41:24.805	1.25450	1.25456			6
2024.12.26	06:41:25.105	1.25451	1.25455			6
2024.12.26	06:41:26.026	1.25452	1.25456			6
2024.12.26	06:41:26.335		1.25457			4
2024.12.26	06:41:27.555	1.25451				2
2024.12.26	06:41:32.485	1.25450				2
2024.12.26	06:41:37.718		1.25458			4
2024.12.26	06:41:39.250	1.25451				2
2024.12.26	06:41:40.169	1.25450				2
2024.12.26	06:41:40.781	1.25451	1.25457			6
2024.12.26	06:41:42.320	1.25450				2
2024.12.26	06:41:55.174	1.25449	1.25456			6
2024.12.26	06:41:55.786		1.25457			4
2024.12.26	06:41:57.321		1.25456			4
2024.12.26	06:41:57.925		1.25457			4
2024.12.26	06:41:59.455		1.25456			4
2024.12.26	06:42:00.063	1.25449	1.25457			6
2024.12.26	06:42:00.373	1.25450				2
2024.12.26	06:42:03.738		1.25456			4
2024.12.26	06:42:04.046	1.25452	1.25457			6
2024.12.26	06:42:09.864	1.25453	1.25458			6
2024.12.26	06:42:12.016	1.25450				2
2024.12.26	06:42:12.329		1.25457			4
2024.12.26	06:42:12.942		1.25458			4
2024.12.26	06:42:14.468		1.25457			4
2024.12.26	06:42:15.081		1.25458			4
2024.12.26	06:42:16.912		1.25457			4
2024.12.26	06:42:17.218		1.25458			4
2024.12.26	06:42:18.737		1.25457			4
2024.12.26	06:42:19.345		1.25458			4
2024.12.26	06:42:20.882		1.25457			4
2024.12.26	06:42:21.191		1.25456			4
2024.12.26	06:42:21.500		1.25457			4
2024.12.26	06:42:25.486		1.25456			4
2024.12.26	06:42:25.791		1.25457			4
2024.12.26	06:42:27.322		1.25458			4
2024.12.26	06:42:27.633		1.25456			4
2024.12.26	06:42:28.243		1.25458			4
2024.12.26	06:42:29.155		1.25457			4
2024.12.26	06:42:29.767		1.25456			4
2024.12.26	06:42:30.075		1.25457			4
2024.12.26	06:42:31.291		1.25456			4
2024.12.26	06:42:41.981	1.25449				2
2024.12.26	06:42:52.086		1.25457			4
2024.12.26	06:42:53.315		1.25456			4
2024.12.26	06:42:53.932		1.25457			4
2024.12.26	06:42:54.238		1.25456			4
2024.12.26	06:42:58.516		1.25455			4
2024.12.26	06:42:58.827		1.25456			4
2024.12.26	06:42:59.140		1.25455			4
2024.12.26	06:42:59.440	1.25444	1.25450			6
2024.12.26	06:42:59.742	1.25445				2
2024.12.26	06:43:00.055	1.25445				2
2024.12.26	06:43:00.666	1.25446	1.25451			6
2024.12.26	06:43:01.581		1.25452			4
2024.12.26	06:43:04.335		1.25449			4
2024.12.26	06:43:06.481	1.25445				2
2024.12.26	06:43:10.771	1.25446				2
2024.12.26	06:43:11.072	1.25445				2
2024.12.26	06:43:13.219	1.25446				2
2024.12.26	06:43:22.136	1.25445				2
2024.12.26	06:43:22.440	1.25444	1.25447			6
2024.12.26	06:43:36.328		1.25448			4
2024.12.26	06:43:36.635		1.25447			4
2024.12.26	06:43:44.348	1.25443				2
2024.12.26	06:43:50.160		1.25448			4
2024.12.26	06:43:50.466		1.25447			4
2024.12.26	06:43:52.599	1.25442				2
2024.12.26	06:43:53.513	1.25440	1.25443			6
2024.12.26	06:44:00.291	1.25440				2
2024.12.26	06:44:01.519	1.25444	1.25447			6
2024.12.26	06:44:01.826	1.25445				2
2024.12.26	06:44:02.136	1.25448	1.25449			6
2024.12.26	06:44:02.441	1.25446	1.25447			6
2024.12.26	06:44:02.747	1.25444	1.25446			6
2024.12.26	06:44:14.183	1.25440	1.25443			6
2024.12.26	06:44:14.484	1.25439				2
2024.12.26	06:44:18.822	1.25441	1.25444			6
2024.12.26	06:44:21.597	1.25440	1.25443			6
2024.12.26	06:44:33.927	1.25438				2
2024.12.26	06:44:47.092	1.25432	1.25437			6
2024.12.26	06:44:47.398		1.25435			4
2024.12.26	06:45:00.047	1.25432				2
2024.12.26	06:45:00.658	1.25433	1.25437			6
2024.12.26	06:45:00.964	1.25434				2
2024.12.26	06:45:02.200	1.25433				2
2024.12.26	06:45:11.707	1.25431	1.25433			6
2024.12.26	06:45:14.459	1.25430				2
2024.12.26	06:45:18.119	1.25426	1.25427			6
2024.12.26	06:45:18.424	1.25422				2
2024.12.26	06:45:25.135		1.25426			4
2024.12.26	06:45:34.041	1.25423	1.25427			6
2024.12.26	06:45:42.081	1.25422	1.25425			6
2024.12.26	06:45:48.259	1.25423				2
2024.12.26	06:45:50.114	1.25421	1.25423			6
2024.12.26	06:45:58.140	1.25415	1.25417			6
2024.12.26	06:45:58.446	1.25413				2
2024.12.26	06:46:00.304	1.25413				2
2024.12.26	06:46:00.914	1.25414				2
2024.12.26	06:46:04.303	1.25415	1.25418			6
2024.12.26	06:46:06.468	1.25414				2
2024.12.26	06:46:10.168		1.25419			4
2024.12.26	06:46:21.528	1.25415				2
2024.12.26	06:46:22.141	1.25421	1.25425			6
2024.12.26	06:46:22.446	1.25422				2
2024.12.26	06:46:22.752	1.25421				2
2024.12.26	06:46:23.060	1.25419	1.25424			6
2024.12.26	06:46:23.974		1.25425			4
2024.12.26	06:46:26.120	1.25420				2
2024.12.26	06:46:26.421	1.25421				2
2024.12.26	06:46:33.160		1.25424			4
2024.12.26	06:46:34.085	1.25418				2
2024.12.26	06:46:34.700		1.25422			4
2024.12.26	06:46:35.304		1.25424			4
2024.12.26	06:46:35.614	1.25423	1.25425			6
2024.12.26	06:46:39.321	1.25414	1.25419			6
2024.12.26	06:46:39.629		1.25418			4
2024.12.26	06:46:40.549		1.25419			4
2024.12.26	06:46:41.483		1.25418			4
2024.12.26	06:46:42.404	1.25416	1.25422			6
2024.12.26	06:46:44.568	1.25415	1.25421			6
2024.12.26	06:46:52.281		1.25420			4
2024.12.26	06:46:53.200	1.25416				2
2024.12.26	06:46:55.995		1.25421			4
2024.12.26	06:46:57.234		1.25422			4
2024.12.26	06:47:00.007	1.25416				2
2024.12.26	06:47:08.928		1.25419			4
2024.12.26	06:47:09.231	1.25415	1.25420			6
2024.12.26	06:47:09.540	1.25411	1.25413			6
2024.12.26	06:47:09.847	1.25409	1.25414			6
2024.12.26	06:47:10.152	1.25406	1.25412			6
2024.12.26	06:47:12.307	1.25411	1.25415			6
2024.12.26	06:47:12.612	1.25412				2
2024.12.26	06:47:12.917	1.25411				2
2024.12.26	06:47:17.241	1.25413				2
2024.12.26	06:47:18.171	1.25406	1.25413			6
2024.12.26	06:47:19.399	1.25409				2
2024.12.26	06:47:19.707	1.25407				2
2024.12.26	06:47:22.471	1.25410	1.25415			6
2024.12.26	06:47:22.777	1.25408				2
2024.12.26	06:47:26.173	1.25407	1.25413			6
2024.12.26	06:47:29.398	1.25408				2
2024.12.26	06:47:29.706	1.25407				2
2024.12.26	06:47:32.171	1.25406	1.25412			6
2024.12.26	06:47:33.717	1.25407	1.25413			6
2024.12.26	06:47:37.709	1.25409	1.25414			6
2024.12.26	06:47:38.009	1.25408				2
2024.12.26	06:47:41.372	1.25407	1.25412			6
2024.12.26	06:47:44.438	1.25410	1.25415			6
2024.12.26	06:47:46.880	1.25409	1.25414			6
2024.12.26	06:47:47.187	1.25407	1.25413			6
2024.12.26	06:47:48.709		1.25412			4
2024.12.26	06:47:52.384		1.25413			4
2024.12.26	06:47:53.616		1.25412			4
2024.12.26	06:47:54.529		1.25413			4
2024.12.26	06:47:58.184	1.25403	1.25407			6
2024.12.26	06:47:58.486	1.25402				2
2024.12.26	06:48:00.032	1.25402				2
2024.12.26	06:48:06.142		1.25406			4
2024.12.26	06:48:08.296	1.25403	1.25407			6
2024.12.26	06:48:12.279	1.25404				2
2024.12.26	06:48:13.193		1.25409			4
2024.12.26	06:48:18.096	1.25405	1.25410			6
2024.12.26	06:48:18.710	1.25404	1.25409			6
2024.12.26	06:48:19.628	1.25401	1.25408			6
2024.12.26	06:48:20.546		1.25406			4
2024.12.26	06:48:22.371		1.25405			4
2024.12.26	06:48:23.289	1.25402	1.25406			6
2024.12.26	06:48:23.596	1.25401	1.25405			6
2024.12.26	06:48:23.905	1.25402	1.25406			6
2024.12.26	06:48:24.210	1.25401	1.25405			6
2024.12.26	06:48:29.101	1.25403	1.25406			6
2024.12.26	06:48:29.708	1.25401	1.25405			6
2024.12.26	06:48:30.015	1.25403	1.25406			6
2024.12.26	06:48:30.927	1.25401	1.25405			6
2024.12.26	06:48:31.841	1.25403	1.25406			6
2024.12.26	06:48:32.143	1.25401	1.25405			6
2024.12.26	06:48:33.071	1.25403	1.25406			6
2024.12.26	06:48:34.591	1.25401	1.25405			6
2024.12.26	06:48:35.201	1.25403	1.25406			6
2024.12.26	06:48:35.506	1.25402	1.25405			6
2024.12.26	06:48:35.808	1.25403	1.25406			6
2024.12.26	06:48:37.034	1.25402	1.25405			6
2024.12.26	06:48:38.867	1.25403				2
2024.12.26	06:48:40.085	1.25402				2
2024.12.26	06:48:40.706	1.25403				2
2024.12.26	06:48:46.521	1.25402				2
2024.12.26	06:48:48.978		1.25406			4
2024.12.26	06:48:49.591	1.25403				2
2024.12.26	06:48:50.821		1.25407			4
2024.12.26	06:48:52.664		1.25406			4
2024.12.26	06:48:52.973		1.25407			4
2024.12.26	06:48:53.884		1.25406			4
2024.12.26	06:48:54.801	1.25399				2
2024.12.26	06:48:55.110	1.25400				2
2024.12.26	06:48:55.722	1.25404				2
2024.12.26	06:48:56.027	1.25400				2
2024.12.26	06:49:00.007	1.25400				2
2024.12.26	06:49:05.239		1.25405			4
2024.12.26	06:49:12.890	1.25401				2
2024.12.26	06:49:14.732	1.25400				2
2024.12.26	06:49:18.391	1.25401	1.25406			6
2024.12.26	06:49:20.226	1.25400	1.25405			6
2024.12.26	06:49:20.528	1.25401	1.25406			6
2024.12.26	06:49:21.753	1.25400	1.25405			6
2024.12.26	06:49:24.210		1.25404			4
2024.12.26	06:49:26.947	1.25401	1.25405			6
2024.12.26	06:49:28.478		1.25404			4
2024.12.26	06:49:29.092		1.25405			4
2024.12.26	06:49:30.609		1.25404			4
2024.12.26	06:49:30.915		1.25405			4
2024.12.26	06:49:32.731	1.25400	1.25404			6
2024.12.26	06:49:33.041	1.25401	1.25405			6
2024.12.26	06:49:33.342	1.25400	1.25404			6
2024.12.26	06:49:34.558	1.25399	1.25403			6
2024.12.26	06:49:35.168	1.25400	1.25404			6
2024.12.26	06:49:36.078	1.25397	1.25400			6
2024.12.26	06:49:36.381		1.25401			4
2024.12.26	06:49:44.931	1.25396	1.25400			6
2024.12.26	06:49:50.152	1.25397	1.25401			6
2024.12.26	06:49:53.516	1.25396	1.25400			6
2024.12.26	06:49:53.821	1.25397	1.25401			6
2024.12.26	06:49:54.130	1.25398				2
2024.12.26	06:50:00.240	1.25398				2
2024.12.26	06:50:03.598	1.25397	1.25400			6
2024.12.26	06:50:03.901	1.25398	1.25401			6
2024.12.26	06:50:04.212	1.25397	1.25400			6
2024.12.26	06:50:04.820	1.25396	1.25399			6
2024.12.26	06:50:08.785	1.25397	1.25400			6
2024.12.26	06:50:13.958	1.25398	1.25401			6
2024.12.26	06:50:15.480	1.25397	1.25400			6
2024.12.26	06:50:16.092	1.25398	1.25401			6
2024.12.26	06:50:16.393	1.25397	1.25400			6
2024.12.26	06:50:43.009	1.25396	1.25399			6
2024.12.26	06:50:43.312	1.25397	1.25400			6
2024.12.26	06:50:48.492	1.25398	1.25401			6
2024.12.26	06:50:50.634	1.25401	1.25404			6
2024.12.26	06:50:52.169	1.25400				2
2024.12.26	06:50:53.711	1.25404	1.25406			6
2024.12.26	06:50:54.336		1.25405			4
2024.12.26	06:50:54.951		1.25406			4
2024.12.26	06:50:56.488		1.25405			4
2024.12.26	06:50:57.103		1.25406			4
2024.12.26	06:50:58.652		1.25405			4
2024.12.26	06:50:59.268		1.25406			4
2024.12.26	06:51:00.190	1.25404				2
2024.12.26	06:51:00.802		1.25405			4
2024.12.26	06:51:01.421		1.25406			4
2024.12.26	06:51:02.956		1.25405			4
2024.12.26	06:51:03.567		1.25406			4
2024.12.26	06:51:05.097		1.25405			4
2024.12.26	06:51:05.715		1.25406			4
2024.12.26	06:51:07.235		1.25405			4
2024.12.26	06:51:07.844		1.25406			4
2024.12.26	06:51:08.147	1.25403	1.25405			6
2024.12.26	06:51:09.987	1.25404	1.25406			6
2024.12.26	06:51:20.058	1.25403				2
2024.12.26	06:51:32.284		1.25405			4
2024.12.26	06:51:33.504		1.25406			4
2024.12.26	06:51:34.416		1.25405			4
2024.12.26	06:51:34.718	1.25400	1.25402			6
2024.12.26	06:51:35.025		1.25401			4
2024.12.26	06:51:35.329	1.25396	1.25398			6
2024.12.26	06:51:35.951	1.25403	1.25406			6
2024.12.26	06:51:36.253	1.25402				2
2024.12.26	06:51:39.619	1.25401				2
2024.12.26	06:51:43.922	1.25400				2
2024.12.26	06:51:49.457		1.25407			4
2024.12.26	06:51:51.602		1.25406			4
2024.12.26	06:51:55.909	1.25401				2
2024.12.26	06:51:56.214		1.25407			4
2024.12.26	06:51:56.519	1.25402	1.25410			6
2024.12.26	06:51:58.061		1.25409			4
2024.12.26	06:51:58.673	1.25406	1.25413			6
2024.12.26	06:51:58.984	1.25405	1.25411			6
2024.12.26	06:51:59.286		1.25412			4
2024.12.26	06:52:00.217	1.25405				2
2024.12.26	06:52:01.445	1.25403	1.25410			6
2024.12.26	06:52:02.367		1.25409			4
2024.12.26	06:52:02.674	1.25404	1.25411			6
2024.12.26	06:52:03.298	1.25406	1.25412			6
2024.12.26	06:52:05.136	1.25405				2
2024.12.26	06:52:05.446	1.25406	1.25413			6
2024.12.26	06:52:05.746		1.25412			4
2024.12.26	06:52:12.791	1.25405				2
2024.12.26	06:52:13.706	1.25404				2
2024.12.26	06:52:14.018	1.25405				2
2024.12.26	06:52:17.400		1.25411			4
2024.12.26	06:52:17.711		1.25412			4
2024.12.26	06:52:18.331		1.25411			4
2024.12.26	06:52:18.633		1.25412			4
2024.12.26	06:52:19.245	1.25402	1.25409			6
2024.12.26	06:52:19.550	1.25400	1.25406			6
2024.12.26	06:52:20.472	1.25399	1.25405			6
2024.12.26	06:52:20.779	1.25400	1.25406			6
2024.12.26	06:52:22.307	1.25397	1.25403			6
2024.12.26	06:52:25.997		1.25404			4
2024.12.26	06:52:26.300	1.25398				2
2024.12.26	06:52:30.597	1.25397				2
2024.12.26	06:52:46.249	1.25393	1.25399			6
2024.12.26	06:52:46.552		1.25401			4
2024.12.26	06:52:48.077		1.25400			4
2024.12.26	06:52:54.204	1.25394				2
2024.12.26	06:52:54.505	1.25393				2
2024.12.26	06:53:00.006	1.25393				2
2024.12.26	06:53:02.146		1.25399			4
2024.12.26	06:53:03.981		1.25400			4
2024.12.26	06:53:10.413	1.25394				2
2024.12.26	06:53:15.013	1.25393				2
2024.12.26	06:53:20.523		1.25401			4
2024.12.26	06:53:22.059	1.25394				2
2024.12.26	06:53:23.283	1.25393				2
2024.12.26	06:53:24.202	1.25392	1.25398			6
2024.12.26	06:53:25.114	1.25394				2
2024.12.26	06:53:25.423	1.25393				2
2024.12.26	06:53:25.731	1.25392				2
2024.12.26	06:53:33.371	1.25393				2
2024.12.26	06:53:33.680		1.25399			4
2024.12.26	06:53:38.266	1.25392				2
2024.12.26	06:53:40.711	1.25395	1.25401			6
2024.12.26	06:53:42.554		1.25399			4
2024.12.26	06:53:42.863		1.25401			4
2024.12.26	06:53:45.928	1.25394	1.25398			6
2024.12.26	06:53:46.233	1.25393				2
2024.12.26	06:53:46.539	1.25394				2
2024.12.26	06:53:46.843	1.25393				2
2024.12.26	06:53:51.443	1.25391				2
2024.12.26	06:53:55.120		1.25397			4
2024.12.26	06:53:56.339	1.25392				2
2024.12.26	06:54:00.008	1.25392				2
2024.12.26	06:54:04.273	1.25391				2
2024.12.26	06:54:06.103		1.25396			4
2024.12.26	06:54:06.721		1.25397			4
2024.12.26	06:54:10.381		1.25396			4
2024.12.26	06:54:13.436	1.25392				2
2024.12.26	06:54:15.272	1.25391				2
2024.12.26	06:54:15.886	1.25392				2
2024.12.26	06:54:24.896	1.25393	1.25397			6
2024.12.26	06:54:36.216	1.25394				2
2024.12.26	06:54:42.315	1.25393	1.25396			6
2024.12.26	06:54:42.632	1.25395	1.25398			6
2024.12.26	06:54:42.936	1.25396	1.25399			6
2024.12.26	06:54:43.240	1.25397	1.25401			6
2024.12.26	06:54:43.546	1.25396	1.25400			6
2024.12.26	06:54:44.159		1.25401			4
2024.12.26	06:54:45.076	1.25397				2
2024.12.26	06:54:46.306	1.25396				2
2024.12.26	06:54:46.914	1.25397				2
2024.12.26	06:54:48.441	1.25396				2
2024.12.26	06:54:50.583	1.25394	1.25398			6
2024.12.26	06:54:57.014	1.25393	1.25397			6
2024.12.26	06:54:57.321	1.25394	1.25398			6
2024.12.26	06:55:00.080	1.25394				2
2024.12.26	06:55:05.287		1.25397			4
2024.12.26	06:55:06.511	1.25393				2
2024.12.26	06:55:10.165	1.25395	1.25398			6
2024.12.26	06:55:11.080	1.25394				2
2024.12.26	06:55:13.213	1.25395				2
2024.12.26	06:55:13.827	1.25393	1.25396			6
2024.12.26	06:55:15.348	1.25392				2
2024.12.26	06:55:18.107	1.25391	1.25395			6
2024.12.26	06:55:20.560	1.25392	1.25396			6
2024.12.26	06:55:26.675	1.25394	1.25398			6
2024.12.26	06:55:27.587	1.25393	1.25397			6
2024.12.26	06:55:27.894	1.25394	1.25398			6
2024.12.26	06:55:30.941	1.25393	1.25397			6
2024.12.26	06:55:31.247	1.25394	1.25398			6
2024.12.26	06:55:31.863	1.25393	1.25397			6
2024.12.26	06:55:32.168	1.25394	1.25398			6
2024.12.26	06:55:33.703	1.25392	1.25396			6
2024.12.26	06:55:36.773	1.25390	1.25394			6
2024.12.26	06:55:38.284		1.25395			4
2024.12.26	06:55:40.130	1.25391				2
2024.12.26	06:55:44.721		1.25394			4
2024.12.26	06:55:46.547	1.25392	1.25396			6
2024.12.26	06:55:46.855	1.25391	1.25395			6
2024.12.26	06:55:47.156		1.25396			4
2024.12.26	06:55:49.319		1.25395			4
2024.12.26	06:55:49.929		1.25396			4
2024.12.26	06:55:50.240	1.25392	1.25397			6
2024.12.26	06:55:51.165	1.25391				2
2024.12.26	06:55:51.467	1.25392	1.25398			6
2024.12.26	06:55:52.088	1.25391				2
2024.12.26	06:55:54.237		1.25397			4
2024.12.26	06:55:54.554		1.25398			4
2024.12.26	06:55:54.857		1.25397			4
2024.12.26	06:55:58.556	1.25385	1.25392			6
2024.12.26	06:55:59.786	1.25387	1.25394			6
2024.12.26	06:56:00.095	1.25387				2
2024.12.26	06:56:02.250		1.25393			4
2024.12.26	06:56:02.560	1.25386	1.25392			6
2024.12.26	06:56:04.398	1.25390	1.25397			6
2024.12.26	06:56:05.636		1.25396			4
2024.12.26	06:56:07.480		1.25394			4
2024.12.26	06:56:07.781	1.25388				2
2024.12.26	06:56:13.012	1.25389	1.25396			6
2024.12.26	06:56:13.321		1.25395			4
2024.12.26	06:56:14.547		1.25396			4
2024.12.26	06:56:18.244	1.25390				2
2024.12.26	06:56:21.324	1.25393	1.25399			6
2024.12.26	06:56:23.475	1.25392	1.25398			6
2024.12.26	06:56:23.787		1.25399			4
2024.12.26	06:56:27.779		1.25398			4
2024.12.26	06:56:28.079		1.25399			4
2024.12.26	06:56:32.354		1.25398			4
2024.12.26	06:56:32.660		1.25399			4
2024.12.26	06:56:32.963	1.25391	1.25397			6
2024.12.26	06:56:33.887		1.25396			4
2024.12.26	06:56:34.192	1.25392	1.25397			6
2024.12.26	06:56:34.802	1.25394	1.25399			6
2024.12.26	06:56:37.867		1.25401			4
2024.12.26	06:56:42.158	1.25395	1.25400			6
2024.12.26	06:56:42.460		1.25397			4
2024.12.26	06:56:42.769	1.25397	1.25399			6
2024.12.26	06:56:43.381		1.25402			4
2024.12.26	06:56:44.615	1.25393	1.25398			6
2024.12.26	06:56:45.231	1.25392	1.25397			6
2024.12.26	06:56:45.539	1.25390	1.25396			6
2024.12.26	06:56:54.751	1.25392	1.25397			6
2024.12.26	06:57:00.291	1.25392				2
2024.12.26	06:57:02.440		1.25396			4
2024.12.26	06:57:04.887	1.25391				2
2024.12.26	06:57:25.092		1.25395			4
2024.12.26	06:57:25.711		1.25396			4
2024.12.26	06:57:26.012		1.25395			4
2024.12.26	06:57:30.607	1.25390				2
2024.12.26	06:57:31.219		1.25393			4
2024.12.26	06:57:31.523	1.25389	1.25394			6
2024.12.26	06:57:33.670	1.25385	1.25391			6
2024.12.26	06:57:34.287		1.25392			4
2024.12.26	06:57:43.173		1.25391			4
2024.12.26	06:57:44.395	1.25386	1.25392			6
2024.12.26	06:57:45.315	1.25385	1.25391			6
2024.12.26	06:57:45.625		1.25392			4
2024.12.26	06:57:46.534		1.25391			4
2024.12.26	06:57:47.140		1.25392			4
2024.12.26	06:57:47.761		1.25391			4
2024.12.26	06:57:49.916	1.25386	1.25392			6
2024.12.26	06:57:50.527	1.25385				2
2024.12.26	06:57:50.835	1.25384	1.25390			6
2024.12.26	06:57:52.058	1.25385	1.25391			6
2024.12.26	06:57:56.323		1.25390			4
2024.12.26	06:58:00.281	1.25385				2
2024.12.26	06:58:06.106		1.25389			4
2024.12.26	06:58:07.632	1.25386	1.25390			6
2024.12.26	06:58:08.254	1.25385	1.25389			6
2024.12.26	06:58:09.165	1.25384	1.25388			6
2024.12.26	06:58:09.471	1.25383	1.25387			6
2024.12.26	06:58:10.088		1.25388			4
2024.12.26	06:58:11.920		1.25387			4
2024.12.26	06:58:13.439	1.25381	1.25386			6
2024.12.26	06:58:13.748		1.25385			4
2024.12.26	06:58:14.364		1.25386			4
2024.12.26	06:58:15.288		1.25385			4
2024.12.26	06:58:15.593		1.25386			4
2024.12.26	06:58:17.440	1.25380				2
2024.12.26	06:58:18.360	1.25376	1.25381			6
2024.12.26	06:58:18.969	1.25379	1.25384			6
2024.12.26	06:58:21.421	1.25378				2
2024.12.26	06:58:26.317	1.25377	1.25385			6
2024.12.26	06:58:26.624		1.25383			4
2024.12.26	06:58:26.930	1.25378	1.25385			6
2024.12.26	06:58:27.851	1.25380				2
2024.12.26	06:58:28.157	1.25384	1.25391			6
2024.12.26	06:58:28.462	1.25388	1.25394			6
2024.12.26	06:58:31.218	1.25386				2
2024.12.26	06:58:31.527		1.25393			4
2024.12.26	06:58:33.361		1.25394			4
2024.12.26	06:58:34.282		1.25393			4
2024.12.26	06:58:35.507		1.25392			4
2024.12.26	06:58:36.430		1.25393			4
2024.12.26	06:58:38.279		1.25391			4
2024.12.26	06:58:38.582		1.25393			4
2024.12.26	06:58:38.892		1.25392			4
2024.12.26	06:58:39.201		1.25393			4
2024.12.26	06:58:49.693		1.25391			4
2024.12.26	06:58:51.227	1.25380	1.25386			6
2024.12.26	06:58:51.529	1.25383	1.25388			6
2024.12.26	06:58:53.376		1.25389			4
2024.12.26	06:58:58.940	1.25384	1.25390			6
2024.12.26	06:58:59.245		1.25391			4
2024.12.26	06:58:59.550	1.25383	1.25390			6
2024.12.26	06:58:59.859		1.25388			4
2024.12.26	06:59:00.169	1.25383	1.25389			6
2024.12.26	06:59:00.477		1.25388			4
2024.12.26	06:59:00.785		1.25389			4
2024.12.26	06:59:01.710		1.25388			4
2024.12.26	06:59:02.016		1.25387			4
2024.12.26	06:59:03.552		1.25388			4
2024.12.26	06:59:09.690	1.25382				2
2024.12.26	06:59:15.806		1.25389			4
2024.12.26	06:59:18.574	1.25383				2
2024.12.26	06:59:18.877		1.25390			4
2024.12.26	06:59:19.183	1.25382	1.25389			6
2024.12.26	06:59:37.661	1.25383				2
2024.12.26	06:59:38.276	1.25382				2
2024.12.26	06:59:38.587	1.25383				2
2024.12.26	06:59:38.896	1.25382				2
2024.12.26	06:59:40.132	1.25383				2
2024.12.26	06:59:45.401	1.25384	1.25390			6
2024.12.26	06:59:46.003		1.25389			4
2024.12.26	06:59:46.304	1.25383	1.25388			6
2024.12.26	06:59:48.440		1.25387			4
2024.12.26	06:59:49.351	1.25380	1.25384			6
2024.12.26	06:59:49.658		1.25383			4
2024.12.26	06:59:53.040		1.25385			4
2024.12.26	06:59:54.584		1.25384			4
2024.12.26	06:59:57.357	1.25378	1.25385			6
2024.12.26	07:00:00.122	1.25378				2
2024.12.26	07:00:03.820		1.25382			4
2024.12.26	07:00:06.271		1.25384			4
2024.12.26	07:00:08.126		1.25386			4
2024.12.26	07:00:13.057		1.25385			4
2024.12.26	07:00:14.287		1.25383			4
2024.12.26	07:00:17.983		1.25382			4
2024.12.26	07:00:18.598	1.25377				2
2024.12.26	07:00:20.138		1.25384			4
2024.12.26	07:00:20.754		1.25383			4
2024.12.26	07:00:21.374	1.25378				2
2024.12.26	07:00:22.290	1.25379	1.25384			6
2024.12.26	07:00:22.897		1.25385			4
2024.12.26	07:00:23.508	1.25378				2
2024.12.26	07:00:25.378		1.25384			4
2024.12.26	07:00:26.296	1.25379	1.25385			6
2024.12.26	07:00:28.131	1.25380				2
2024.12.26	07:00:32.112		1.25384			4
2024.12.26	07:00:34.251	1.25379	1.25383			6
2024.12.26	07:00:37.902	1.25380	1.25384			6
2024.12.26	07:00:40.357	1.25381				2
2024.12.26	07:00:46.767	1.25380	1.25383			6
2024.12.26	07:00:48.588	1.25381	1.25384			6
2024.12.26	07:00:49.815	1.25380	1.25383			6
2024.12.26	07:00:50.117	1.25381	1.25384			6
2024.12.26	07:00:51.334	1.25380	1.25383			6
2024.12.26	07:01:00.197	1.25380				2
2024.12.26	07:01:02.343	1.25383	1.25386			6
2024.12.26	07:01:03.259	1.25381	1.25385			6
2024.12.26	07:01:07.236	1.25382				2
2024.12.26	07:01:16.081		1.25383			4
2024.12.26	07:01:23.721	1.25386	1.25387			6
2024.12.26	07:01:24.026	1.25387	1.25388			6
2024.12.26	07:01:24.331	1.25384				2
2024.12.26	07:01:24.948	1.25386	1.25389			6
2024.12.26	07:01:35.721		1.25390			4
2024.12.26	07:01:36.029	1.25389	1.25391			6
2024.12.26	07:01:36.340	1.25388				2
2024.12.26	07:01:36.950	1.25387				2
2024.12.26	07:01:41.263	1.25388				2
2024.12.26	07:01:42.498	1.25387	1.25390			6
2024.12.26	07:01:48.643		1.25389			4
2024.12.26	07:01:48.948		1.25390			4
2024.12.26	07:01:49.251	1.25386	1.25389			6
2024.12.26	07:01:50.167	1.25385				2
2024.12.26	07:01:50.476	1.25386				2
2024.12.26	07:01:52.621	1.25387	1.25390			6
2024.12.26	07:01:55.059		1.25389			4
2024.12.26	07:01:55.368	1.25386				2
2024.12.26	07:01:56.583	1.25387	1.25390			6
2024.12.26	07:01:57.190	1.25386				2
2024.12.26	07:01:57.493	1.25387				2
2024.12.26	07:01:58.113	1.25388				2
2024.12.26	07:01:59.939	1.25386	1.25389			6
2024.12.26	07:02:00.251	1.25387	1.25390			6
2024.12.26	07:02:00.556	1.25385	1.25388			6
2024.12.26	07:02:00.865	1.25386				2
2024.12.26	07:02:01.472	1.25387	1.25390			6
2024.12.26	07:02:02.398	1.25386	1.25389			6
2024.12.26	07:02:02.711	1.25387				2
2024.12.26	07:02:09.760	1.25389	1.25391			6
2024.12.26	07:02:10.064	1.25388				2
2024.12.26	07:02:12.209	1.25389				2
2024.12.26	07:02:14.344		1.25390			4
2024.12.26	07:02:14.648	1.25388	1.25389			6
2024.12.26	07:02:16.786		1.25391			4
2024.12.26	07:02:18.312	1.25387	1.25389			6
2024.12.26	07:02:21.373		1.25388			4
2024.12.26	07:02:21.678	1.25386				2
2024.12.26	07:02:22.591	1.25387				2
2024.12.26	07:02:27.795	1.25386				2
2024.12.26	07:02:29.945		1.25389			4
2024.12.26	07:02:33.003		1.25388			4
2024.12.26	07:02:50.429	1.25387				2
2024.12.26	07:02:59.566		1.25390			4
2024.12.26	07:03:00.174	1.25387				2
2024.12.26	07:03:02.627	1.25386	1.25388			6
2024.12.26	07:03:02.929	1.25387				2
2024.12.26	07:03:10.281	1.25388	1.25390			6
2024.12.26	07:03:29.685	1.25387	1.25388			6
2024.12.26	07:03:29.996	1.25386				2
2024.12.26	07:03:45.365	1.25385				2
2024.12.26	07:04:00.102	1.25385				2
2024.12.26	07:04:04.102		1.25387			4
2024.12.26	07:04:04.403	1.25384	1.25386			6
2024.12.26	07:04:04.715	1.25383	1.25385			6
2024.12.26	07:04:06.857		1.25386			4
2024.12.26	07:04:07.474		1.25385			4
2024.12.26	07:04:08.092		1.25386			4
2024.12.26	07:04:08.396		1.25385			4
2024.12.26	07:04:09.012		1.25386			4
2024.12.26	07:04:09.627		1.25385			4
2024.12.26	07:04:09.928		1.25386			4
2024.12.26	07:04:10.233	1.25384				2
2024.12.26	07:04:14.522		1.25387			4
2024.12.26	07:04:19.423		1.25386			4
2024.12.26	07:04:21.568	1.25385				2
2024.12.26	07:04:24.634		1.25387			4
2024.12.26	07:04:27.994	1.25384	1.25386			6
2024.12.26	07:04:29.220	1.25385	1.25387			6
2024.12.26	07:04:42.080		1.25388			4
2024.12.26	07:04:47.914		1.25387			4
2024.12.26	07:05:00.169	1.25385				2
2024.12.26	07:05:04.160		1.25388			4
2024.12.26	07:05:05.381	1.25387				2
2024.12.26	07:05:10.010		1.25389			4
2024.12.26	07:05:10.621	1.25388	1.25391			6
2024.12.26	07:05:15.237		1.25389			4
2024.12.26	07:05:20.451		1.25390			4
2024.12.26	07:05:22.292		1.25391			4
2024.12.26	07:05:29.027	1.25389				2
2024.12.26	07:05:31.780		1.25390			4
2024.12.26	07:05:33.312	1.25388				2
2024.12.26	07:05:35.153	1.25389				2
2024.12.26	07:05:36.074		1.25391			4
2024.12.26	07:05:36.682	1.25388				2
2024.12.26	07:05:40.503	1.25390	1.25392			6
2024.12.26	07:05:41.118	1.25389				2
2024.12.26	07:05:49.729	1.25390	1.25393			6
2024.12.26	07:05:54.971	1.25391				2
2024.12.26	07:05:55.281	1.25390				2
2024.12.26	07:05:58.368	1.25391				2
2024.12.26	07:06:00.217	1.25391				2
2024.12.26	07:06:02.381	1.25392				2
2024.12.26	07:06:06.387	1.25391				2
2024.12.26	07:06:10.995	1.25392				2
2024.12.26	07:06:13.137	1.25391				2
2024.12.26	07:06:15.892	1.25392				2
2024.12.26	07:06:20.169	1.25391				2
2024.12.26	07:06:21.390	1.25392				2
2024.12.26	07:06:26.291	1.25391				2
2024.12.26	07:06:30.571	1.25392				2
2024.12.26	07:06:32.407	1.25391				2
2024.12.26	07:06:33.320	1.25392				2
2024.12.26	07:06:34.234	1.25391				2
2024.12.26	07:06:36.066	1.25392				2
2024.12.26	07:06:38.206	1.25391				2
2024.12.26	07:06:39.127	1.25392				2
2024.12.26	07:06:39.431	1.25391				2
2024.12.26	07:06:40.351	1.25392				2
2024.12.26	07:06:41.884	1.25391				2
2024.12.26	07:06:42.188	1.25392				2
2024.12.26	07:06:42.494	1.25391				2
2024.12.26	07:06:44.636		1.25392			4
2024.12.26	07:06:46.477	1.25403	1.25404			6
2024.12.26	07:06:46.780	1.25404	1.25405			6
2024.12.26	07:06:47.401	1.25400	1.25402			6
2024.12.26	07:06:48.010		1.25401			4
2024.12.26	07:06:48.321	1.25398	1.25402			6
2024.12.26	07:06:48.628	1.25400	1.25403			6
2024.12.26	07:06:50.795	1.25401	1.25404			6
2024.12.26	07:06:51.098	1.25402	1.25405			6
2024.12.26	07:06:52.333	1.25403				2
2024.12.26	07:07:00.036	1.25403				2
2024.12.26	07:07:00.337		1.25404			4
2024.12.26	07:07:06.492	1.25402				2
2024.12.26	07:07:07.101		1.25406			4
2024.12.26	07:07:09.867		1.25404			4
2024.12.26	07:07:35.320		1.25403			4
2024.12.26	07:07:58.895		1.25405			4
2024.12.26	07:08:00.124	1.25402	1.25404			6
2024.12.26	07:08:01.782	1.25405	1.25406			6
2024.12.26	07:08:02.086		1.25408			4
2024.12.26	07:08:15.329	1.25406	1.25409			6
2024.12.26	07:08:16.565	1.25413	1.25416			6
2024.12.26	07:08:16.872	1.25415	1.25418			6
2024.12.26	07:08:17.489	1.25416				2
2024.12.26	07:08:18.719	1.25415				2
2024.12.26	07:08:26.694	1.25416				2
2024.12.26	07:08:27.916	1.25415				2
2024.12.26	07:08:31.591	1.25414	1.25416			6
2024.12.26	07:08:31.897		1.25417			4
2024.12.26	07:08:48.786		1.25416			4
2024.12.26	07:08:51.861		1.25417			4
2024.12.26	07:08:58.316	1.25413	1.25416			6
2024.12.26	07:08:58.929	1.25414	1.25415			6
2024.12.26	07:09:00.156	1.25414				2
2024.12.26	07:09:01.386	1.25413	1.25414			6
2024.12.26	07:09:01.693	1.25415	1.25418			6
2024.12.26	07:09:02.000	1.25417	1.25420			6
2024.12.26	07:09:02.311		1.25421			4
2024.12.26	07:09:04.444	1.25416	1.25418			6
2024.12.26	07:09:05.669		1.25420			4
2024.12.26	07:09:10.556	1.25418				2
2024.12.26	07:09:16.401	1.25416				2
2024.12.26	07:09:27.136	1.25417	1.25421			6
2024.12.26	07:09:27.438	1.25419	1.25422			6
2024.12.26	07:09:57.141	1.25420				2
2024.12.26	07:10:00.203	1.25420				2
2024.12.26	07:10:02.954	1.25418	1.25419			6
2024.12.26	07:10:04.166	1.25417				2
2024.12.26	07:10:06.311	1.25418				2
2024.12.26	07:10:10.884	1.25417				2
2024.12.26	07:10:13.647	1.25420	1.25422			6
2024.12.26	07:10:14.267	1.25421				2
2024.12.26	07:10:14.570	1.25420				2
2024.12.26	07:10:15.181	1.25419				2
2024.12.26	07:10:17.657	1.25422	1.25423			6
2024.12.26	07:10:45.227	1.25423	1.25424			6
2024.12.26	07:10:55.337	1.25422	1.25423			6
2024.12.26	07:11:00.239	1.25422				2
2024.12.26	07:11:01.463	1.25421	1.25422			6
2024.12.26	07:11:04.203	1.25420	1.25421			6
2024.12.26	07:11:15.222	1.25419				2
2024.12.26	07:11:16.140	1.25420				2
2024.12.26	07:11:51.946	1.25421	1.25422			6
2024.12.26	07:12:00.173	1.25421				2
2024.12.26	07:12:01.391	1.25420	1.25421			6
2024.12.26	07:12:04.458	1.25421	1.25422			6
2024.12.26	07:12:06.895	1.25419	1.25421			6
2024.12.26	07:12:07.508	1.25416	1.25418			6
2024.12.26	07:12:08.125	1.25415				2
2024.12.26	07:12:10.588	1.25416				2
2024.12.26	07:12:16.428		1.25417			4
2024.12.26	07:12:16.729	1.25415				2
2024.12.26	07:12:17.356	1.25414				2
2024.12.26	07:12:19.204	1.25415				2
2024.12.26	07:12:24.132	1.25416				2
2024.12.26	07:12:30.260	1.25415				2
2024.12.26	07:12:43.117	1.25416				2
2024.12.26	07:12:43.725	1.25419	1.25421			6
2024.12.26	07:12:44.349	1.25417				2
2024.12.26	07:12:53.223	1.25418				2
2024.12.26	07:12:55.061	1.25417				2
2024.12.26	07:12:55.366	1.25418				2
2024.12.26	07:12:55.674	1.25417				2
2024.12.26	07:12:56.297	1.25418				2
2024.12.26	07:13:00.290	1.25418				2
2024.12.26	07:13:03.043	1.25417				2
2024.12.26	07:13:05.196	1.25418				2
2024.12.26	07:13:11.035	1.25419				2
2024.12.26	07:13:14.103	1.25423	1.25425			6
2024.12.26	07:13:14.404	1.25424	1.25426			6
2024.12.26	07:13:14.720	1.25425				2
2024.12.26	07:13:15.330	1.25423				2
2024.12.26	07:13:19.322	1.25424	1.25428			6
2024.12.26	07:13:37.097		1.25427			4
2024.12.26	07:13:38.017		1.25428			4
2024.12.26	07:13:43.840	1.25427	1.25430			6
2024.12.26	07:13:44.146	1.25428	1.25431			6
2024.12.26	07:13:45.368	1.25427				2
2024.12.26	07:13:51.191	1.25434	1.25435			6
2024.12.26	07:13:59.462		1.25436			4
2024.12.26	07:14:00.077	1.25434				2
2024.12.26	07:14:06.521	1.25430	1.25432			6
2024.12.26	07:14:06.826	1.25422	1.25426			6
2024.12.26	07:14:11.718	1.25424	1.25427			6
2024.12.26	07:14:30.381		1.25428			4
2024.12.26	07:14:34.048	1.25425				2
2024.12.26	07:14:34.972	1.25424				2
2024.12.26	07:14:36.194	1.25425				2
2024.12.26	07:14:43.543	1.25424				2
2024.12.26	07:14:45.690	1.25422	1.25426			6
2024.12.26	07:14:45.994		1.25425			4
2024.12.26	07:14:57.315	1.25421	1.25424			6
2024.12.26	07:15:00.071	1.25421				2
2024.12.26	07:15:01.593	1.25422				2
2024.12.26	07:15:02.819		1.25425			4
2024.12.26	07:15:04.653	1.25421	1.25424			6
2024.12.26	07:15:04.964	1.25420				2
2024.12.26	07:15:05.268	1.25421				2
2024.12.26	07:15:08.940	1.25419	1.25423			6
2024.12.26	07:15:12.006	1.25423	1.25427			6
2024.12.26	07:15:17.332	1.25425	1.25429			6
2024.12.26	07:15:17.634		1.25428			4
2024.12.26	07:15:20.109		1.25427			4
2024.12.26	07:15:23.181		1.25428			4
2024.12.26	07:15:24.721	1.25426				2
2024.12.26	07:15:25.025	1.25427	1.25430			6
2024.12.26	07:15:29.652		1.25429			4
2024.12.26	07:15:29.962	1.25425	1.25428			6
2024.12.26	07:15:38.577	1.25426	1.25429			6
2024.12.26	07:15:40.108	1.25427				2
2024.12.26	07:15:41.028	1.25428	1.25430			6
2024.12.26	07:15:41.333	1.25427	1.25431			6
2024.12.26	07:15:41.640	1.25428				2
2024.12.26	07:15:57.913		1.25432			4
2024.12.26	07:16:00.054	1.25428				2
2024.12.26	07:16:14.119	1.25429				2
2024.12.26	07:16:26.331	1.25430				2
2024.12.26	07:16:39.755	1.25429	1.25431			6
2024.12.26	07:16:40.064	1.25434	1.25436			6
2024.12.26	07:16:41.281	1.25438	1.25441			6
2024.12.26	07:17:00.278	1.25438				2
2024.12.26	07:17:09.476	1.25436	1.25440			6
2024.12.26	07:17:11.918	1.25433	1.25436			6
2024.12.26	07:17:21.741	1.25435	1.25438			6
2024.12.26	07:17:34.307		1.25436			4
2024.12.26	07:17:35.212	1.25434				2
2024.12.26	07:17:36.126	1.25435	1.25438			6
2024.12.26	07:17:37.353		1.25436			4
2024.12.26	07:17:37.658	1.25434	1.25435			6
2024.12.26	07:17:38.882	1.25435	1.25437			6
2024.12.26	07:17:39.186	1.25434				2
2024.12.26	07:17:40.107	1.25435	1.25438			6
2024.12.26	07:17:40.416	1.25436				2
2024.12.26	07:17:40.717	1.25438	1.25440			6
2024.12.26	07:17:41.329	1.25436				2
2024.12.26	07:17:41.948	1.25435	1.25439			6
2024.12.26	07:17:42.258		1.25437			4
2024.12.26	07:17:49.609		1.25438			4
2024.12.26	07:17:53.913		1.25437			4
2024.12.26	07:17:59.431	1.25434				2
2024.12.26	07:18:00.040	1.25434				2
2024.12.26	07:18:02.487	1.25435				2
2024.12.26	07:18:05.255		1.25438			4
2024.12.26	07:18:07.100		1.25437			4
2024.12.26	07:18:09.559		1.25438			4
2024.12.26	07:18:11.705		1.25437			4
2024.12.26	07:18:15.979	1.25434	1.25435			6
2024.12.26	07:18:20.570	1.25432				2
2024.12.26	07:18:20.873		1.25434			4
2024.12.26	07:18:28.239	1.25433				2
2024.12.26	07:18:29.466	1.25432				2
2024.12.26	07:18:32.544	1.25433				2
2024.12.26	07:18:37.745	1.25432				2
2024.12.26	07:18:39.572	1.25433				2
2024.12.26	07:18:41.104	1.25432				2
2024.12.26	07:18:41.717	1.25433				2
2024.12.26	07:19:00.047	1.25433				2
2024.12.26	07:19:03.417	1.25432	1.25433			6
2024.12.26	07:19:03.725		1.25434			4
2024.12.26	07:19:12.313	1.25431	1.25433			6
2024.12.26	07:19:12.620	1.25432				2
2024.12.26	07:19:12.929	1.25431	1.25434			6
2024.12.26	07:19:20.389	1.25432				2
2024.12.26	07:19:25.297		1.25435			4
2024.12.26	07:19:26.212	1.25433				2
2024.12.26	07:19:27.436		1.25436			4
2024.12.26	07:19:41.531	1.25434				2
2024.12.26	07:19:45.815		1.25435			4
2024.12.26	07:19:55.001		1.25436			4
2024.12.26	07:19:59.277	1.25433	1.25434			6
2024.12.26	07:20:00.200	1.25433				2
2024.12.26	07:20:03.551		1.25435			4
2024.12.26	07:20:15.185	1.25435	1.25437			6
2024.12.26	07:20:24.361		1.25436			4
2024.12.26	07:20:38.775	1.25433	1.25434			6
2024.12.26	07:20:44.320		1.25436			4
2024.12.26	07:20:49.561		1.25435			4
2024.12.26	07:20:49.868		1.25436			4
2024.12.26	07:21:00.033	1.25433				2
2024.12.26	07:21:37.891		1.25434			4
2024.12.26	07:21:43.422	1.25437	1.25440			6
2024.12.26	07:21:43.726	1.25438				2
2024.12.26	07:21:44.352	1.25436				2
2024.12.26	07:21:46.511	1.25437	1.25441			6
2024.12.26	07:21:48.672	1.25440	1.25442			6
2024.12.26	07:21:50.203	1.25444	1.25445			6
2024.12.26	07:21:50.813	1.25443	1.25444			6
2024.12.26	07:21:51.736	1.25442				2
2024.12.26	07:21:59.413	1.25441				2
2024.12.26	07:21:59.713	1.25442				2
2024.12.26	07:22:00.019	1.25442				2
2024.12.26	07:22:00.327	1.25441				2
2024.12.26	07:22:04.617	1.25437	1.25440			6
2024.12.26	07:22:04.927		1.25439			4
2024.12.26	07:22:05.228		1.25441			4
2024.12.26	07:22:06.771	1.25428	1.25431			6
2024.12.26	07:22:07.081	1.25427	1.25429			6
2024.12.26	07:22:08.006		1.25431			4
2024.12.26	07:22:09.545	1.25428	1.25432			6
2024.12.26	07:22:55.029	1.25431	1.25435			6
2024.12.26	07:22:55.331	1.25432	1.25436			6
2024.12.26	07:22:56.253	1.25433				2
2024.12.26	07:23:00.250	1.25433				2
2024.12.26	07:23:09.188		1.25437			4
2024.12.26	07:23:11.038	1.25432	1.25436			6
2024.12.26	07:23:33.500	1.25442	1.25448			6
2024.12.26	07:23:33.813	1.25447				2
2024.12.26	07:23:34.115		1.25451			4
2024.12.26	07:23:34.423	1.25446				2
2024.12.26	07:23:34.734	1.25447				2
2024.12.26	07:23:35.038	1.25446				2
2024.12.26	07:23:37.498	1.25443	1.25448			6
2024.12.26	07:23:38.116	1.25442				2
2024.12.26	07:23:38.421	1.25445	1.25450			6
2024.12.26	07:23:38.723	1.25447	1.25451			6
2024.12.26	07:23:39.041	1.25448	1.25452			6
2024.12.26	07:23:41.502	1.25447	1.25451			6
2024.12.26	07:23:49.807	1.25446	1.25453			6
2024.12.26	07:23:50.725		1.25452			4
2024.12.26	07:23:54.726	1.25447	1.25453			6
2024.12.26	07:23:55.033	1.25446				2
2024.12.26	07:24:00.265	1.25446				2
2024.12.26	07:24:01.196		1.25452			4
2024.12.26	07:24:04.884		1.25451			4
2024.12.26	07:24:05.201		1.25453			4
2024.12.26	07:24:06.118	1.25447				2
2024.12.26	07:24:15.344		1.25454			4
2024.12.26	07:24:21.501	1.25444	1.25448			6
2024.12.26	07:24:24.890	1.25445	1.25449			6
2024.12.26	07:24:27.659		1.25448			4
2024.12.26	07:24:35.973	1.25444				2
2024.12.26	07:24:41.205	1.25443				2
2024.12.26	07:24:42.437	1.25442				2
2024.12.26	07:24:47.338	1.25443	1.25449			6
2024.12.26	07:24:54.408		1.25448			4
2024.12.26	07:25:00.228	1.25443				2
2024.12.26	07:25:05.728	1.25444				2
2024.12.26	07:25:08.783	1.25443				2
2024.12.26	07:25:18.586		1.25447			4
2024.12.26	07:25:37.840	1.25444				2
2024.12.26	07:25:45.797	1.25445				2
2024.12.26	07:25:47.017	1.25444				2
2024.12.26	07:26:00.160	1.25444				2
2024.12.26	07:26:00.465	1.25447	1.25450			6
2024.12.26	07:26:00.770	1.25448	1.25451			6
2024.12.26	07:26:01.384	1.25445	1.25448			6
2024.12.26	07:26:02.309	1.25444				2
2024.12.26	07:26:11.186	1.25447	1.25450			6
2024.12.26	07:26:11.492	1.25445	1.25448			6
2024.12.26	07:26:11.800	1.25446				2
2024.12.26	07:26:12.106		1.25450			4
2024.12.26	07:26:21.289	1.25448	1.25451			6
2024.12.26	07:26:22.204	1.25447				2
2024.12.26	07:26:23.125	1.25448				2
2024.12.26	07:26:25.275		1.25452			4
2024.12.26	07:26:25.576	1.25447	1.25451			6
2024.12.26	07:26:27.110	1.25448	1.25452			6
2024.12.26	07:26:32.311	1.25447	1.25451			6
2024.12.26	07:26:32.923		1.25449			4
2024.12.26	07:26:33.223	1.25446				2
2024.12.26	07:26:34.136	1.25445				2
2024.12.26	07:26:35.065		1.25448			4
2024.12.26	07:26:35.985		1.25449			4
2024.12.26	07:26:37.210	1.25446				2
2024.12.26	07:26:39.354		1.25450			4
2024.12.26	07:26:41.199	1.25447				2
2024.12.26	07:26:41.811	1.25448	1.25451			6
2024.12.26	07:26:45.155	1.25444	1.25447			6
2024.12.26	07:26:45.463	1.25441	1.25444			6
2024.12.26	07:26:46.377	1.25442	1.25445			6
2024.12.26	07:26:50.673		1.25446			4
2024.12.26	07:26:51.286		1.25445			4
2024.12.26	07:26:54.657		1.25446			4
2024.12.26	07:26:58.345		1.25445			4
2024.12.26	07:26:58.647		1.25446			4
2024.12.26	07:27:00.174	1.25442				2
2024.12.26	07:27:02.011		1.25445			4
2024.12.26	07:27:02.314		1.25446			4
2024.12.26	07:27:14.253		1.25445			4
2024.12.26	07:27:24.650	1.25441	1.25444			6
2024.12.26	07:27:25.260		1.25443			4
2024.12.26	07:27:25.565	1.25440				2
2024.12.26	07:27:26.179	1.25439				2
2024.12.26	07:27:29.231	1.25440				2
2024.12.26	07:27:49.504	1.25442	1.25444			6
2024.12.26	07:27:50.421	1.25440	1.25443			6
2024.12.26	07:27:53.503	1.25438	1.25439			6
2024.12.26	07:27:53.807	1.25437	1.25440			6
2024.12.26	07:27:55.334		1.25439			4
2024.12.26	07:28:00.220	1.25437				2
2024.12.26	07:28:02.668		1.25440			4
2024.12.26	07:28:03.577	1.25436	1.25439			6
2024.12.26	07:28:03.884	1.25435	1.25438			6
2024.12.26	07:28:04.802	1.25436	1.25439			6
2024.12.26	07:28:08.796	1.25437	1.25440			6
2024.12.26	07:28:10.011	1.25436	1.25439			6
2024.12.26	07:28:10.319	1.25437	1.25440			6
2024.12.26	07:28:10.932	1.25436	1.25438			6
2024.12.26	07:28:11.238	1.25437	1.25440			6
2024.12.26	07:28:21.022	1.25436	1.25439			6
2024.12.26	07:28:22.242	1.25437	1.25440			6
2024.12.26	07:28:22.555	1.25436	1.25439			6
2024.12.26	07:28:23.170	1.25437	1.25440			6
2024.12.26	07:28:23.482		1.25439			4
2024.12.26	07:28:23.784	1.25436				2
2024.12.26	07:28:24.399	1.25437				2
2024.12.26	07:28:24.703	1.25436				2
2024.12.26	07:28:26.822	1.25437	1.25440			6
2024.12.26	07:28:29.577	1.25438	1.25441			6
2024.12.26	07:28:36.302	1.25436	1.25439			6
2024.12.26	07:28:36.908	1.25441	1.25444			6
2024.12.26	07:28:38.136	1.25438				2
2024.12.26	07:28:39.359	1.25440				2
2024.12.26	07:28:39.672		1.25445			4
2024.12.26	07:28:39.974	1.25439				2
2024.12.26	07:28:40.277	1.25440				2
2024.12.26	07:28:41.204	1.25438	1.25444			6
2024.12.26	07:28:50.138	1.25439				2
2024.12.26	07:28:51.370		1.25443			4
2024.12.26	07:28:55.377	1.25440				2
2024.12.26	07:28:56.303	1.25439				2
2024.12.26	07:28:57.534	1.25440				2
2024.12.26	07:29:00.295	1.25440				2
2024.12.26	07:29:01.216	1.25441	1.25445			6
2024.12.26	07:29:03.366	1.25440	1.25443			6
2024.12.26	07:29:04.283		1.25444			4
2024.12.26	07:29:06.135		1.25443			4
2024.12.26	07:29:20.835	1.25442	1.25444			6
2024.12.26	07:29:21.452		1.25445			4
2024.12.26	07:29:23.594		1.25444			4
2024.12.26	07:29:23.900	1.25443	1.25445			6
2024.12.26	07:29:24.203		1.25446			4
2024.12.26	07:29:24.506	1.25445	1.25447			6
2024.12.26	07:29:25.110		1.25448			4
2024.12.26	07:29:26.644	1.25442	1.25445			6
2024.12.26	07:29:29.200	1.25441				2
2024.12.26	07:29:36.270	1.25442				2
2024.12.26	07:30:00.151	1.25443	1.25446			6
2024.12.26	07:30:00.765	1.25442	1.25445			6
2024.12.26	07:30:02.599	1.25443	1.25446			6
2024.12.26	07:30:48.567	1.25444				2
2024.12.26	07:30:51.321	1.25443				2
2024.12.26	07:30:53.766	1.25444				2
2024.12.26	07:30:56.835	1.25443				2
2024.12.26	07:30:57.444	1.25448	1.25450			6
2024.12.26	07:30:57.748		1.25451			4
2024.12.26	07:31:00.209	1.25448				2
2024.12.26	07:31:25.236	1.25450	1.25452			6
2024.12.26	07:31:25.541	1.25454	1.25455			6
2024.12.26	07:31:27.078	1.25453				2
2024.12.26	07:31:27.379		1.25456			4
2024.12.26	07:31:28.299	1.25452	1.25455			6
2024.12.26	07:31:30.450	1.25447	1.25451			6
2024.12.26	07:31:30.758	1.25445	1.25448			6
2024.12.26	07:31:31.986	1.25444	1.25449			6
2024.12.26	07:31:32.901	1.25445	1.25448			6
2024.12.26	07:31:35.053		1.25450			4
2024.12.26	07:31:37.214	1.25447	1.25451			6
2024.12.26	07:31:50.418		1.25452			4
2024.12.26	07:31:51.959		1.25450			4
2024.12.26	07:31:52.263	1.25446	1.25451			6
2024.12.26	07:31:59.037	1.25447				2
2024.12.26	07:31:59.348	1.25448	1.25452			6
2024.12.26	07:32:00.269	1.25448				2
2024.12.26	07:32:08.325	1.25447	1.25451			6
2024.12.26	07:32:31.312	1.25448				2
2024.12.26	07:32:32.538	1.25447				2
2024.12.26	07:32:33.757	1.25448				2
2024.12.26	07:32:34.978	1.25447				2
2024.12.26	07:32:35.898	1.25448				2
2024.12.26	07:32:36.509	1.25447				2
2024.12.26	07:32:39.871	1.25448				2
2024.12.26	07:32:40.174	1.25447				2
2024.12.26	07:32:41.102	1.25448				2
2024.12.26	07:32:43.540	1.25447				2
2024.12.26	07:32:46.300	1.25446	1.25449			6
2024.12.26	07:32:47.537	1.25445				2
2024.12.26	07:32:48.456		1.25448			4
2024.12.26	07:32:49.680	1.25447	1.25450			6
2024.12.26	07:32:50.906		1.25451			4
2024.12.26	07:32:51.518	1.25448				2
2024.12.26	07:32:52.132	1.25447				2
2024.12.26	07:32:57.361	1.25448				2
2024.12.26	07:32:58.279	1.25447				2
2024.12.26	07:32:59.196	1.25448				2
2024.12.26	07:33:00.108	1.25448				2
2024.12.26	07:33:06.236	1.25443	1.25446			6
2024.12.26	07:33:07.153	1.25442				2
2024.12.26	07:33:08.073		1.25447			4
2024.12.26	07:33:10.219	1.25444	1.25449			6
2024.12.26	07:33:10.527	1.25445				2
2024.12.26	07:33:11.138	1.25446	1.25451			6
2024.12.26	07:33:13.902	1.25447	1.25452			6
2024.12.26	07:33:25.870	1.25453	1.25455			6
2024.12.26	07:33:39.033	1.25450				2
2024.12.26	07:33:44.270	1.25449	1.25454			6
2024.12.26	07:33:44.575	1.25451				2
2024.12.26	07:33:51.341		1.25455			4
2024.12.26	07:33:51.644	1.25452				2
2024.12.26	07:34:00.205	1.25452				2
2024.12.26	07:34:11.205	1.25453				2
2024.12.26	07:34:14.885	1.25452				2
2024.12.26	07:34:15.804	1.25450	1.25452			6
2024.12.26	07:34:17.326	1.25449				2
2024.12.26	07:34:26.179	1.25450				2
2024.12.26	07:34:29.232	1.25449				2
2024.12.26	07:34:31.065	1.25450				2
2024.12.26	07:34:36.263	1.25449				2
2024.12.26	07:34:37.782	1.25450				2
2024.12.26	07:34:40.231	1.25447	1.25449			6
2024.12.26	07:34:40.538		1.25450			4
2024.12.26	07:34:41.147	1.25446				2
2024.12.26	07:34:42.382	1.25447	1.25451			6
2024.12.26	07:34:55.224	1.25448				2
2024.12.26	07:34:57.983	1.25447				2
2024.12.26	07:34:59.198	1.25448				2
2024.12.26	07:35:00.120	1.25448				2
2024.12.26	07:35:02.856	1.25447				2
2024.12.26	07:35:03.469	1.25446	1.25448			6
2024.12.26	07:35:03.783	1.25444	1.25446			6
2024.12.26	07:35:04.697	1.25442				2
2024.12.26	07:35:10.219	1.25443				2
2024.12.26	07:35:10.835	1.25442				2
2024.12.26	07:35:11.141	1.25443				2
2024.12.26	07:35:17.887	1.25446	1.25449			6
2024.12.26	07:35:18.194	1.25449	1.25451			6
2024.12.26	07:35:19.110	1.25453	1.25455			6
2024.12.26	07:35:28.295	1.25454	1.25458			6
2024.12.26	07:35:28.599	1.25455				2
2024.12.26	07:35:31.050		1.25459			4
2024.12.26	07:35:34.731		1.25458			4
2024.12.26	07:35:35.960	1.25456	1.25459			6
2024.12.26	07:35:37.185	1.25455				2
2024.12.26	07:35:38.112		1.25458			4
2024.12.26	07:35:38.416		1.25459			4
2024.12.26	07:35:39.030		1.25458			4
2024.12.26	07:35:39.336		1.25459			4
2024.12.26	07:35:39.638		1.25458			4
2024.12.26	07:35:41.773		1.25457			4
2024.12.26	07:35:43.313	1.25454	1.25456			6
2024.12.26	07:35:43.617	1.25451	1.25455			6
2024.12.26	07:35:43.920		1.25456			4
2024.12.26	07:35:44.232		1.25455			4
2024.12.26	07:35:45.452	1.25453	1.25456			6
2024.12.26	07:35:45.758	1.25455	1.25458			6
2024.12.26	07:35:46.065	1.25462	1.25468			6
2024.12.26	07:35:49.741		1.25467			4
2024.12.26	07:35:50.656	1.25456	1.25462			6
2024.12.26	07:35:53.715		1.25463			4
2024.12.26	07:35:56.473		1.25462			4
2024.12.26	07:36:00.146	1.25456	1.25460			6
2024.12.26	07:36:00.454	1.25457				2
2024.12.26	07:36:00.761	1.25456				2
2024.12.26	07:36:01.067	1.25460	1.25466			6
2024.12.26	07:36:02.290	1.25459				2
2024.12.26	07:36:03.516	1.25458				2
2024.12.26	07:36:04.128		1.25465			4
2024.12.26	07:36:04.437	1.25459				2
2024.12.26	07:36:06.279	1.25458				2
2024.12.26	07:36:10.562	1.25459	1.25466			6
2024.12.26	07:36:11.181	1.25460				2
2024.12.26	07:36:12.406	1.25455	1.25461			6
2024.12.26	07:36:12.710	1.25454				2
2024.12.26	07:36:13.018	1.25455				2
2024.12.26	07:36:13.630	1.25456				2
2024.12.26	07:36:22.521		1.25460			4
2024.12.26	07:36:25.274		1.25461			4
2024.12.26	07:36:27.422		1.25462			4
2024.12.26	07:36:30.493	1.25457				2
2024.12.26	07:36:32.323		1.25461			4
2024.12.26	07:36:33.554	1.25455	1.25459			6
2024.12.26	07:36:33.865	1.25457	1.25461			6
2024.12.26	07:36:48.867	1.25458				2
2024.12.26	07:36:53.473	1.25457				2
2024.12.26	07:36:53.782	1.25458				2
2024.12.26	07:36:54.089	1.25457	1.25460			6
2024.12.26	07:36:54.700	1.25458	1.25461			6
2024.12.26	07:36:58.078	1.25457				2
2024.12.26	07:36:58.990	1.25458				2
2024.12.26	07:37:00.214	1.25458				2
2024.12.26	07:37:00.825		1.25460			4
2024.12.26	07:37:05.432		1.25461			4
2024.12.26	07:37:08.186	1.25456	1.25459			6
2024.12.26	07:37:08.489	1.25455	1.25458			6
2024.12.26	07:37:09.107	1.25456	1.25459			6
2024.12.26	07:37:12.190	1.25455	1.25458			6
2024.12.26	07:37:13.423	1.25454				2
2024.12.26	07:37:13.725	1.25455	1.25459			6
2024.12.26	07:37:16.513		1.25458			4
2024.12.26	07:37:19.609		1.25459			4
2024.12.26	07:37:19.917		1.25458			4
2024.12.26	07:37:28.807	1.25453	1.25457			6
2024.12.26	07:37:34.301	1.25455	1.25458			6
2024.12.26	07:37:37.960	1.25458	1.25461			6
2024.12.26	07:37:38.262	1.25459	1.25462			6
2024.12.26	07:37:40.425	1.25456	1.25459			6
2024.12.26	07:37:43.497	1.25458	1.25461			6
2024.12.26	07:37:51.749	1.25459				2
2024.12.26	07:38:00.299	1.25459				2
2024.12.26	07:38:03.052		1.25462			4
2024.12.26	07:38:04.271	1.25458	1.25461			6
2024.12.26	07:38:13.178	1.25456	1.25459			6
2024.12.26	07:38:13.785		1.25458			4
2024.12.26	07:38:14.088	1.25457	1.25459			6
2024.12.26	07:38:14.390	1.25458	1.25460			6
2024.12.26	07:38:15.316	1.25457				2
2024.12.26	07:38:16.839	1.25458	1.25461			6
2024.12.26	07:38:22.030		1.25460			4
2024.12.26	07:38:24.177	1.25457				2
2024.12.26	07:38:25.408	1.25458				2
2024.12.26	07:38:26.628		1.25461			4
2024.12.26	07:38:27.869	1.25462	1.25465			6
2024.12.26	07:38:28.178		1.25464			4
2024.12.26	07:38:28.481	1.25464	1.25466			6
2024.12.26	07:38:28.792	1.25465				2
2024.12.26	07:38:29.098	1.25463				2
2024.12.26	07:38:29.402		1.25468			4
2024.12.26	07:38:33.716		1.25467			4
2024.12.26	07:38:34.334		1.25466			4
2024.12.26	07:38:34.944		1.25467			4
2024.12.26	07:38:35.252		1.25466			4
2024.12.26	07:38:35.559	1.25461				2
2024.12.26	07:38:39.282		1.25463			4
2024.12.26	07:38:39.895	1.25463	1.25465			6
2024.12.26	07:38:41.125		1.25464			4
2024.12.26	07:38:42.049		1.25466			4
2024.12.26	07:38:42.364		1.25464			4
2024.12.26	07:38:43.594		1.25468			4
2024.12.26	07:38:45.134	1.25464	1.25469			6
2024.12.26	07:39:00.223	1.25464				2
2024.12.26	07:39:03.616		1.25467			4
2024.12.26	07:39:06.696	1.25465	1.25469			6
2024.12.26	07:39:08.229	1.25464				2
2024.12.26	07:39:09.142	1.25465	1.25471			6
2024.12.26	07:39:18.639	1.25469	1.25473			6
2024.12.26	07:39:19.252	1.25468				2
2024.12.26	07:39:25.108	1.25469				2
2024.12.26	07:39:32.163	1.25470				2
2024.12.26	07:39:36.141		1.25474			4
2024.12.26	07:39:38.902	1.25471				2
2024.12.26	07:39:39.517	1.25470				2
2024.12.26	07:39:39.829	1.25469	1.25473			6
2024.12.26	07:39:41.359	1.25470	1.25474			6
2024.12.26	07:39:45.330		1.25473			4
2024.12.26	07:39:46.027	1.25473	1.25476			6
2024.12.26	07:39:46.331	1.25475	1.25478			6
2024.12.26	07:39:47.252	1.25474	1.25479			6
2024.12.26	07:39:50.653		1.25478			4
2024.12.26	07:39:51.577		1.25479			4
2024.12.26	07:39:54.337		1.25478			4
2024.12.26	07:40:00.185	1.25474				2
2024.12.26	07:40:04.791		1.25480			4
2024.12.26	07:40:05.102		1.25479			4
2024.12.26	07:40:06.782	1.25475				2
2024.12.26	07:40:07.086	1.25474				2
2024.12.26	07:40:08.013		1.25478			4
2024.12.26	07:40:11.707	1.25473				2
2024.12.26	07:40:12.019		1.25476			4
2024.12.26	07:40:12.326		1.25477			4
2024.12.26	07:40:14.787	1.25471				2
2024.12.26	07:40:20.006		1.25476			4
2024.12.26	07:40:20.930		1.25475			4
2024.12.26	07:40:23.684		1.25476			4
2024.12.26	07:40:25.522		1.25475			4
2024.12.26	07:40:26.750		1.25476			4
2024.12.26	07:40:27.677	1.25470				2
2024.12.26	07:40:27.979		1.25475			4
2024.12.26	07:40:29.811		1.25476			4
2024.12.26	07:40:30.125	1.25471				2
2024.12.26	07:40:31.034	1.25473	1.25478			6
2024.12.26	07:40:37.480	1.25474	1.25479			6
2024.12.26	07:40:37.787	1.25475				2
2024.12.26	07:40:38.097	1.25474				2
2024.12.26	07:40:44.255	1.25475				2
2024.12.26	07:40:45.172	1.25474	1.25478			6
2024.12.26	07:40:45.477		1.25479			4
2024.12.26	07:40:46.405	1.25475				2
2024.12.26	07:40:48.858	1.25474				2
2024.12.26	07:40:49.786		1.25480			4
2024.12.26	07:40:50.089		1.25479			4
2024.12.26	07:40:51.316	1.25476	1.25480			6
2024.12.26	07:40:51.620		1.25479			4
2024.12.26	07:40:52.230	1.25475	1.25480			6
2024.12.26	07:40:52.545		1.25479			4
2024.12.26	07:40:52.855		1.25480			4
2024.12.26	07:40:53.465	1.25476				2
2024.12.26	07:40:57.158	1.25475	1.25479			6
2024.12.26	07:40:58.383	1.25474				2
2024.12.26	07:40:58.693		1.25478			4
2024.12.26	07:40:59.310		1.25479			4
2024.12.26	07:41:00.228	1.25474				2
2024.12.26	07:41:02.385		1.25478			4
2024.12.26	07:41:04.853		1.25479			4
2024.12.26	07:41:05.776		1.25478			4
2024.12.26	07:41:06.084		1.25479			4
2024.12.26	07:41:07.318	1.25470	1.25475			6
2024.12.26	07:41:07.626		1.25474			4
2024.12.26	07:41:07.930		1.25475			4
2024.12.26	07:41:08.239		1.25476			4
2024.12.26	07:41:08.543		1.25475			4
2024.12.26	07:41:24.569	1.25466	1.25472			6
2024.12.26	07:41:27.022		1.25473			4
2024.12.26	07:41:41.437		1.25472			4
2024.12.26	07:41:50.314		1.25473			4
2024.12.26	07:41:56.139		1.25472			4
2024.12.26	07:41:56.443		1.25473			4
2024.12.26	07:41:57.049		1.25472			4
2024.12.26	07:41:57.965		1.25473			4
2024.12.26	07:41:58.266		1.25472			4
2024.12.26	07:42:00.110	1.25466				2
2024.12.26	07:42:03.165		1.25471			4
2024.12.26	07:42:03.469		1.25472			4
2024.12.26	07:42:04.075		1.25471			4
2024.12.26	07:42:05.300		1.25472			4
2024.12.26	07:42:05.605	1.25465	1.25470			6
2024.12.26	07:42:05.906	1.25467	1.25473			6
2024.12.26	07:42:06.517	1.25466				2
2024.12.26	07:42:08.364	1.25467				2
2024.12.26	07:42:11.113		1.25472			4
2024.12.26	07:42:14.176	1.25468				2
2024.12.26	07:42:19.381		1.25471			4
2024.12.26	07:42:20.601	1.25469	1.25472			6
2024.12.26	07:42:22.443	1.25468	1.25471			6
2024.12.26	07:42:25.515	1.25469	1.25472			6
2024.12.26	07:42:26.133	1.25468	1.25471			6
2024.12.26	07:42:30.418	1.25469	1.25472			6
2024.12.26	07:42:44.489	1.25470	1.25473			6
2024.12.26	07:42:44.793	1.25469	1.25472			6
2024.12.26	07:42:45.102	1.25470	1.25473			6
2024.12.26	07:42:46.325	1.25469	1.25472			6
2024.12.26	07:42:53.373	1.25468	1.25471			6
2024.12.26	07:42:53.990	1.25469	1.25472			6
2024.12.26	07:42:57.361	1.25470	1.25473			6
2024.12.26	07:43:00.116	1.25470				2
2024.12.26	07:43:01.647	1.25471	1.25474			6
2024.12.26	07:43:01.953	1.25473	1.25476			6
2024.12.26	07:43:05.321	1.25475	1.25477			6
2024.12.26	07:43:06.242	1.25474				2
2024.12.26	07:43:07.156	1.25475				2
2024.12.26	07:43:10.524		1.25478			4
2024.12.26	07:43:20.623	1.25474	1.25477			6
2024.12.26	07:43:20.927	1.25475				2
2024.12.26	07:43:21.547	1.25474				2
2024.12.26	07:43:24.590	1.25475	1.25478			6
2024.12.26	07:43:34.979	1.25476	1.25479			6
2024.12.26	07:43:37.432	1.25475	1.25478			6
2024.12.26	07:43:45.683	1.25476	1.25479			6
2024.12.26	07:43:51.163	1.25475	1.25478			6
2024.12.26	07:43:58.509	1.25476	1.25479			6
2024.12.26	07:44:00.039	1.25476				2
2024.12.26	07:44:15.038	1.25477	1.25480			6
2024.12.26	07:44:17.482	1.25473	1.25476			6
2024.12.26	07:44:18.094	1.25474	1.25477			6
2024.12.26	07:44:18.400		1.25476			4
2024.12.26	07:44:23.011	1.25472	1.25475			6
2024.12.26	07:44:23.323	1.25471	1.25474			6
2024.12.26	07:44:24.246		1.25475			4
2024.12.26	07:44:33.479	1.25468	1.25472			6
2024.12.26	07:44:33.781	1.25469	1.25473			6
2024.12.26	07:44:35.310	1.25468				2
2024.12.26	07:44:37.775		1.25472			4
2024.12.26	07:44:38.387	1.25467				2
2024.12.26	07:44:40.854	1.25468				2
2024.12.26	07:44:43.617	1.25465	1.25471			6
2024.12.26	07:44:43.921	1.25466	1.25470			6
2024.12.26	07:44:44.228	1.25465	1.25471			6
2024.12.26	07:44:45.459	1.25467				2
2024.12.26	07:44:45.774	1.25465				2
2024.12.26	07:44:48.230		1.25470			4
2024.12.26	07:44:48.536		1.25471			4
2024.12.26	07:44:49.460		1.25470			4
2024.12.26	07:44:54.982	1.25467	1.25471			6
2024.12.26	07:44:55.285	1.25468	1.25472			6
2024.12.26	07:44:57.753	1.25466	1.25471			6
2024.12.26	07:44:59.293	1.25465				2
2024.12.26	07:45:00.213	1.25465				2
2024.12.26	07:45:02.669	1.25467	1.25472			6
2024.12.26	07:45:04.827	1.25465	1.25470			6
2024.12.26	07:45:06.058	1.25466	1.25471			6
2024.12.26	07:45:14.377	1.25467	1.25472			6
2024.12.26	07:45:16.840	1.25465	1.25469			6
2024.12.26	07:45:20.208	1.25463	1.25467			6
2024.12.26	07:45:27.252		1.25466			4
2024.12.26	07:45:27.557		1.25467			4
2024.12.26	07:45:30.010	1.25465	1.25470			6
2024.12.26	07:45:31.234	1.25467	1.25471			6
2024.12.26	07:45:50.287	1.25468	1.25472			6
2024.12.26	07:45:50.595	1.25465	1.25469			6
2024.12.26	07:45:53.352	1.25467	1.25471			6
2024.12.26	07:46:00.109	1.25467				2
2024.12.26	07:46:01.942	1.25468	1.25472			6
2024.12.26	07:46:22.209	1.25469				2
2024.12.26	07:46:22.512	1.25468				2
2024.12.26	07:46:24.964	1.25469				2
2024.12.26	07:46:25.275	1.25468				2
2024.12.26	07:46:25.581	1.25469				2
2024.12.26	07:46:30.781	1.25470				2
2024.12.26	07:46:31.389	1.25469				2
2024.12.26	07:46:32.295	1.25470				2
2024.12.26	07:46:39.024	1.25472	1.25474			6
2024.12.26	07:46:39.330	1.25471				2
2024.12.26	07:46:39.944	1.25472				2
2024.12.26	07:46:43.935	1.25471				2
2024.12.26	07:46:45.160	1.25472				2
2024.12.26	07:46:46.988		1.25475			4
2024.12.26	07:46:47.606	1.25473				2
2024.12.26	07:47:00.144	1.25473				2
2024.12.26	07:47:03.187	1.25472				2
2024.12.26	07:47:12.920	1.25471	1.25473			6
2024.12.26	07:47:19.051	1.25467	1.25470			6
2024.12.26	07:47:20.279		1.25471			4
2024.12.26	07:47:26.725	1.25465	1.25468			6
2024.12.26	07:47:27.036	1.25464				2
2024.12.26	07:47:33.792		1.25467			4
2024.12.26	07:47:38.694		1.25468			4
2024.12.26	07:47:50.930		1.25467			4
2024.12.26	07:47:53.980		1.25466			4
2024.12.26	07:47:57.040		1.25467			4
2024.12.26	07:47:58.268	1.25462				2
2024.12.26	07:48:00.101	1.25462	1.25466			6
2024.12.26	07:48:14.168		1.25465			4
2024.12.26	07:48:16.299	1.25463	1.25466			6
2024.12.26	07:48:16.603	1.25462	1.25465			6
2024.12.26	07:48:19.041	1.25464	1.25467			6
2024.12.26	07:48:19.343	1.25463	1.25468			6
2024.12.26	07:48:20.253		1.25467			4
2024.12.26	07:48:20.558	1.25462				2
2024.12.26	07:48:21.171		1.25466			4
2024.12.26	07:48:24.211	1.25463				2
2024.12.26	07:48:26.045		1.25467			4
2024.12.26	07:48:33.391	1.25462	1.25466			6
2024.12.26	07:48:34.001	1.25463	1.25467			6
2024.12.26	07:48:35.221	1.25462	1.25466			6
2024.12.26	07:48:35.525	1.25461	1.25465			6
2024.12.26	07:48:42.564	1.25457	1.25459			6
2024.12.26	07:48:42.866	1.25458	1.25461			6
2024.12.26	07:48:43.179	1.25457				2
2024.12.26	07:48:54.573	1.25458				2
2024.12.26	07:48:57.038		1.25462			4
2024.12.26	07:48:57.340		1.25461			4
2024.12.26	07:49:00.093	1.25458				2
2024.12.26	07:49:00.396	1.25457	1.25462			6
2024.12.26	07:49:00.700		1.25461			4
2024.12.26	07:49:02.240		1.25462			4
2024.12.26	07:49:02.547		1.25461			4
2024.12.26	07:49:04.074		1.25462			4
2024.12.26	07:49:04.381		1.25461			4
2024.12.26	07:49:08.692	1.25456				2
2024.12.26	07:49:09.306	1.25457				2
2024.12.26	07:49:15.142	1.25461	1.25464			6
2024.12.26	07:49:15.450	1.25459	1.25463			6
2024.12.26	07:49:24.656	1.25458				2
2024.12.26	07:49:24.961	1.25459				2
2024.12.26	07:49:26.806		1.25464			4
2024.12.26	07:49:27.107		1.25463			4
2024.12.26	07:49:31.109		1.25464			4
2024.12.26	07:49:33.264		1.25463			4
2024.12.26	07:49:33.876	1.25462	1.25466			6
2024.12.26	07:49:36.331	1.25463				2
2024.12.26	07:49:36.646	1.25462				2
2024.12.26	07:49:36.949	1.25461				2
2024.12.26	07:49:37.265		1.25465			4
2024.12.26	07:49:47.128		1.25466			4
2024.12.26	07:49:49.596		1.25464			4
2024.12.26	07:49:54.521		1.25465			4
2024.12.26	07:50:00.045	1.25461				2
2024.12.26	07:50:02.487		1.25466			4
2024.12.26	07:50:03.099	1.25460	1.25461			6
2024.12.26	07:50:03.406	1.25457				2
2024.12.26	07:50:03.707	1.25458	1.25462			6
2024.12.26	07:50:04.325	1.25459				2
2024.12.26	07:50:08.946		1.25463			4
2024.12.26	07:50:10.177	1.25457	1.25461			6
2024.12.26	07:50:16.958		1.25462			4
2024.12.26	07:50:18.192	1.25459	1.25463			6
2024.12.26	07:50:23.742		1.25464			4
2024.12.26	07:50:28.969		1.25463			4
2024.12.26	07:50:33.870		1.25464			4
2024.12.26	07:50:36.015	1.25462	1.25465			6
2024.12.26	07:50:36.318		1.25466			4
2024.12.26	07:50:36.934	1.25461				2
2024.12.26	07:50:37.246	1.25462	1.25467			6
2024.12.26	07:51:00.026	1.25462				2
2024.12.26	07:51:03.704		1.25466			4
2024.12.26	07:51:05.235	1.25464	1.25467			6
2024.12.26	07:51:05.538	1.25469	1.25472			6
2024.12.26	07:51:06.449		1.25473			4
2024.12.26	07:51:10.446	1.25472	1.25474			6
2024.12.26	07:51:11.368		1.25477			4
2024.12.26	07:51:12.600	1.25473				2
2024.12.26	07:51:16.903	1.25470				2
2024.12.26	07:51:18.134	1.25471				2
2024.12.26	07:51:24.927	1.25465	1.25471			6
2024.12.26	07:51:27.383	1.25466				2
2024.12.26	07:51:28.308	1.25465				2
2024.12.26	07:51:29.234	1.25466				2
2024.12.26	07:51:30.157		1.25473			4
2024.12.26	07:51:30.463	1.25468				2
2024.12.26	07:51:32.320		1.25472			4
2024.12.26	07:51:34.778		1.25473			4
2024.12.26	07:51:40.298		1.25472			4
2024.12.26	07:51:43.977		1.25471			4
2024.12.26	07:51:48.885		1.25472			4
2024.12.26	07:51:55.639		1.25473			4
2024.12.26	07:52:00.237	1.25468				2
2024.12.26	07:52:00.856	1.25465	1.25472			6
2024.12.26	07:52:03.924		1.25471			4
2024.12.26	07:52:04.234	1.25466				2
2024.12.26	07:52:05.153	1.25465				2
2024.12.26	07:52:06.373	1.25464	1.25470			6
2024.12.26	07:52:08.844	1.25466				2
2024.12.26	07:52:09.151	1.25468	1.25472			6
2024.12.26	07:52:15.936	1.25466				2
2024.12.26	07:52:16.244	1.25464	1.25469			6
2024.12.26	07:52:21.804	1.25465				2
2024.12.26	07:52:22.420	1.25464				2
2024.12.26	07:52:22.727	1.25465				2
2024.12.26	07:52:27.982	1.25466				2
2024.12.26	07:52:33.228	1.25465				2
2024.12.26	07:52:44.261		1.25470			4
2024.12.26	07:52:45.177	1.25466				2
2024.12.26	07:52:57.471	1.25465				2
2024.12.26	07:53:00.233	1.25465				2
2024.12.26	07:53:01.775		1.25469			4
2024.12.26	07:53:02.083		1.25470			4
2024.12.26	07:53:02.386		1.25469			4
2024.12.26	07:53:04.229		1.25470			4
2024.12.26	07:53:06.981	1.25460	1.25464			6
2024.12.26	07:53:08.207		1.25465			4
2024.12.26	07:53:08.524		1.25464			4
2024.12.26	07:53:13.117	1.25459	1.25463			6
2024.12.26	07:53:14.646		1.25462			4
2024.12.26	07:53:15.867	1.25458				2
2024.12.26	07:53:16.797	1.25459	1.25463			6
2024.12.26	07:53:17.101	1.25460				2
2024.12.26	07:53:22.013		1.25464			4
2024.12.26	07:53:23.232	1.25459	1.25463			6
2024.12.26	07:53:23.534	1.25460				2
2024.12.26	07:53:30.582	1.25458	1.25462			6
2024.12.26	07:53:30.883	1.25457				2
2024.12.26	07:53:31.190	1.25460	1.25463			6
2024.12.26	07:53:53.654	1.25457	1.25461			6
2024.12.26	07:53:53.957	1.25458	1.25462			6
2024.12.26	07:53:57.027	1.25457	1.25461			6
2024.12.26	07:53:58.258	1.25456				2
2024.12.26	07:54:00.109	1.25456				2
2024.12.26	07:54:05.955	1.25457				2
2024.12.26	07:54:07.493	1.25456				2
2024.12.26	07:54:10.264		1.25460			4
2024.12.26	07:54:13.305	1.25457	1.25461			6
2024.12.26	07:54:16.975	1.25458	1.25462			6
2024.12.26	07:54:22.800	1.25457	1.25461			6
2024.12.26	07:54:23.107		1.25462			4
2024.12.26	07:54:23.410	1.25458	1.25461			6
2024.12.26	07:54:23.719	1.25457				2
2024.12.26	07:54:31.379		1.25460			4
2024.12.26	07:54:50.951	1.25455	1.25457			6
2024.12.26	07:54:51.257		1.25459			4
2024.12.26	07:54:57.692		1.25458			4
2024.12.26	07:55:00.135	1.25457				2
2024.12.26	07:55:00.437	1.25456	1.25459			6
2024.12.26	07:55:01.356		1.25460			4
2024.12.26	07:55:07.488		1.25459			4
2024.12.26	07:55:07.790	1.25448	1.25450			6
2024.12.26	07:55:08.092		1.25452			4
2024.12.26	07:55:08.394	1.25447	1.25450			6
2024.12.26	07:55:08.699	1.25448				2
2024.12.26	07:55:09.005		1.25452			4
2024.12.26	07:55:10.530	1.25446	1.25447			6
2024.12.26	07:55:10.834	1.25448	1.25452			6
2024.12.26	07:55:12.061		1.25451			4
2024.12.26	07:55:13.586	1.25452	1.25454			6
2024.12.26	07:55:14.196	1.25454	1.25455			6
2024.12.26	07:55:16.644		1.25456			4
2024.12.26	07:55:19.404		1.25457			4
2024.12.26	07:55:19.705	1.25455				2
2024.12.26	07:55:20.021	1.25454				2
2024.12.26	07:55:20.330	1.25453	1.25456			6
2024.12.26	07:55:20.940	1.25454				2
2024.12.26	07:55:25.861		1.25457			4
2024.12.26	07:55:26.475	1.25453				2
2024.12.26	07:55:26.782	1.25454	1.25458			6
2024.12.26	07:55:27.099	1.25455				2
2024.12.26	07:55:27.401	1.25458	1.25460			6
2024.12.26	07:55:27.710	1.25457	1.25459			6
2024.12.26	07:55:33.246	1.25458	1.25461			6
2024.12.26	07:55:34.480	1.25457	1.25460			6
2024.12.26	07:55:40.910		1.25459			4
2024.12.26	07:55:41.524	1.25458				2
2024.12.26	07:55:41.831	1.25457				2
2024.12.26	07:55:42.140	1.25456	1.25457			6
2024.12.26	07:55:42.449		1.25460			4
2024.12.26	07:55:42.753	1.25458				2
2024.12.26	07:55:47.041	1.25457				2
2024.12.26	07:55:55.300	1.25456	1.25459			6
2024.12.26	07:55:55.603	1.25457				2
2024.12.26	07:55:55.905		1.25460			4
2024.12.26	07:55:56.522		1.25459			4
2024.12.26	07:55:57.137	1.25456				2
2024.12.26	07:55:58.361	1.25454	1.25456			6
2024.12.26	07:55:58.669	1.25452	1.25454			6
2024.12.26	07:56:00.202	1.25452				2
2024.12.26	07:56:00.818	1.25451				2
2024.12.26	07:56:01.121	1.25452				2
2024.12.26	07:56:02.349		1.25453			4
2024.12.26	07:56:02.657		1.25454			4
2024.12.26	07:56:03.269	1.25453				2
2024.12.26	07:56:03.582	1.25452				2
2024.12.26	07:56:03.892	1.25453				2
2024.12.26	07:56:12.180	1.25451	1.25453			6
2024.12.26	07:56:12.797		1.25452			4
2024.12.26	07:56:13.412	1.25446	1.25447			6
2024.12.26	07:56:16.187		1.25448			4
2024.12.26	07:56:16.487		1.25447			4
2024.12.26	07:56:16.793		1.25448			4
2024.12.26	07:56:17.106	1.25447				2
2024.12.26	07:56:18.643	1.25445	1.25447			6
2024.12.26	07:56:21.718		1.25446			4
2024.12.26	07:56:25.419	1.25446	1.25447			6
2024.12.26	07:56:27.581	1.25445	1.25446			6
2024.12.26	07:56:35.891	1.25444				2
2024.12.26	07:56:37.118	1.25445				2
2024.12.26	07:56:41.111		1.25447			4
2024.12.26	07:56:43.567	1.25444	1.25446			6
2024.12.26	07:56:50.342	1.25442	1.25445			6
2024.12.26	07:56:50.647	1.25440	1.25444			6
2024.12.26	07:56:57.726	1.25441				2
2024.12.26	07:57:00.180	1.25441				2
2024.12.26	07:57:00.489	1.25442	1.25445			6
2024.12.26	07:57:00.794	1.25443				2
2024.12.26	07:57:02.328	1.25442				2
2024.12.26	07:57:13.653	1.25441				2
2024.12.26	07:57:20.384	1.25440	1.25443			6
2024.12.26	07:57:20.698	1.25441				2
2024.12.26	07:57:26.504	1.25440				2
2024.12.26	07:57:31.093	1.25441				2
2024.12.26	07:57:35.100		1.25444			4
2024.12.26	07:57:42.440	1.25444	1.25446			6
2024.12.26	07:57:42.747	1.25443	1.25445			6
2024.12.26	07:57:43.057		1.25446			4
2024.12.26	07:57:43.666		1.25445			4
2024.12.26	07:57:44.576	1.25445	1.25446			6
2024.12.26	07:57:45.185	1.25444	1.25445			6
2024.12.26	07:57:45.491		1.25446			4
2024.12.26	07:57:45.793	1.25445				2
2024.12.26	07:57:46.099	1.25446	1.25447			6
2024.12.26	07:57:46.712	1.25445	1.25446			6
2024.12.26	07:57:47.315	1.25446	1.25447			6
2024.12.26	07:57:52.824	1.25445	1.25446			6
2024.12.26	07:57:53.129	1.25446	1.25447			6
2024.12.26	07:58:00.159	1.25446				2
2024.12.26	07:58:04.143	1.25444	1.25445			6
2024.12.26	07:58:05.674	1.25443				2
2024.12.26	07:58:05.978	1.25441				2
2024.12.26	07:58:07.816	1.25442				2
2024.12.26	07:58:09.343	1.25439	1.25442			6
2024.12.26	07:58:09.649	1.25440				2
2024.12.26	07:58:10.572	1.25443	1.25445			6
2024.12.26	07:58:12.110	1.25444				2
2024.12.26	07:58:13.032	1.25443	1.25444			6
2024.12.26	07:58:13.341	1.25444	1.25446			6
2024.12.26	07:58:13.958	1.25443	1.25445			6
2024.12.26	07:58:14.575	1.25444				2
2024.12.26	07:58:15.190	1.25443				2
2024.12.26	07:58:23.493	1.25444				2
2024.12.26	07:58:26.265	1.25443	1.25444			6
2024.12.26	07:58:26.885		1.25445			4
2024.12.26	07:58:27.809	1.25442	1.25444			6
2024.12.26	07:58:29.659		1.25445			4
2024.12.26	07:58:30.577	1.25449	1.25450			6
2024.12.26	07:58:30.886	1.25451	1.25453			6
2024.12.26	07:58:32.118	1.25454	1.25456			6
2024.12.26	07:58:32.728	1.25457	1.25458			6
2024.12.26	07:58:33.955		1.25460			4
2024.12.26	07:58:35.796	1.25458				2
2024.12.26	07:58:44.389		1.25461			4
2024.12.26	07:58:46.535	1.25456	1.25460			6
2024.12.26	07:58:51.439	1.25457	1.25461			6
2024.12.26	07:58:56.650	1.25456	1.25460			6
2024.12.26	07:58:59.103		1.25459			4
2024.12.26	07:59:00.021	1.25456				2
2024.12.26	07:59:02.166		1.25458			4
2024.12.26	07:59:02.467		1.25459			4
2024.12.26	07:59:04.603		1.25460			4
2024.12.26	07:59:04.907	1.25458	1.25461			6
2024.12.26	07:59:24.553	1.25457	1.25460			6
2024.12.26	07:59:24.857	1.25458	1.25461			6
2024.12.26	07:59:31.610	1.25447	1.25451			6
2024.12.26	07:59:31.921		1.25450			4
2024.12.26	07:59:32.229		1.25451			4
2024.12.26	07:59:34.378	1.25448				2
2024.12.26	07:59:34.683	1.25446	1.25449			6
2024.12.26	07:59:34.990	1.25448	1.25450			6
2024.12.26	07:59:37.445	1.25447				2
2024.12.26	07:59:39.898	1.25448				2
2024.12.26	07:59:40.817	1.25447				2
2024.12.26	07:59:41.128	1.25446				2
2024.12.26	07:59:44.189	1.25447				2
2024.12.26	07:59:47.255	1.25446				2
2024.12.26	07:59:47.562		1.25449			4
2024.12.26	07:59:55.234	1.25447	1.25451			6
2024.12.26	07:59:55.543		1.25450			4
2024.12.26	07:59:56.768		1.25451			4
2024.12.26	07:59:57.688		1.25450			4
2024.12.26	07:59:58.000	1.25448	1.25451			6
2024.12.26	07:59:59.218	1.25447				2
2024.12.26	08:00:00.138	1.25447				2
2024.12.26	08:00:00.451	1.25448				2
2024.12.26	08:00:00.753	1.25447	1.25450			6
2024.12.26	08:00:01.361	1.25439	1.25442			6
2024.12.26	08:00:01.666	1.25436	1.25437			6
2024.12.26	08:00:01.967		1.25439			4
2024.12.26	08:00:02.279	1.25424	1.25430			6
2024.12.26	08:00:02.583	1.25427				2
2024.12.26	08:00:03.821	1.25425	1.25428			6
2024.12.26	08:00:04.123	1.25427	1.25430			6
2024.12.26	08:00:06.289	1.25428	1.25431			6
2024.12.26	08:00:07.209	1.25438	1.25440			6
2024.12.26	08:00:07.519		1.25443			4
2024.12.26	08:00:07.825	1.25441	1.25444			6
2024.12.26	08:00:08.131		1.25446			4
2024.12.26	08:00:08.751		1.25445			4
2024.12.26	08:00:18.292		1.25444			4
2024.12.26	08:00:18.598		1.25445			4
2024.12.26	08:00:18.910	1.25442	1.25446			6
2024.12.26	08:00:19.214	1.25441	1.25445			6
2024.12.26	08:00:21.370	1.25437	1.25442			6
2024.12.26	08:00:21.678	1.25436	1.25441			6
2024.12.26	08:00:24.454	1.25437	1.25443			6
2024.12.26	08:00:25.990	1.25438				2
2024.12.26	08:00:29.686	1.25437	1.25442			6
2024.12.26	08:00:29.994	1.25439				2
2024.12.26	08:00:31.534	1.25437	1.25440			6
2024.12.26	08:00:31.842		1.25441			4
2024.12.26	08:00:36.771	1.25436	1.25439			6
2024.12.26	08:00:39.541	1.25433	1.25438			6
2024.12.26	08:00:48.139	1.25434	1.25439			6
2024.12.26	08:00:48.440	1.25438	1.25440			6
2024.12.26	08:00:50.591	1.25437				2
2024.12.26	08:00:51.811	1.25438				2
2024.12.26	08:00:56.153	1.25437				2
2024.12.26	08:00:56.460	1.25438				2
2024.12.26	08:00:56.764	1.25437				2
2024.12.26	08:00:57.376	1.25431	1.25434			6
2024.12.26	08:00:57.681	1.25429	1.25435			6
2024.12.26	08:00:57.988	1.25430				2
2024.12.26	08:00:58.294	1.25428				2
2024.12.26	08:00:58.906		1.25434			4
2024.12.26	08:01:00.137	1.25428				2
2024.12.26	08:01:01.983	1.25429				2
2024.12.26	08:01:02.914	1.25428				2
2024.12.26	08:01:05.075	1.25429				2
2024.12.26	08:01:08.151	1.25430	1.25436			6
2024.12.26	08:01:08.457	1.25431				2
2024.12.26	08:01:11.848		1.25437			4
2024.12.26	08:01:12.152		1.25436			4
2024.12.26	08:01:12.461	1.25433	1.25438			6
2024.12.26	08:01:17.690		1.25437			4
2024.12.26	08:01:25.041		1.25438			4
2024.12.26	08:01:25.651	1.25431	1.25436			6
2024.12.26	08:01:26.888		1.25437			4
2024.12.26	08:01:27.192	1.25430	1.25436			6
2024.12.26	08:01:27.500		1.25435			4
2024.12.26	08:01:30.272	1.25431	1.25436			6
2024.12.26	08:01:30.577		1.25435			4
2024.12.26	08:01:31.815		1.25437			4
2024.12.26	08:01:35.812	1.25429	1.25435			6
2024.12.26	08:01:36.740	1.25428				2
2024.12.26	08:01:38.898	1.25430				2
2024.12.26	08:01:42.279	1.25431	1.25437			6
2024.12.26	08:01:43.820	1.25432				2
2024.12.26	08:01:46.896	1.25433				2
2024.12.26	08:02:00.129	1.25433				2
2024.12.26	08:02:00.739	1.25434				2
2024.12.26	08:02:01.359	1.25437	1.25439			6
2024.12.26	08:02:01.662	1.25435				2
2024.12.26	08:02:02.276	1.25433				2
2024.12.26	08:02:12.447	1.25434				2
2024.12.26	08:02:13.365	1.25437	1.25440			6
2024.12.26	08:02:14.903	1.25436				2
2024.12.26	08:02:20.758	1.25437				2
2024.12.26	08:02:21.062	1.25436				2
2024.12.26	08:02:21.363	1.25432	1.25438			6
2024.12.26	08:02:25.064		1.25437			4
2024.12.26	08:02:27.213		1.25438			4
2024.12.26	08:02:30.903		1.25437			4
2024.12.26	08:02:33.985		1.25438			4
2024.12.26	08:02:35.519		1.25437			4
2024.12.26	08:02:39.829	1.25434	1.25439			6
2024.12.26	08:02:40.446	1.25433	1.25438			6
2024.12.26	08:02:42.921	1.25434				2
2024.12.26	08:02:43.531	1.25433	1.25437			6
2024.12.26	08:02:45.993		1.25438			4
2024.12.26	08:02:54.613	1.25436	1.25440			6
2024.12.26	08:02:54.920	1.25434	1.25439			6
2024.12.26	08:02:56.135	1.25433				2
2024.12.26	08:02:56.436		1.25438			4
2024.12.26	08:03:00.143	1.25433				2
2024.12.26	08:03:00.750	1.25431	1.25437			6
2024.12.26	08:03:04.121	1.25433				2
2024.12.26	08:03:07.566		1.25438			4
2024.12.26	08:03:13.207		1.25437			4
2024.12.26	08:03:15.679	1.25432				2
2024.12.26	08:03:17.517	1.25431				2
2024.12.26	08:03:19.654	1.25432				2
2024.12.26	08:03:23.628		1.25436			4
2024.12.26	08:03:24.842	1.25433	1.25437			6
2024.12.26	08:03:25.146		1.25436			4
2024.12.26	08:03:26.973		1.25437			4
2024.12.26	08:03:27.275		1.25436			4
2024.12.26	08:03:27.894		1.25437			4
2024.12.26	08:03:28.197		1.25436			4
2024.12.26	08:03:30.040		1.25437			4
2024.12.26	08:03:30.343		1.25436			4
2024.12.26	08:03:40.109	1.25436	1.25440			6
2024.12.26	08:03:40.728	1.25435				2
2024.12.26	08:03:41.030	1.25436				2
2024.12.26	08:03:41.643	1.25435				2
2024.12.26	08:03:41.960		1.25439			4
2024.12.26	08:03:45.957	1.25436	1.25440			6
2024.12.26	08:03:46.574	1.25437				2
2024.12.26	08:03:48.723	1.25432	1.25437			6
2024.12.26	08:03:49.030		1.25436			4
2024.12.26	08:03:49.337	1.25431				2
2024.12.26	08:03:51.489	1.25432	1.25437			6
2024.12.26	08:03:53.645	1.25433	1.25438			6
2024.12.26	08:04:00.131	1.25433				2
2024.12.26	08:04:02.904	1.25435	1.25439			6
2024.12.26	08:04:05.369	1.25437				2
2024.12.26	08:04:06.608	1.25436				2
2024.12.26	08:04:07.837	1.25435	1.25438			6
2024.12.26	08:04:13.669		1.25439			4
2024.12.26	08:04:13.973	1.25438	1.25441			6
2024.12.26	08:04:14.282	1.25441	1.25443			6
2024.12.26	08:04:14.587	1.25440				2
2024.12.26	08:04:14.894	1.25438	1.25444			6
2024.12.26	08:04:17.965		1.25442			4
2024.12.26	08:04:32.960	1.25441	1.25444			6
2024.12.26	08:04:36.312	1.25442	1.25445			6
2024.12.26	08:04:36.930	1.25441				2
2024.12.26	08:04:37.232	1.25442				2
2024.12.26	08:04:37.539	1.25441				2
2024.12.26	08:04:40.609	1.25440				2
2024.12.26	08:04:43.683	1.25441	1.25444			6
2024.12.26	08:04:44.295	1.25440	1.25445			6
2024.12.26	08:04:45.218	1.25441				2
2024.12.26	08:04:45.834		1.25444			4
2024.12.26	08:04:46.136	1.25439	1.25443			6
2024.12.26	08:04:48.585	1.25441				2
2024.12.26	08:04:51.640	1.25439				2
2024.12.26	08:04:51.953	1.25441	1.25444			6
2024.12.26	08:04:52.253	1.25440				2
2024.12.26	08:04:55.928	1.25441				2
2024.12.26	08:05:00.211	1.25440				2
2024.12.26	08:05:00.821	1.25447	1.25450			6
2024.12.26	08:05:01.127	1.25443	1.25449			6
2024.12.26	08:05:01.436	1.25441	1.25447			6
2024.12.26	08:05:01.745	1.25442				2
2024.12.26	08:05:02.359	1.25440				2
2024.12.26	08:05:02.666	1.25442				2
2024.12.26	08:05:03.593	1.25443				2
2024.12.26	08:05:04.207	1.25442				2
2024.12.26	08:05:05.134	1.25443	1.25448			6
2024.12.26	08:05:06.059	1.25444				2
2024.12.26	08:05:06.367	1.25443				2
2024.12.26	08:05:07.904	1.25444				2
2024.12.26	08:05:08.214	1.25443				2
2024.12.26	08:05:08.830	1.25444				2
2024.12.26	08:05:09.145	1.25443				2
2024.12.26	08:05:09.757	1.25444				2
2024.12.26	08:05:10.674	1.25445				2
2024.12.26	08:05:14.372	1.25444				2
2024.12.26	08:05:14.681	1.25443	1.25447			6
2024.12.26	08:05:15.295	1.25444				2
2024.12.26	08:05:24.537	1.25445				2
2024.12.26	08:05:24.841	1.25443				2
2024.12.26	08:05:25.768	1.25442				2
2024.12.26	08:05:34.661	1.25443				2
2024.12.26	08:05:34.964	1.25449	1.25450			6
2024.12.26	08:05:35.272	1.25452	1.25453			6
2024.12.26	08:05:35.580	1.25448				2
2024.12.26	08:05:39.586	1.25451				2
2024.12.26	08:05:39.893	1.25448				2
2024.12.26	08:05:40.508		1.25452			4
2024.12.26	08:05:43.886	1.25449				2
2024.12.26	08:05:46.039	1.25447	1.25449			6
2024.12.26	08:05:49.105	1.25445	1.25448			6
2024.12.26	08:05:56.478	1.25446				2
2024.12.26	08:06:00.180	1.25446				2
2024.12.26	08:06:06.627	1.25447	1.25449			6
2024.12.26	08:06:21.967		1.25451			4
2024.12.26	08:06:31.155	1.25445	1.25449			6
2024.12.26	08:06:35.461		1.25448			4
2024.12.26	08:06:36.080		1.25449			4
2024.12.26	08:06:39.166		1.25448			4
2024.12.26	08:06:40.086		1.25449			4
2024.12.26	08:06:42.239	1.25446				2
2024.12.26	08:06:44.396	1.25445				2
2024.12.26	08:06:48.391		1.25447			4
2024.12.26	08:06:52.054		1.25446			4
2024.12.26	08:07:00.029	1.25445				2
2024.12.26	08:07:05.835	1.25446	1.25447			6
2024.12.26	08:07:22.037		1.25448			4
2024.12.26	08:07:22.340	1.25447				2
2024.12.26	08:07:22.641	1.25446				2
2024.12.26	08:07:24.778	1.25445	1.25447			6
2024.12.26	08:07:30.597		1.25448			4
2024.12.26	08:07:36.112		1.25447			4
2024.12.26	08:07:38.248	1.25446				2
2024.12.26	08:07:38.862		1.25448			4
2024.12.26	08:07:48.072	1.25447				2
2024.12.26	08:07:48.683		1.25449			4
2024.12.26	08:07:53.251	1.25446	1.25448			6
2024.12.26	08:07:58.461	1.25444	1.25446			6
2024.12.26	08:07:58.767	1.25435	1.25436			6
2024.12.26	08:07:59.073	1.25434				2
2024.12.26	08:07:59.378	1.25432	1.25435			6
2024.12.26	08:07:59.689		1.25436			4
2024.12.26	08:08:00.305	1.25437	1.25438			6
2024.12.26	08:08:00.608	1.25436				2
2024.12.26	08:08:06.475	1.25433	1.25437			6
2024.12.26	08:08:07.084	1.25431				2
2024.12.26	08:08:16.878		1.25436			4
2024.12.26	08:08:21.157	1.25430				2
2024.12.26	08:08:21.466	1.25432				2
2024.12.26	08:08:25.765		1.25437			4
2024.12.26	08:08:26.685		1.25438			4
2024.12.26	08:08:33.427	1.25435	1.25439			6
2024.12.26	08:08:36.817	1.25432	1.25437			6
2024.12.26	08:08:54.936		1.25436			4
2024.12.26	08:08:57.068		1.25437			4
2024.12.26	08:08:57.376	1.25433				2
2024.12.26	08:08:58.293	1.25434	1.25438			6
2024.12.26	08:09:00.134	1.25434				2
2024.12.26	08:09:01.055	1.25432	1.25437			6
2024.12.26	08:09:04.427	1.25436	1.25438			6
2024.12.26	08:09:04.729	1.25438	1.25440			6
2024.12.26	08:09:06.881	1.25440	1.25441			6
2024.12.26	08:09:07.188	1.25441	1.25444			6
2024.12.26	08:09:07.499	1.25439	1.25443			6
2024.12.26	08:09:07.808	1.25438	1.25440			6
2024.12.26	08:09:09.036	1.25436				2
2024.12.26	08:09:10.265	1.25437				2
2024.12.26	08:09:14.872	1.25436				2
2024.12.26	08:09:19.185		1.25441			4
2024.12.26	08:09:19.798	1.25437				2
2024.12.26	08:09:22.883	1.25436				2
2024.12.26	08:09:24.735	1.25437				2
2024.12.26	08:09:25.967	1.25436				2
2024.12.26	08:09:26.281	1.25437				2
2024.12.26	08:09:29.675	1.25436				2
2024.12.26	08:09:41.683	1.25437				2
2024.12.26	08:09:49.655	1.25436				2
2024.12.26	08:10:00.106	1.25436				2
2024.12.26	08:10:00.408	1.25438	1.25443			6
2024.12.26	08:10:03.501	1.25437				2
2024.12.26	08:10:04.734	1.25438				2
2024.12.26	08:10:06.271	1.25437	1.25442			6
2024.12.26	08:10:07.818		1.25443			4
2024.12.26	08:10:08.433	1.25436	1.25442			6
2024.12.26	08:10:09.960		1.25443			4
2024.12.26	08:10:13.971	1.25437				2
2024.12.26	08:10:20.416	1.25438	1.25444			6
2024.12.26	08:10:21.029	1.25437	1.25443			6
2024.12.26	08:10:21.647	1.25438	1.25444			6
2024.12.26	08:10:21.951	1.25437	1.25443			6
2024.12.26	08:10:26.233		1.25442			4
2024.12.26	08:10:29.882		1.25441			4
2024.12.26	08:10:31.725	1.25440	1.25445			6
2024.12.26	08:10:35.096	1.25437	1.25442			6
2024.12.26	08:10:35.709		1.25443			4
2024.12.26	08:10:36.933	1.25436	1.25441			6
2024.12.26	08:10:37.855	1.25433	1.25439			6
2024.12.26	08:10:38.156	1.25434	1.25440			6
2024.12.26	08:10:40.306	1.25436				2
2024.12.26	08:10:40.611		1.25441			4
2024.12.26	08:10:50.741	1.25437				2
2024.12.26	08:11:00.249	1.25437				2
2024.12.26	08:11:12.801		1.25440			4
2024.12.26	08:11:15.868	1.25433	1.25438			6
2024.12.26	08:11:16.174	1.25434				2
2024.12.26	08:11:20.151	1.25432	1.25437			6
2024.12.26	08:11:25.049	1.25434	1.25439			6
2024.12.26	08:11:29.946	1.25435				2
2024.12.26	08:11:30.247	1.25436	1.25440			6
2024.12.26	08:11:32.691		1.25439			4
2024.12.26	08:11:33.001		1.25440			4
2024.12.26	08:11:38.479		1.25441			4
2024.12.26	08:11:41.224		1.25440			4
2024.12.26	08:11:43.057	1.25437				2
2024.12.26	08:11:50.392		1.25441			4
2024.12.26	08:11:53.758		1.25440			4
2024.12.26	08:11:54.065		1.25441			4
2024.12.26	08:12:00.180	1.25437				2
2024.12.26	08:12:01.104		1.25440			4
2024.12.26	08:12:08.728	1.25438	1.25441			6
2024.12.26	08:12:09.964	1.25437	1.25440			6
2024.12.26	08:12:10.575	1.25438	1.25441			6
2024.12.26	08:12:12.107	1.25437	1.25440			6
2024.12.26	08:12:12.715	1.25438	1.25441			6
2024.12.26	08:12:14.241	1.25437	1.25440			6
2024.12.26	08:12:14.854	1.25438	1.25441			6
2024.12.26	08:12:16.381	1.25437	1.25440			6
2024.12.26	08:12:16.997	1.25438	1.25441			6
2024.12.26	08:12:18.538	1.25437	1.25440			6
2024.12.26	08:12:19.161	1.25438	1.25441			6
2024.12.26	08:12:20.694	1.25437	1.25440			6
2024.12.26	08:12:21.303	1.25438	1.25441			6
2024.12.26	08:12:22.825	1.25437	1.25440			6
2024.12.26	08:12:23.441	1.25438	1.25441			6
2024.12.26	08:12:24.961	1.25437	1.25440			6
2024.12.26	08:12:25.571	1.25438	1.25441			6
2024.12.26	08:12:26.476	1.25437	1.25440			6
2024.12.26	08:12:27.085	1.25438	1.25441			6
2024.12.26	08:12:27.386	1.25437	1.25440			6
2024.12.26	08:12:27.700	1.25438	1.25441			6
2024.12.26	08:12:29.221	1.25437	1.25440			6
2024.12.26	08:12:31.661	1.25436	1.25439			6
2024.12.26	08:12:31.963	1.25437	1.25440			6
2024.12.26	08:12:33.500	1.25436	1.25439			6
2024.12.26	08:12:34.108	1.25437	1.25440			6
2024.12.26	08:12:35.953	1.25436	1.25439			6
2024.12.26	08:12:36.565	1.25437	1.25440			6
2024.12.26	08:12:39.627	1.25436	1.25438			6
2024.12.26	08:12:39.938	1.25435				2
2024.12.26	08:12:40.547	1.25436				2
2024.12.26	08:12:44.237	1.25438	1.25439			6
2024.12.26	08:12:50.678	1.25436				2
2024.12.26	08:12:50.988	1.25432	1.25435			6
2024.12.26	08:12:51.295		1.25438			4
2024.12.26	08:12:51.905	1.25435	1.25439			6
2024.12.26	08:13:00.170	1.25435				2
2024.12.26	08:13:00.786	1.25438	1.25441			6
2024.12.26	08:13:01.706	1.25439	1.25442			6
2024.12.26	08:13:21.727	1.25438				2
2024.12.26	08:13:22.030		1.25440			4
2024.12.26	08:13:34.061	1.25436	1.25439			6
2024.12.26	08:13:34.363	1.25439	1.25440			6
2024.12.26	08:13:34.669		1.25441			4
2024.12.26	08:13:39.616	1.25440	1.25443			6
2024.12.26	08:13:41.149		1.25442			4
2024.12.26	08:13:41.450		1.25443			4
2024.12.26	08:13:42.371	1.25439	1.25442			6
2024.12.26	08:13:43.608	1.25440	1.25443			6
2024.12.26	08:13:46.360		1.25442			4
2024.12.26	08:13:46.662	1.25439	1.25444			6
2024.12.26	08:13:48.200		1.25443			4
2024.12.26	08:13:50.350		1.25444			4
2024.12.26	08:13:52.798	1.25438	1.25443			6
2024.12.26	08:13:55.867	1.25439				2
2024.12.26	08:13:57.097		1.25442			4
2024.12.26	08:13:58.941		1.25443			4
2024.12.26	08:14:00.164	1.25439				2
2024.12.26	08:14:01.072	1.25438				2
2024.12.26	08:14:03.224	1.25439	1.25444			6
2024.12.26	08:14:04.762	1.25438	1.25443			6
2024.12.26	08:14:05.071	1.25445	1.25448			6
2024.12.26	08:14:05.381		1.25449			4
2024.12.26	08:14:06.295	1.25443				2
2024.12.26	08:14:08.448	1.25442				2
2024.12.26	08:14:12.121		1.25446			4
2024.12.26	08:14:16.709	1.25443	1.25449			6
2024.12.26	08:14:17.011		1.25450			4
2024.12.26	08:14:19.158	1.25444				2
2024.12.26	08:14:22.523	1.25446	1.25452			6
2024.12.26	08:14:22.826	1.25450	1.25455			6
2024.12.26	08:14:23.134	1.25449	1.25454			6
2024.12.26	08:14:23.441		1.25455			4
2024.12.26	08:14:26.201	1.25448	1.25454			6
2024.12.26	08:14:26.813	1.25447				2
2024.12.26	08:14:30.197		1.25453			4
2024.12.26	08:14:31.124	1.25448	1.25454			6
2024.12.26	08:14:40.969		1.25453			4
2024.12.26	08:14:41.280		1.25454			4
2024.12.26	08:14:41.886	1.25449				2
2024.12.26	08:14:47.100		1.25453			4
2024.12.26	08:14:47.404		1.25454			4
2024.12.26	08:14:51.093		1.25453			4
2024.12.26	08:14:51.401		1.25454			4
2024.12.26	08:15:00.288	1.25449				2
2024.12.26	08:15:01.207	1.25450				2
2024.12.26	08:15:01.514	1.25448	1.25455			6
2024.12.26	08:15:03.354	1.25444	1.25450			6
2024.12.26	08:15:03.655	1.25445	1.25451			6
2024.12.26	08:15:04.900	1.25446				2
2024.12.26	08:15:05.204	1.25445				2
2024.12.26	08:15:08.584	1.25444	1.25448			6
2024.12.26	08:15:08.900	1.25445	1.25450			6
2024.12.26	08:15:10.745	1.25444				2
2024.12.26	08:15:11.048	1.25446				2
2024.12.26	08:15:13.519	1.25445				2
2024.12.26	08:15:14.440		1.25449			4
2024.12.26	08:15:14.744	1.25443	1.25448			6
2024.12.26	08:15:22.734	1.25440	1.25447			6
2024.12.26	08:15:23.041	1.25442				2
2024.12.26	08:15:29.812		1.25448			4
2024.12.26	08:15:35.045		1.25445			4
2024.12.26	08:15:38.741	1.25440				2
2024.12.26	08:15:39.359		1.25446			4
2024.12.26	08:15:40.895		1.25444			4
2024.12.26	08:15:47.634	1.25441	1.25443			6
2024.12.26	08:15:47.943	1.25440	1.25444			6
2024.12.26	08:15:51.620		1.25443			4
2024.12.26	08:15:51.924	1.25435	1.25439			6
2024.12.26	08:15:58.713	1.25437				2
2024.12.26	08:16:00.257	1.25437				2
2024.12.26	08:16:00.562	1.25432	1.25434			6
2024.12.26	08:16:00.864	1.25435	1.25436			6
2024.12.26	08:16:04.877	1.25433				2
2024.12.26	08:16:05.182	1.25434				2
2024.12.26	08:16:09.196	1.25435				2
2024.12.26	08:16:09.505	1.25436	1.25437			6
2024.12.26	08:16:13.554	1.25433	1.25435			6
2024.12.26	08:16:16.009	1.25434				2
2024.12.26	08:16:16.314	1.25433				2
2024.12.26	08:16:19.384	1.25434				2
2024.12.26	08:16:21.221	1.25436	1.25437			6
2024.12.26	08:16:32.538	1.25438	1.25439			6
2024.12.26	08:16:40.190	1.25440	1.25441			6
2024.12.26	08:16:40.499	1.25437	1.25440			6
2024.12.26	08:16:46.614	1.25440	1.25441			6
2024.12.26	08:16:46.920		1.25442			4
2024.12.26	08:16:47.533	1.25437				2
2024.12.26	08:16:47.840		1.25441			4
2024.12.26	08:16:49.985		1.25439			4
2024.12.26	08:16:56.735	1.25435	1.25437			6
2024.12.26	08:16:57.645	1.25437	1.25438			6
2024.12.26	08:17:00.105	1.25437				2
2024.12.26	08:17:11.513	1.25440	1.25442			6
2024.12.26	08:17:11.827	1.25438				2
2024.12.26	08:17:12.128	1.25437				2
2024.12.26	08:17:12.747	1.25439				2
2024.12.26	08:17:16.440	1.25440				2
2024.12.26	08:17:25.977	1.25441	1.25444			6
2024.12.26	08:17:26.282	1.25448	1.25449			6
2024.12.26	08:17:31.206	1.25445	1.25448			6
2024.12.26	08:17:32.130	1.25442	1.25445			6
2024.12.26	08:17:32.434	1.25441				2
2024.12.26	08:17:34.286	1.25440				2
2024.12.26	08:17:39.204	1.25442	1.25446			6
2024.12.26	08:17:39.508	1.25446	1.25447			6
2024.12.26	08:17:40.432	1.25443	1.25445			6
2024.12.26	08:17:44.440	1.25442				2
2024.12.26	08:17:56.125	1.25441				2
2024.12.26	08:18:00.096	1.25441				2
2024.12.26	08:18:00.405	1.25446	1.25447			6
2024.12.26	08:18:00.714	1.25443	1.25446			6
2024.12.26	08:18:01.334	1.25442				2
2024.12.26	08:18:01.640	1.25444	1.25447			6
2024.12.26	08:18:07.169	1.25445				2
2024.12.26	08:18:08.717	1.25446				2
2024.12.26	08:18:13.006	1.25445				2
2024.12.26	08:18:17.316	1.25446				2
2024.12.26	08:18:20.684	1.25445				2
2024.12.26	08:18:29.267	1.25446				2
2024.12.26	08:18:30.490	1.25445				2
2024.12.26	08:18:47.316	1.25442	1.25444			6
2024.12.26	08:18:47.620	1.25441				2
2024.12.26	08:19:00.195	1.25441				2
2024.12.26	08:19:05.101	1.25442				2
2024.12.26	08:19:05.406	1.25444	1.25446			6
2024.12.26	08:19:06.640	1.25445				2
2024.12.26	08:19:21.915	1.25446	1.25447			6
2024.12.26	08:19:23.152	1.25447	1.25448			6
2024.12.26	08:19:27.141	1.25446	1.25447			6
2024.12.26	08:19:30.504	1.25445				2
2024.12.26	08:19:30.811	1.25443	1.25445			6
2024.12.26	08:19:31.430	1.25442				2
2024.12.26	08:19:32.654	1.25443				2
2024.12.26	08:19:40.894	1.25445	1.25447			6
2024.12.26	08:19:43.645	1.25446				2
2024.12.26	08:19:57.746	1.25442	1.25445			6
2024.12.26	08:19:58.052	1.25443				2
2024.12.26	08:19:59.277	1.25442				2
2024.12.26	08:20:00.187	1.25442				2
2024.12.26	08:20:00.501	1.25443	1.25446			6
2024.12.26	08:20:01.116	1.25442				2
2024.12.26	08:20:01.734	1.25443				2
2024.12.26	08:20:10.615	1.25442				2
2024.12.26	08:20:11.842	1.25441	1.25444			6
2024.12.26	08:20:12.146	1.25442	1.25445			6
2024.12.26	08:20:13.061		1.25446			4
2024.12.26	08:20:15.189	1.25443				2
2024.12.26	08:20:34.222	1.25442	1.25444			6
2024.12.26	08:20:34.839	1.25441				2
2024.12.26	08:20:35.147	1.25442				2
2024.12.26	08:20:39.124	1.25441	1.25443			6
2024.12.26	08:20:42.498		1.25444			4
2024.12.26	08:20:55.415		1.25443			4
2024.12.26	08:20:57.564	1.25439	1.25442			6
2024.12.26	08:20:57.867	1.25438	1.25440			6
2024.12.26	08:20:59.082	1.25437				2
2024.12.26	08:21:00.015	1.25437				2
2024.12.26	08:21:00.323	1.25439	1.25442			6
2024.12.26	08:21:00.628	1.25440	1.25444			6
2024.12.26	08:21:01.241	1.25439				2
2024.12.26	08:21:03.687	1.25440				2
2024.12.26	08:21:04.926		1.25446			4
2024.12.26	08:21:05.234	1.25439	1.25443			6
2024.12.26	08:21:05.547	1.25438				2
2024.12.26	08:21:07.706	1.25439				2
2024.12.26	08:21:20.951	1.25437				2
2024.12.26	08:21:21.258	1.25440				2
2024.12.26	08:21:22.789	1.25439				2
2024.12.26	08:21:23.102	1.25440				2
2024.12.26	08:21:24.326	1.25438	1.25442			6
2024.12.26	08:21:24.629	1.25437				2
2024.12.26	08:21:34.522		1.25441			4
2024.12.26	08:21:49.639	1.25432	1.25435			6
2024.12.26	08:21:50.257	1.25431				2
2024.12.26	08:22:00.082	1.25431				2
2024.12.26	08:22:00.393	1.25432				2
2024.12.26	08:22:06.838	1.25433				2
2024.12.26	08:22:22.184	1.25434	1.25438			6
2024.12.26	08:22:22.796	1.25433				2
2024.12.26	08:22:23.418	1.25432				2
2024.12.26	08:22:25.260	1.25433				2
2024.12.26	08:22:26.183	1.25435	1.25439			6
2024.12.26	08:22:33.858	1.25434				2
2024.12.26	08:22:45.206	1.25435				2
2024.12.26	08:22:53.484	1.25438	1.25442			6
2024.12.26	08:23:00.287	1.25438				2
2024.12.26	08:23:20.876	1.25435	1.25439			6
2024.12.26	08:23:21.180	1.25437	1.25441			6
2024.12.26	08:23:26.423	1.25439	1.25442			6
2024.12.26	08:23:39.593	1.25436	1.25439			6
2024.12.26	08:23:40.817	1.25438	1.25440			6
2024.12.26	08:23:45.415		1.25441			4
2024.12.26	08:24:00.131	1.25438				2
2024.12.26	08:24:05.642	1.25437	1.25440			6
2024.12.26	08:24:12.678	1.25435	1.25438			6
2024.12.26	08:24:12.984	1.25438	1.25441			6
2024.12.26	08:24:13.300	1.25437	1.25440			6
2024.12.26	08:24:15.438	1.25436	1.25439			6
2024.12.26	08:24:17.280		1.25438			4
2024.12.26	08:24:18.819	1.25443	1.25448			6
2024.12.26	08:24:19.123	1.25445				2
2024.12.26	08:24:24.669	1.25446	1.25449			6
2024.12.26	08:24:26.518	1.25448	1.25451			6
2024.12.26	08:24:26.828	1.25447				2
2024.12.26	08:24:28.365	1.25448				2
2024.12.26	08:24:30.215		1.25454			4
2024.12.26	08:24:30.825		1.25453			4
2024.12.26	08:24:32.376		1.25454			4
2024.12.26	08:24:33.920	1.25447				2
2024.12.26	08:24:37.001		1.25453			4
2024.12.26	08:24:37.304		1.25454			4
2024.12.26	08:24:38.537		1.25453			4
2024.12.26	08:24:44.370	1.25448				2
2024.12.26	08:24:55.111	1.25451	1.25454			6
2024.12.26	08:24:55.422	1.25453				2
2024.12.26	08:24:55.727	1.25452	1.25456			6
2024.12.26	08:24:57.275	1.25451				2
2024.12.26	08:25:00.058	1.25451				2
2024.12.26	08:25:00.363	1.25452	1.25455			6
2024.12.26	08:25:00.669		1.25456			4
2024.12.26	08:25:04.678	1.25447	1.25453			6
2024.12.26	08:25:05.602	1.25450				2
2024.12.26	08:25:06.530	1.25451	1.25454			6
2024.12.26	08:25:07.448		1.25453			4
2024.12.26	08:25:14.540		1.25452			4
2024.12.26	08:25:17.306		1.25453			4
2024.12.26	08:25:23.763	1.25450				2
2024.12.26	08:25:24.990	1.25451				2
2024.12.26	08:25:25.597	1.25447	1.25448			6
2024.12.26	08:25:25.903	1.25448	1.25449			6
2024.12.26	08:25:27.742	1.25446	1.25448			6
2024.12.26	08:25:28.664	1.25447				2
2024.12.26	08:25:31.434	1.25448	1.25449			6
2024.12.26	08:25:44.055	1.25446	1.25448			6
2024.12.26	08:25:44.671	1.25445				2
2024.12.26	08:25:44.981	1.25446				2
2024.12.26	08:25:56.366	1.25445				2
2024.12.26	08:26:00.067	1.25445				2
2024.12.26	08:26:01.606	1.25448	1.25449			6
2024.12.26	08:26:08.994	1.25447				2
2024.12.26	08:26:09.296	1.25448				2
2024.12.26	08:26:28.952	1.25449	1.25450			6
2024.12.26	08:26:29.257	1.25448	1.25449			6
2024.12.26	08:26:55.255	1.25449	1.25450			6
2024.12.26	08:27:00.153	1.25449				2
2024.12.26	08:27:05.322	1.25448	1.25449			6
2024.12.26	08:27:09.923	1.25449	1.25450			6
2024.12.26	08:27:24.610		1.25451			4
2024.12.26	08:27:25.827	1.25448				2
2024.12.26	08:27:27.060		1.25450			4
2024.12.26	08:27:27.670		1.25449			4
2024.12.26	08:27:45.142	1.25441	1.25444			6
2024.12.26	08:27:46.365	1.25442	1.25447			6
2024.12.26	08:27:47.892		1.25446			4
2024.12.26	08:27:48.817	1.25441	1.25445			6
2024.12.26	08:27:53.112	1.25437	1.25441			6
2024.12.26	08:27:54.339	1.25441	1.25444			6
2024.12.26	08:27:55.255		1.25445			4
2024.12.26	08:27:55.559	1.25442				2
2024.12.26	08:28:00.146	1.25440				2
2024.12.26	08:28:02.606		1.25446			4
2024.12.26	08:28:03.832	1.25441	1.25445			6
2024.12.26	08:28:05.676	1.25440	1.25444			6
2024.12.26	08:28:09.361	1.25439	1.25442			6
2024.12.26	08:28:09.670	1.25438				2
2024.12.26	08:28:10.590	1.25437				2
2024.12.26	08:28:11.200	1.25438				2
2024.12.26	08:28:12.428	1.25439	1.25444			6
2024.12.26	08:28:16.110	1.25440				2
2024.12.26	08:28:16.412	1.25441				2
2024.12.26	08:28:17.329	1.25442				2
2024.12.26	08:28:17.635		1.25446			4
2024.12.26	08:28:23.148	1.25444	1.25447			6
2024.12.26	08:28:33.263		1.25448			4
2024.12.26	08:28:36.337	1.25442	1.25446			6
2024.12.26	08:28:36.642		1.25445			4
2024.12.26	08:28:41.544		1.25446			4
2024.12.26	08:28:42.772	1.25444				2
2024.12.26	08:28:43.382		1.25447			4
2024.12.26	08:28:49.819	1.25443	1.25446			6
2024.12.26	08:28:51.654	1.25442				2
2024.12.26	08:28:56.565		1.25444			4
2024.12.26	08:29:00.243	1.25442				2
2024.12.26	08:29:01.770	1.25444	1.25447			6
2024.12.26	08:29:02.075	1.25442	1.25444			6
2024.12.26	08:29:02.381	1.25441	1.25445			6
2024.12.26	08:29:04.222	1.25442	1.25446			6
2024.12.26	08:29:11.582	1.25444				2
2024.12.26	08:29:11.890	1.25445	1.25448			6
2024.12.26	08:29:12.199	1.25444				2
2024.12.26	08:29:14.651	1.25443	1.25447			6
2024.12.26	08:29:19.551	1.25442	1.25445			6
2024.12.26	08:29:19.860	1.25441				2
2024.12.26	08:29:24.462	1.25442				2
2024.12.26	08:29:31.491		1.25446			4
2024.12.26	08:29:50.512	1.25443				2
2024.12.26	08:29:51.442		1.25448			4
2024.12.26	08:29:54.218	1.25445				2
2024.12.26	08:29:54.522		1.25449			4
2024.12.26	08:29:54.835	1.25448				2
2024.12.26	08:29:55.141	1.25449	1.25450			6
2024.12.26	08:29:55.757	1.25448	1.25449			6
2024.12.26	08:29:56.069	1.25447				2
2024.12.26	08:29:59.455	1.25446				2
2024.12.26	08:29:59.762	1.25442	1.25447			6
2024.12.26	08:30:00.065	1.25442	1.25446			6
2024.12.26	08:30:01.294	1.25441				2
2024.12.26	08:30:23.169	1.25442	1.25447			6
2024.12.26	08:30:25.628	1.25446				2
2024.12.26	08:30:26.557	1.25442				2
2024.12.26	08:30:39.493		1.25446			4
2024.12.26	08:30:46.222	1.25441	1.25443			6
2024.12.26	08:30:46.525	1.25439	1.25444			6
2024.12.26	08:30:46.833	1.25440				2
2024.12.26	08:30:47.447	1.25438	1.25443			6
2024.12.26	08:30:49.913	1.25437	1.25442			6
2024.12.26	08:31:00.073	1.25437				2
2024.12.26	08:31:02.228	1.25438				2
2024.12.26	08:31:03.155	1.25437				2
2024.12.26	08:31:06.226	1.25438				2
2024.12.26	08:31:13.292	1.25437				2
2024.12.26	08:31:24.317	1.25438				2
2024.12.26	08:31:26.776	1.25433	1.25436			6
2024.12.26	08:31:27.077	1.25432				2
2024.12.26	08:31:27.380	1.25431				2
2024.12.26	08:31:28.295	1.25432	1.25437			6
2024.12.26	08:31:34.140	1.25431				2
2024.12.26	08:31:52.924	1.25439	1.25443			6
2024.12.26	08:31:53.225	1.25442	1.25446			6
2024.12.26	08:31:55.677	1.25441				2
2024.12.26	08:31:57.221	1.25444	1.25448			6
2024.12.26	08:32:00.000	1.25444				2
2024.12.26	08:32:00.311	1.25446	1.25450			6
2024.12.26	08:32:01.233	1.25448	1.25451			6
2024.12.26	08:32:01.850	1.25446				2
2024.12.26	08:32:02.471	1.25447				2
2024.12.26	08:32:11.382		1.25450			4
2024.12.26	08:32:13.238	1.25448				2
2024.12.26	08:32:22.464	1.25447				2
2024.12.26	08:32:25.850	1.25446				2
2024.12.26	08:32:31.370		1.25449			4
2024.12.26	08:32:37.509	1.25442	1.25447			6
2024.12.26	08:32:37.816	1.25441				2
2024.12.26	08:32:52.257	1.25442				2
2024.12.26	08:33:00.212	1.25442				2
2024.12.26	08:33:03.581	1.25443				2
2024.12.26	08:33:05.409	1.25436	1.25441			6
2024.12.26	08:33:06.023	1.25435	1.25440			6
2024.12.26	08:33:06.638	1.25436				2
2024.12.26	08:33:06.949	1.25437				2
2024.12.26	08:33:09.420		1.25441			4
2024.12.26	08:33:15.587	1.25438				2
2024.12.26	08:33:15.895		1.25440			4
2024.12.26	08:33:19.595	1.25437				2
2024.12.26	08:33:20.221	1.25438				2
2024.12.26	08:33:23.292	1.25437				2
2024.12.26	08:33:33.172		1.25441			4
2024.12.26	08:33:59.207	1.25441	1.25445			6
2024.12.26	08:33:59.508	1.25442				2
2024.12.26	08:34:00.128	1.25442				2
2024.12.26	08:34:00.436	1.25437	1.25442			6
2024.12.26	08:34:00.748	1.25436				2
2024.12.26	08:34:03.193		1.25441			4
2024.12.26	08:34:06.262	1.25438				2
2024.12.26	08:34:07.495	1.25437				2
2024.12.26	08:34:08.107	1.25438				2
2024.12.26	08:34:08.719	1.25437				2
2024.12.26	08:34:21.012	1.25440	1.25445			6
2024.12.26	08:34:21.628	1.25439				2
2024.12.26	08:34:28.721		1.25444			4
2024.12.26	08:34:33.958		1.25445			4
2024.12.26	08:34:39.818	1.25440				2
2024.12.26	08:34:40.120	1.25441				2
2024.12.26	08:34:48.435		1.25443			4
2024.12.26	08:34:48.741	1.25440				2
2024.12.26	08:34:49.043	1.25438	1.25442			6
2024.12.26	08:34:49.344	1.25437				2
2024.12.26	08:34:49.962	1.25440	1.25444			6
2024.12.26	08:34:53.969	1.25439				2
2024.12.26	08:34:55.509	1.25441				2
2024.12.26	08:34:56.131	1.25439				2
2024.12.26	08:34:56.434	1.25440				2
2024.12.26	08:34:58.892		1.25445			4
2024.12.26	08:34:59.193	1.25441				2
2024.12.26	08:35:00.113	1.25441				2
2024.12.26	08:35:00.729	1.25440	1.25444			6
2024.12.26	08:35:02.879	1.25439				2
2024.12.26	08:35:03.186	1.25437	1.25443			6
2024.12.26	08:35:05.333		1.25442			4
2024.12.26	08:35:09.311	1.25436	1.25440			6
2024.12.26	08:35:09.620		1.25441			4
2024.12.26	08:35:14.247		1.25440			4
2024.12.26	08:35:14.867		1.25442			4
2024.12.26	08:35:17.939	1.25437				2
2024.12.26	08:35:18.246	1.25436				2
2024.12.26	08:35:19.477	1.25437				2
2024.12.26	08:35:19.791	1.25436				2
2024.12.26	08:35:27.179	1.25437				2
2024.12.26	08:35:27.487	1.25436				2
2024.12.26	08:35:29.947	1.25437				2
2024.12.26	08:35:43.153	1.25438				2
2024.12.26	08:35:50.836	1.25437	1.25441			6
2024.12.26	08:35:51.143	1.25438	1.25442			6
2024.12.26	08:35:54.514	1.25437	1.25441			6
2024.12.26	08:35:57.870	1.25438	1.25442			6
2024.12.26	08:36:00.003	1.25438				2
2024.12.26	08:36:01.237	1.25439				2
2024.12.26	08:36:09.484	1.25438	1.25441			6
2024.12.26	08:36:11.010	1.25439	1.25442			6
2024.12.26	08:36:11.320	1.25437	1.25440			6
2024.12.26	08:36:11.626	1.25438	1.25441			6
2024.12.26	08:36:27.237	1.25437	1.25440			6
2024.12.26	08:36:28.472	1.25438	1.25441			6
2024.12.26	08:37:00.275	1.25438				2
2024.12.26	08:37:07.609	1.25440	1.25443			6
2024.12.26	08:37:07.917	1.25439	1.25442			6
2024.12.26	08:37:33.694	1.25442	1.25443			6
2024.12.26	08:37:34.308	1.25441				2
2024.12.26	08:37:40.126	1.25443	1.25445			6
2024.12.26	08:37:42.569	1.25438	1.25441			6
2024.12.26	08:37:42.875	1.25439	1.25442			6
2024.12.26	08:37:44.095	1.25436	1.25443			6
2024.12.26	08:37:50.228		1.25441			4
2024.12.26	08:37:50.534		1.25442			4
2024.12.26	08:38:00.030	1.25436				2
2024.12.26	08:38:01.555		1.25440			4
2024.12.26	08:38:03.700	1.25435				2
2024.12.26	08:38:13.286		1.25441			4
2024.12.26	08:38:22.193	1.25436				2
2024.12.26	08:38:25.869		1.25440			4
2024.12.26	08:38:26.181	1.25431	1.25435			6
2024.12.26	08:38:28.931	1.25434	1.25436			6
2024.12.26	08:38:29.237	1.25435	1.25438			6
2024.12.26	08:38:30.157	1.25437	1.25440			6
2024.12.26	08:38:40.574		1.25441			4
2024.12.26	08:38:40.881	1.25438				2
2024.12.26	08:38:44.262	1.25437				2
2024.12.26	08:39:00.208	1.25437				2
2024.12.26	08:39:01.731	1.25436	1.25439			6
2024.12.26	08:39:07.852	1.25437				2
2024.12.26	08:39:18.269	1.25438	1.25441			6
2024.12.26	08:39:19.184	1.25437				2
2024.12.26	08:39:21.345	1.25438				2
2024.12.26	08:39:22.264	1.25437	1.25439			6
2024.12.26	08:39:28.687	1.25438	1.25440			6
2024.12.26	08:39:31.443		1.25441			4
2024.12.26	08:39:44.007	1.25437				2
2024.12.26	08:39:44.309		1.25439			4
2024.12.26	08:40:00.228	1.25437				2
2024.12.26	08:40:02.361	1.25432	1.25436			6
2024.12.26	08:40:03.285	1.25434	1.25438			6
2024.12.26	08:40:03.591	1.25435				2
2024.12.26	08:40:05.429	1.25437	1.25440			6
2024.12.26	08:40:14.022		1.25438			4
2024.12.26	08:40:14.331	1.25435				2
2024.12.26	08:40:14.944	1.25432	1.25436			6
2024.12.26	08:40:22.919	1.25431				2
2024.12.26	08:40:23.530	1.25432				2
2024.12.26	08:40:30.585		1.25437			4
2024.12.26	08:40:34.579	1.25431				2
2024.12.26	08:40:34.887		1.25436			4
2024.12.26	08:40:37.040		1.25435			4
2024.12.26	08:40:37.344		1.25436			4
2024.12.26	08:40:53.312		1.25435			4
2024.12.26	08:40:54.546		1.25436			4
2024.12.26	08:40:54.854		1.25435			4
2024.12.26	08:40:55.465	1.25438	1.25442			6
2024.12.26	08:41:00.100	1.25438				2
2024.12.26	08:41:02.258		1.25441			4
2024.12.26	08:41:23.208	1.25437	1.25440			6
2024.12.26	08:42:00.059	1.25437				2
2024.12.26	08:42:10.188		1.25439			4
2024.12.26	08:42:23.665	1.25435	1.25436			6
2024.12.26	08:42:24.274		1.25438			4
2024.12.26	08:42:29.177		1.25437			4
2024.12.26	08:42:39.309		1.25436			4
2024.12.26	08:42:40.216	1.25436	1.25438			6
2024.12.26	08:42:41.133		1.25439			4
2024.12.26	08:42:44.500	1.25437				2
2024.12.26	08:42:46.345		1.25438			4
2024.12.26	08:42:55.541		1.25439			4
2024.12.26	08:43:00.132	1.25437				2
2024.12.26	08:43:00.736		1.25440			4
2024.12.26	08:43:01.344		1.25439			4
2024.12.26	08:43:01.958		1.25440			4
2024.12.26	08:43:10.245	1.25438				2
2024.12.26	08:43:10.548		1.25441			4
2024.12.26	08:43:10.848	1.25437	1.25440			6
2024.12.26	08:43:12.367	1.25436	1.25439			6
2024.12.26	08:43:13.290	1.25437	1.25440			6
2024.12.26	08:43:31.935		1.25439			4
2024.12.26	08:43:32.236		1.25440			4
2024.12.26	08:43:32.542	1.25435	1.25437			6
2024.12.26	08:43:39.578	1.25434				2
2024.12.26	08:43:40.789	1.25435				2
2024.12.26	08:43:42.321	1.25434				2
2024.12.26	08:43:45.074	1.25437	1.25439			6
2024.12.26	08:43:45.992	1.25435	1.25438			6
2024.12.26	08:43:52.445		1.25437			4
2024.12.26	08:43:57.056	1.25434	1.25436			6
2024.12.26	08:44:00.136	1.25434				2
2024.12.26	08:44:04.731	1.25433	1.25434			6
2024.12.26	08:44:05.035	1.25435	1.25436			6
2024.12.26	08:44:05.344	1.25437	1.25438			6
2024.12.26	08:44:06.259	1.25432	1.25435			6
2024.12.26	08:44:07.793	1.25431				2
2024.12.26	08:44:08.104		1.25437			4
2024.12.26	08:44:09.032	1.25434	1.25438			6
2024.12.26	08:44:09.341	1.25435	1.25437			6
2024.12.26	08:44:09.653	1.25434				2
2024.12.26	08:44:18.268		1.25436			4
2024.12.26	08:44:18.884	1.25435	1.25438			6
2024.12.26	08:44:19.194		1.25437			4
2024.12.26	08:44:20.123		1.25438			4
2024.12.26	08:44:21.355		1.25437			4
2024.12.26	08:44:21.663	1.25432	1.25436			6
2024.12.26	08:44:24.742	1.25433	1.25439			6
2024.12.26	08:44:28.141	1.25434				2
2024.12.26	08:44:29.369		1.25438			4
2024.12.26	08:44:36.754		1.25437			4
2024.12.26	08:44:41.991		1.25436			4
2024.12.26	08:44:43.220		1.25437			4
2024.12.26	08:44:43.524		1.25436			4
2024.12.26	08:44:46.607		1.25437			4
2024.12.26	08:44:47.223	1.25437	1.25439			6
2024.12.26	08:44:47.535	1.25435	1.25438			6
2024.12.26	08:44:53.697	1.25434	1.25437			6
2024.12.26	08:44:56.471	1.25432	1.25434			6
2024.12.26	08:44:56.780	1.25431				2
2024.12.26	08:44:57.704	1.25430	1.25433			6
2024.12.26	08:44:58.006	1.25428				2
2024.12.26	08:44:59.862		1.25434			4
2024.12.26	08:45:00.167	1.25430				2
2024.12.26	08:45:00.472		1.25436			4
2024.12.26	08:45:01.399	1.25427	1.25430			6
2024.12.26	08:45:02.013	1.25420	1.25423			6
2024.12.26	08:45:02.321	1.25421	1.25424			6
2024.12.26	08:45:02.941	1.25420	1.25423			6
2024.12.26	08:45:03.855	1.25422	1.25425			6
2024.12.26	08:45:04.162	1.25421	1.25424			6
2024.12.26	08:45:05.709	1.25422	1.25425			6
2024.12.26	08:45:06.015	1.25421	1.25424			6
2024.12.26	08:45:06.324	1.25423	1.25426			6
2024.12.26	08:45:13.704	1.25421	1.25424			6
2024.12.26	08:45:14.323	1.25422	1.25425			6
2024.12.26	08:45:14.938	1.25423	1.25426			6
2024.12.26	08:45:19.865	1.25421	1.25424			6
2024.12.26	08:45:22.012	1.25423	1.25426			6
2024.12.26	08:45:22.941		1.25425			4
2024.12.26	08:45:23.859		1.25426			4
2024.12.26	08:45:28.785	1.25422	1.25425			6
2024.12.26	08:45:29.095	1.25421	1.25424			6
2024.12.26	08:45:29.708	1.25423	1.25426			6
2024.12.26	08:45:32.772		1.25424			4
2024.12.26	08:45:33.690	1.25422				2
2024.12.26	08:45:37.689		1.25425			4
2024.12.26	08:45:40.461	1.25421	1.25424			6
2024.12.26	08:46:00.096	1.25421				2
2024.12.26	08:46:23.711	1.25422	1.25425			6
2024.12.26	08:46:24.328		1.25424			4
2024.12.26	08:46:24.630	1.25421				2
2024.12.26	08:46:32.265		1.25423			4
2024.12.26	08:46:51.878	1.25426	1.25429			6
2024.12.26	08:46:52.180	1.25423	1.25426			6
2024.12.26	08:46:52.482	1.25424				2
2024.12.26	08:46:53.098	1.25423				2
2024.12.26	08:46:54.941	1.25425	1.25428			6
2024.12.26	08:46:57.694	1.25424	1.25427			6
2024.12.26	08:47:00.147	1.25424				2
2024.12.26	08:47:00.448	1.25428	1.25431			6
2024.12.26	08:47:00.762	1.25426	1.25429			6
2024.12.26	08:47:03.518	1.25427	1.25430			6
2024.12.26	08:47:03.821	1.25426	1.25429			6
2024.12.26	08:47:06.578	1.25425	1.25428			6
2024.12.26	08:47:35.286	1.25422	1.25425			6
2024.12.26	08:47:35.590	1.25424	1.25426			6
2024.12.26	08:47:40.821	1.25422	1.25425			6
2024.12.26	08:47:42.050	1.25423	1.25426			6
2024.12.26	08:47:42.358	1.25424	1.25427			6
2024.12.26	08:47:42.976	1.25423	1.25426			6
2024.12.26	08:47:44.199	1.25424	1.25427			6
2024.12.26	08:47:46.647	1.25425	1.25428			6
2024.12.26	08:47:48.486	1.25426	1.25429			6
2024.12.26	08:47:49.098	1.25425	1.25427			6
2024.12.26	08:47:53.375	1.25424				2
2024.12.26	08:47:53.680	1.25425				2
2024.12.26	08:47:56.135	1.25424				2
2024.12.26	08:47:56.438	1.25425				2
2024.12.26	08:48:00.123	1.25425				2
2024.12.26	08:48:01.665	1.25424				2
2024.12.26	08:48:03.506	1.25425	1.25428			6
2024.12.26	08:48:13.657	1.25428	1.25431			6
2024.12.26	08:48:13.967		1.25430			4
2024.12.26	08:48:14.581	1.25427	1.25431			6
2024.12.26	08:48:14.891	1.25426	1.25433			6
2024.12.26	08:48:15.817		1.25431			4
2024.12.26	08:48:16.430		1.25433			4
2024.12.26	08:48:17.352	1.25427				2
2024.12.26	08:48:19.506	1.25426	1.25431			6
2024.12.26	08:48:20.733	1.25424	1.25429			6
2024.12.26	08:48:22.277	1.25425				2
2024.12.26	08:48:26.574	1.25424				2
2024.12.26	08:48:30.277	1.25425	1.25430			6
2024.12.26	08:48:31.205		1.25429			4
2024.12.26	08:48:31.515		1.25428			4
2024.12.26	08:48:32.123	1.25426	1.25429			6
2024.12.26	08:48:33.354		1.25428			4
2024.12.26	08:48:34.584		1.25429			4
2024.12.26	08:48:40.727	1.25427	1.25430			6
2024.12.26	08:48:41.648	1.25426	1.25429			6
2024.12.26	08:48:45.018	1.25425	1.25428			6
2024.12.26	08:48:45.325	1.25424	1.25427			6
2024.12.26	08:48:47.163	1.25426	1.25428			6
2024.12.26	08:48:49.934		1.25429			4
2024.12.26	08:49:00.071	1.25426				2
2024.12.26	08:49:15.066		1.25428			4
2024.12.26	08:49:38.031		1.25429			4
2024.12.26	08:49:38.337	1.25427				2
2024.12.26	08:49:39.261	1.25426				2
2024.12.26	08:49:40.180	1.25427				2
2024.12.26	08:49:43.860	1.25426				2
2024.12.26	08:49:45.703	1.25424	1.25426			6
2024.12.26	08:49:46.005		1.25427			4
2024.12.26	08:49:46.308	1.25425				2
2024.12.26	08:49:46.609		1.25428			4
2024.12.26	08:49:46.911	1.25426				2
2024.12.26	08:49:47.213	1.25425				2
2024.12.26	08:49:53.663		1.25426			4
2024.12.26	08:49:58.273	1.25426	1.25427			6
2024.12.26	08:50:00.114	1.25426				2
2024.12.26	08:50:00.422	1.25425	1.25426			6
2024.12.26	08:50:28.649	1.25424				2
2024.12.26	08:50:28.954	1.25422	1.25424			6
2024.12.26	08:50:29.262		1.25425			4
2024.12.26	08:50:30.497	1.25424				2
2024.12.26	08:50:32.338	1.25425	1.25426			6
2024.12.26	08:50:33.565	1.25424	1.25425			6
2024.12.26	08:50:38.785	1.25423	1.25424			6
2024.12.26	08:50:40.328	1.25424	1.25426			6
2024.12.26	08:50:40.629		1.25425			4
2024.12.26	08:50:41.234		1.25426			4
2024.12.26	08:50:43.381		1.25425			4
2024.12.26	08:50:44.003		1.25426			4
2024.12.26	08:50:49.207	1.25426	1.25427			6
2024.12.26	08:50:49.513	1.25424	1.25425			6
2024.12.26	08:50:56.880	1.25425	1.25426			6
2024.12.26	08:50:57.181	1.25424				2
2024.12.26	08:50:57.485	1.25425				2
2024.12.26	08:50:59.955	1.25423	1.25425			6
2024.12.26	08:51:00.267	1.25423				2
2024.12.26	08:51:01.186	1.25424				2
2024.12.26	08:51:07.344	1.25421	1.25423			6
2024.12.26	08:51:07.645	1.25422				2
2024.12.26	08:51:07.964	1.25421				2
2024.12.26	08:51:18.437		1.25424			4
2024.12.26	08:51:24.924		1.25423			4
2024.12.26	08:51:26.148	1.25420				2
2024.12.26	08:51:32.897	1.25418	1.25419			6
2024.12.26	08:51:33.200	1.25417	1.25418			6
2024.12.26	08:51:34.118	1.25418	1.25419			6
2024.12.26	08:51:36.265		1.25423			4
2024.12.26	08:51:37.796	1.25414	1.25419			6
2024.12.26	08:51:41.483	1.25415	1.25418			6
2024.12.26	08:51:42.704	1.25414	1.25419			6
2024.12.26	08:51:47.922	1.25413				2
2024.12.26	08:51:49.758	1.25417	1.25423			6
2024.12.26	08:51:50.060	1.25419	1.25424			6
2024.12.26	08:51:50.667		1.25423			4
2024.12.26	08:51:50.978		1.25424			4
2024.12.26	08:51:51.894	1.25418	1.25423			6
2024.12.26	08:51:52.198		1.25424			4
2024.12.26	08:51:53.427	1.25415	1.25419			6
2024.12.26	08:51:59.856		1.25421			4
2024.12.26	08:52:00.162	1.25417				2
2024.12.26	08:52:00.465	1.25418	1.25423			6
2024.12.26	08:52:02.612	1.25416	1.25422			6
2024.12.26	08:52:02.915	1.25415	1.25420			6
2024.12.26	08:52:06.614	1.25414	1.25419			6
2024.12.26	08:52:08.764	1.25415				2
2024.12.26	08:52:12.144	1.25414				2
2024.12.26	08:52:12.449	1.25413				2
2024.12.26	08:52:12.753		1.25418			4
2024.12.26	08:52:23.193	1.25414	1.25419			6
2024.12.26	08:52:23.501	1.25413	1.25418			6
2024.12.26	08:52:37.595	1.25412				2
2024.12.26	08:52:38.525		1.25417			4
2024.12.26	08:52:39.138		1.25416			4
2024.12.26	08:52:41.285	1.25413	1.25417			6
2024.12.26	08:52:45.273		1.25419			4
2024.12.26	08:52:45.581	1.25416	1.25420			6
2024.12.26	08:52:45.885	1.25414				2
2024.12.26	08:52:46.809	1.25413	1.25419			6
2024.12.26	08:52:47.112		1.25418			4
2024.12.26	08:53:00.035	1.25413				2
2024.12.26	08:53:00.345	1.25412				2
2024.12.26	08:53:00.952		1.25417			4
2024.12.26	08:53:01.260		1.25418			4
2024.12.26	08:53:08.613		1.25417			4
2024.12.26	08:53:11.366	1.25411	1.25416			6
2024.12.26	08:53:19.028	1.25412				2
2024.12.26	08:53:20.881	1.25411	1.25415			6
2024.12.26	08:53:26.417	1.25413	1.25417			6
2024.12.26	08:53:35.348		1.25416			4
2024.12.26	08:53:36.278	1.25412	1.25415			6
2024.12.26	08:53:36.588	1.25413	1.25416			6
2024.12.26	08:53:40.884	1.25412				2
2024.12.26	08:53:45.180	1.25413				2
2024.12.26	08:53:46.103	1.25412	1.25415			6
2024.12.26	08:53:46.415	1.25413	1.25416			6
2024.12.26	08:53:48.561		1.25415			4
2024.12.26	08:53:49.479		1.25416			4
2024.12.26	08:53:50.408	1.25412	1.25415			6
2024.12.26	08:53:51.943	1.25413	1.25416			6
2024.12.26	08:54:00.254	1.25413				2
2024.12.26	08:54:00.559	1.25414				2
2024.12.26	08:54:06.710	1.25416	1.25419			6
2024.12.26	08:54:16.520	1.25411	1.25412			6
2024.12.26	08:54:16.823	1.25412	1.25413			6
2024.12.26	08:54:17.124	1.25411	1.25412			6
2024.12.26	08:54:17.744	1.25412	1.25413			6
2024.12.26	08:54:18.672	1.25411	1.25412			6
2024.12.26	08:54:19.588	1.25413	1.25414			6
2024.12.26	08:54:20.815	1.25412	1.25413			6
2024.12.26	08:54:21.125	1.25413	1.25414			6
2024.12.26	08:54:21.732	1.25412	1.25413			6
2024.12.26	08:54:23.264	1.25414	1.25415			6
2024.12.26	08:54:24.488	1.25413				2
2024.12.26	08:54:25.108	1.25414				2
2024.12.26	08:54:29.720	1.25413				2
2024.12.26	08:54:45.634	1.25411	1.25413			6
2024.12.26	08:54:45.939	1.25412				2
2024.12.26	08:54:46.559	1.25411	1.25412			6
2024.12.26	08:54:50.246	1.25409	1.25410			6
2024.12.26	08:54:52.701	1.25405	1.25407			6
2024.12.26	08:54:54.559	1.25406				2
2024.12.26	08:54:56.401	1.25403	1.25405			6
2024.12.26	08:54:56.706	1.25400	1.25403			6
2024.12.26	08:54:57.324		1.25401			4
2024.12.26	08:54:57.947	1.25401	1.25402			6
2024.12.26	08:55:00.091	1.25401				2
2024.12.26	08:55:00.398		1.25404			4
2024.12.26	08:55:01.321		1.25403			4
2024.12.26	08:55:02.242		1.25402			4
2024.12.26	08:55:02.860		1.25403			4
2024.12.26	08:55:03.476		1.25402			4
2024.12.26	08:55:04.082		1.25403			4
2024.12.26	08:55:04.390	1.25399				2
2024.12.26	08:55:06.231	1.25401				2
2024.12.26	08:55:08.681		1.25402			4
2024.12.26	08:55:12.349		1.25403			4
2024.12.26	08:55:16.341		1.25402			4
2024.12.26	08:55:16.949		1.25403			4
2024.12.26	08:55:22.784		1.25402			4
2024.12.26	08:55:25.554		1.25403			4
2024.12.26	08:55:25.855		1.25402			4
2024.12.26	08:55:26.166	1.25399	1.25401			6
2024.12.26	08:55:35.653	1.25398				2
2024.12.26	08:55:35.957		1.25400			4
2024.12.26	08:55:37.798	1.25397	1.25399			6
2024.12.26	08:56:00.151	1.25397				2
2024.12.26	08:56:00.761		1.25400			4
2024.12.26	08:56:01.366	1.25398				2
2024.12.26	08:56:25.805	1.25400	1.25401			6
2024.12.26	08:56:26.109	1.25403	1.25404			6
2024.12.26	08:57:00.063	1.25403				2
2024.12.26	08:57:01.597	1.25402	1.25403			6
2024.12.26	08:57:01.903	1.25403	1.25404			6
2024.12.26	08:57:02.514	1.25402	1.25403			6
2024.12.26	08:57:07.096	1.25397	1.25398			6
2024.12.26	08:57:08.622	1.25396				2
2024.12.26	08:57:13.828	1.25391	1.25396			6
2024.12.26	08:57:14.136		1.25393			4
2024.12.26	08:57:15.058	1.25393	1.25394			6
2024.12.26	08:57:15.370	1.25392	1.25393			6
2024.12.26	08:57:16.892	1.25393	1.25394			6
2024.12.26	08:57:21.204	1.25394	1.25395			6
2024.12.26	08:57:22.738	1.25395	1.25397			6
2024.12.26	08:57:32.278	1.25396				2
2024.12.26	08:57:32.587	1.25397	1.25398			6
2024.12.26	08:57:33.203		1.25399			4
2024.12.26	08:57:36.892	1.25398				2
2024.12.26	08:57:38.745	1.25397	1.25398			6
2024.12.26	08:57:43.989		1.25399			4
2024.12.26	08:57:47.070	1.25396	1.25397			6
2024.12.26	08:57:48.606	1.25397	1.25398			6
2024.12.26	08:57:48.919	1.25396	1.25397			6
2024.12.26	08:57:53.231	1.25395	1.25396			6
2024.12.26	08:57:54.775	1.25396	1.25397			6
2024.12.26	08:57:58.462		1.25398			4
2024.12.26	08:58:00.013	1.25396				2
2024.12.26	08:58:06.579	1.25394				2
2024.12.26	08:58:08.730	1.25396				2
2024.12.26	08:58:23.446		1.25399			4
2024.12.26	08:58:33.253	1.25397				2
2024.12.26	08:58:39.082	1.25398				2
2024.12.26	08:58:43.404	1.25397				2
2024.12.26	08:58:45.547	1.25396				2
2024.12.26	08:59:00.256	1.25398	1.25400			6
2024.12.26	08:59:00.563	1.25399				2
2024.12.26	08:59:01.476	1.25398				2
2024.12.26	08:59:17.081	1.25397	1.25399			6
2024.12.26	08:59:22.913	1.25396				2
2024.12.26	08:59:48.307	1.25397				2
2024.12.26	08:59:49.530	1.25396				2
2024.12.26	08:59:50.745	1.25397				2
2024.12.26	09:00:00.232	1.25394	1.25396			6
2024.12.26	09:00:00.537		1.25395			4
2024.12.26	09:00:00.840		1.25396			4
2024.12.26	09:00:01.149		1.25398			4
2024.12.26	09:00:02.378	1.25396	1.25399			6
2024.12.26	09:00:02.684	1.25394				2
2024.12.26	09:00:04.229		1.25398			4
2024.12.26	09:00:06.998		1.25399			4
2024.12.26	09:00:10.384		1.25398			4
2024.12.26	09:00:11.614	1.25395				2
2024.12.26	09:00:17.474		1.25399			4
2024.12.26	09:00:19.941	1.25396				2
2024.12.26	09:00:20.249	1.25395				2
2024.12.26	09:00:24.344	1.25396				2
2024.12.26	09:00:24.961	1.25395				2
2024.12.26	09:00:27.432		1.25398			4
2024.12.26	09:00:27.741		1.25399			4
2024.12.26	09:00:31.444	1.25396				2
2024.12.26	09:00:35.763	1.25395	1.25397			6
2024.12.26	09:00:36.067	1.25393	1.25395			6
2024.12.26	09:00:38.837	1.25389	1.25391			6
2024.12.26	09:00:40.694	1.25392	1.25394			6
2024.12.26	09:00:44.078	1.25391	1.25392			6
2024.12.26	09:00:44.378	1.25392	1.25394			6
2024.12.26	09:00:44.688	1.25393				2
2024.12.26	09:00:49.920		1.25395			4
2024.12.26	09:00:53.304	1.25395	1.25397			6
2024.12.26	09:00:57.611	1.25396				2
2024.12.26	09:00:57.920	1.25395				2
2024.12.26	09:00:59.151	1.25394				2
2024.12.26	09:01:00.076	1.25395				2
2024.12.26	09:01:00.388	1.25394				2
2024.12.26	09:01:07.763	1.25393	1.25395			6
2024.12.26	09:01:08.065	1.25394	1.25396			6
2024.12.26	09:01:08.376		1.25397			4
2024.12.26	09:01:08.677	1.25393	1.25396			6
2024.12.26	09:01:09.285		1.25395			4
2024.12.26	09:01:12.341	1.25394	1.25396			6
2024.12.26	09:01:12.946	1.25393	1.25395			6
2024.12.26	09:01:14.178	1.25394	1.25396			6
2024.12.26	09:01:14.482	1.25393				2
2024.12.26	09:01:16.022	1.25394				2
2024.12.26	09:01:16.323	1.25393	1.25395			6
2024.12.26	09:01:18.772	1.25394				2
2024.12.26	09:01:19.079		1.25396			4
2024.12.26	09:01:20.908	1.25393	1.25394			6
2024.12.26	09:01:22.437	1.25392	1.25393			6
2024.12.26	09:01:23.356	1.25393	1.25394			6
2024.12.26	09:01:30.461	1.25394	1.25395			6
2024.12.26	09:01:30.762		1.25396			4
2024.12.26	09:01:33.863	1.25395	1.25397			6
2024.12.26	09:01:36.030	1.25396				2
2024.12.26	09:01:36.341	1.25395				2
2024.12.26	09:01:37.271	1.25394				2
2024.12.26	09:01:42.500	1.25401	1.25402			6
2024.12.26	09:01:42.804		1.25403			4
2024.12.26	09:01:43.119	1.25402				2
2024.12.26	09:01:45.585	1.25403	1.25404			6
2024.12.26	09:02:00.084	1.25403				2
2024.12.26	09:02:00.702	1.25402	1.25403			6
2024.12.26	09:02:02.841	1.25403	1.25404			6
2024.12.26	09:02:11.129	1.25402	1.25403			6
2024.12.26	09:02:12.657	1.25403	1.25404			6
2024.12.26	09:02:14.790	1.25400	1.25401			6
2024.12.26	09:02:15.094	1.25398	1.25399			6
2024.12.26	09:02:20.027	1.25399	1.25400			6
2024.12.26	09:02:25.550	1.25400	1.25401			6
2024.12.26	09:02:28.300	1.25399				2
2024.12.26	09:02:28.601	1.25398	1.25400			6
2024.12.26	09:02:30.441	1.25397	1.25398			6
2024.12.26	09:02:30.745		1.25399			4
2024.12.26	09:02:31.661	1.25398	1.25400			6
2024.12.26	09:02:31.967	1.25397	1.25399			6
2024.12.26	09:02:39.331		1.25398			4
2024.12.26	09:02:43.319	1.25395	1.25396			6
2024.12.26	09:02:43.630	1.25394	1.25395			6
2024.12.26	09:02:44.548	1.25395	1.25396			6
2024.12.26	09:02:44.853	1.25396	1.25397			6
2024.12.26	09:02:53.745	1.25395	1.25396			6
2024.12.26	09:02:54.961	1.25394				2
2024.12.26	09:02:55.265		1.25397			4
2024.12.26	09:02:55.880		1.25396			4
2024.12.26	09:02:56.187	1.25396	1.25397			6
2024.12.26	09:03:00.179	1.25396				2
2024.12.26	09:03:04.761	1.25397	1.25398			6
2024.12.26	09:03:11.167	1.25396				2
2024.12.26	09:03:20.345	1.25397	1.25399			6
2024.12.26	09:03:23.115	1.25396	1.25397			6
2024.12.26	09:03:23.422	1.25394	1.25396			6
2024.12.26	09:03:23.731		1.25397			4
2024.12.26	09:03:24.037	1.25395				2
2024.12.26	09:03:24.344		1.25399			4
2024.12.26	09:03:30.204	1.25396				2
2024.12.26	09:03:31.438	1.25397				2
2024.12.26	09:03:33.912		1.25400			4
2024.12.26	09:03:35.147		1.25399			4
2024.12.26	09:03:41.277		1.25398			4
2024.12.26	09:03:51.060		1.25399			4
2024.12.26	09:03:52.277		1.25400			4
2024.12.26	09:03:53.814	1.25399				2
2024.12.26	09:03:54.735	1.25398	1.25399			6
2024.12.26	09:03:55.663	1.25397				2
2024.12.26	09:03:57.200	1.25396				2
2024.12.26	09:03:57.816	1.25397				2
2024.12.26	09:04:00.277	1.25397				2
2024.12.26	09:04:30.272		1.25398			4
2024.12.26	09:04:30.581	1.25395				2
2024.12.26	09:04:33.359	1.25396	1.25397			6
2024.12.26	09:04:33.661		1.25399			4
2024.12.26	09:04:33.970		1.25397			4
2024.12.26	09:04:38.906		1.25399			4
2024.12.26	09:04:39.261		1.25397			4
2024.12.26	09:04:40.490	1.25395	1.25399			6
2024.12.26	09:04:53.090	1.25396	1.25398			6
2024.12.26	09:04:53.396	1.25389	1.25393			6
2024.12.26	09:04:54.322		1.25392			4
2024.12.26	09:05:00.156	1.25389				2
2024.12.26	09:05:03.213	1.25392	1.25394			6
2024.12.26	09:05:03.515	1.25391				2
2024.12.26	09:05:04.742	1.25393	1.25396			6
2024.12.26	09:05:05.049		1.25395			4
2024.12.26	09:05:07.805	1.25394				2
2024.12.26	09:05:10.251	1.25392				2
2024.12.26	09:05:10.558	1.25394				2
2024.12.26	09:05:11.477	1.25391	1.25394			6
2024.12.26	09:05:11.780	1.25392				2
2024.12.26	09:05:12.395	1.25391	1.25393			6
2024.12.26	09:05:14.225		1.25394			4
2024.12.26	09:05:18.820	1.25392				2
2024.12.26	09:05:24.037	1.25391				2
2024.12.26	09:05:24.644	1.25390	1.25393			6
2024.12.26	09:05:24.949	1.25391	1.25394			6
2024.12.26	09:05:28.317		1.25393			4
2024.12.26	09:05:34.120	1.25390				2
2024.12.26	09:05:36.263	1.25386	1.25390			6
2024.12.26	09:05:36.564	1.25387				2
2024.12.26	09:05:38.711	1.25386				2
2024.12.26	09:05:39.323	1.25388	1.25392			6
2024.12.26	09:05:39.632		1.25391			4
2024.12.26	09:05:54.368		1.25390			4
2024.12.26	09:05:56.195		1.25391			4
2024.12.26	09:05:56.800		1.25390			4
2024.12.26	09:05:58.623		1.25389			4
2024.12.26	09:05:59.238		1.25390			4
2024.12.26	09:05:59.539		1.25391			4
2024.12.26	09:05:59.843		1.25390			4
2024.12.26	09:06:00.155	1.25388	1.25391			6
2024.12.26	09:06:01.370		1.25390			4
2024.12.26	09:06:07.303		1.25389			4
2024.12.26	09:06:08.834	1.25386				2
2024.12.26	09:06:10.364	1.25388	1.25390			6
2024.12.26	09:06:10.675	1.25387				2
2024.12.26	09:06:12.816		1.25391			4
2024.12.26	09:06:13.124		1.25390			4
2024.12.26	09:06:14.962	1.25390	1.25391			6
2024.12.26	09:06:15.264	1.25388	1.25390			6
2024.12.26	09:06:20.176	1.25389	1.25391			6
2024.12.26	09:06:25.385	1.25393	1.25394			6
2024.12.26	09:06:25.688	1.25395	1.25396			6
2024.12.26	09:06:38.924	1.25391	1.25400			6
2024.12.26	09:06:41.080	1.25395	1.25396			6
2024.12.26	09:06:51.831	1.25390	1.25391			6
2024.12.26	09:06:52.132	1.25384	1.25387			6
2024.12.26	09:06:52.436		1.25385			4
2024.12.26	09:06:53.052	1.25385	1.25387			6
2024.12.26	09:07:00.134	1.25385				2
2024.12.26	09:07:00.443		1.25389			4
2024.12.26	09:07:01.367		1.25387			4
2024.12.26	09:07:01.984	1.25384	1.25386			6
2024.12.26	09:07:05.361	1.25383				2
2024.12.26	09:07:05.664	1.25381	1.25383			6
2024.12.26	09:07:07.327	1.25377	1.25381			6
2024.12.26	09:07:07.637	1.25376				2
2024.12.26	09:07:08.560	1.25381	1.25383			6
2024.12.26	09:07:09.789	1.25382				2
2024.12.26	09:07:11.636	1.25381				2
2024.12.26	09:07:12.252	1.25380				2
2024.12.26	09:07:13.477	1.25382	1.25385			6
2024.12.26	09:07:18.711		1.25384			4
2024.12.26	09:07:27.286	1.25384	1.25387			6
2024.12.26	09:07:30.667	1.25382	1.25385			6
2024.12.26	09:07:32.517		1.25384			4
2024.12.26	09:07:33.741	1.25381				2
2024.12.26	09:07:52.699	1.25384	1.25387			6
2024.12.26	09:07:53.002		1.25386			4
2024.12.26	09:07:54.213		1.25387			4
2024.12.26	09:07:58.181	1.25385				2
2024.12.26	09:08:00.023	1.25385				2
2024.12.26	09:08:02.794	1.25384				2
2024.12.26	09:08:03.711	1.25382	1.25384			6
2024.12.26	09:08:04.944		1.25385			4
2024.12.26	09:08:05.252		1.25386			4
2024.12.26	09:08:06.177	1.25381	1.25385			6
2024.12.26	09:08:08.640		1.25384			4
2024.12.26	09:08:08.956	1.25382	1.25385			6
2024.12.26	09:08:11.722		1.25384			4
2024.12.26	09:08:14.185	1.25380	1.25382			6
2024.12.26	09:08:14.493	1.25381				2
2024.12.26	09:08:25.850	1.25379				2
2024.12.26	09:08:26.773	1.25381				2
2024.12.26	09:08:29.233	1.25380				2
2024.12.26	09:08:29.843	1.25379	1.25381			6
2024.12.26	09:08:30.148		1.25382			4
2024.12.26	09:08:31.390	1.25380				2
2024.12.26	09:08:32.006	1.25381				2
2024.12.26	09:08:37.865	1.25380				2
2024.12.26	09:08:41.232		1.25381			4
2024.12.26	09:08:41.846	1.25378	1.25379			6
2024.12.26	09:08:42.461	1.25379	1.25380			6
2024.12.26	09:08:47.390	1.25377				2
2024.12.26	09:08:47.700	1.25378				2
2024.12.26	09:08:48.628		1.25381			4
2024.12.26	09:08:49.241		1.25379			4
2024.12.26	09:08:50.474		1.25381			4
2024.12.26	09:08:53.860	1.25376	1.25379			6
2024.12.26	09:08:54.470	1.25378	1.25381			6
2024.12.26	09:09:00.014	1.25378				2
2024.12.26	09:09:00.935	1.25377				2
2024.12.26	09:09:01.548	1.25376	1.25379			6
2024.12.26	09:09:05.549	1.25378	1.25381			6
2024.12.26	09:09:08.629	1.25376	1.25379			6
2024.12.26	09:09:09.245	1.25377	1.25381			6
2024.12.26	09:09:11.088	1.25376				2
2024.12.26	09:09:11.389		1.25379			4
2024.12.26	09:09:16.010	1.25377				2
2024.12.26	09:09:16.316		1.25381			4
2024.12.26	09:09:16.627	1.25379				2
2024.12.26	09:09:23.977	1.25377	1.25380			6
2024.12.26	09:09:24.891	1.25378	1.25381			6
2024.12.26	09:09:28.561	1.25376	1.25379			6
2024.12.26	09:09:55.846	1.25371	1.25373			6
2024.12.26	09:09:56.154		1.25374			4
2024.12.26	09:09:57.390	1.25373	1.25376			6
2024.12.26	09:10:00.173	1.25373				2
2024.12.26	09:10:01.406	1.25372				2
2024.12.26	09:10:02.022		1.25375			4
2024.12.26	09:10:03.251	1.25365	1.25369			6
2024.12.26	09:10:07.560		1.25372			4
2024.12.26	09:10:11.866	1.25366				2
2024.12.26	09:10:15.556	1.25367				2
2024.12.26	09:10:15.857	1.25366				2
2024.12.26	09:10:16.784	1.25367				2
2024.12.26	09:10:17.090	1.25366				2
2024.12.26	09:10:18.945	1.25367				2
2024.12.26	09:10:20.177	1.25368				2
2024.12.26	09:10:23.215	1.25369				2
2024.12.26	09:10:24.141	1.25368	1.25371			6
2024.12.26	09:10:25.664	1.25367	1.25369			6
2024.12.26	09:10:26.281	1.25366				2
2024.12.26	09:10:27.495	1.25368	1.25372			6
2024.12.26	09:10:27.803		1.25371			4
2024.12.26	09:10:28.104	1.25367				2
2024.12.26	09:10:29.644	1.25368	1.25372			6
2024.12.26	09:10:29.948	1.25367	1.25371			6
2024.12.26	09:10:31.178	1.25368				2
2024.12.26	09:10:34.240		1.25370			4
2024.12.26	09:10:39.144	1.25369	1.25371			6
2024.12.26	09:10:39.759	1.25370				2
2024.12.26	09:10:41.891	1.25369				2
2024.12.26	09:10:45.248	1.25373	1.25375			6
2024.12.26	09:10:45.553	1.25374	1.25376			6
2024.12.26	09:10:46.170		1.25377			4
2024.12.26	09:11:00.243	1.25376	1.25378			6
2024.12.26	09:11:00.552	1.25378	1.25380			6
2024.12.26	09:11:01.480		1.25381			4
2024.12.26	09:11:03.009	1.25377	1.25380			6
2024.12.26	09:11:13.456		1.25379			4
2024.12.26	09:11:14.378		1.25380			4
2024.12.26	09:11:14.989		1.25379			4
2024.12.26	09:11:17.141	1.25378				2
2024.12.26	09:11:17.447	1.25377				2
2024.12.26	09:11:20.199	1.25378	1.25380			6
2024.12.26	09:11:20.503	1.25377	1.25379			6
2024.12.26	09:11:21.109		1.25380			4
2024.12.26	09:11:22.318		1.25379			4
2024.12.26	09:11:23.524	1.25378				2
2024.12.26	09:11:23.825		1.25380			4
2024.12.26	09:11:24.136		1.25379			4
2024.12.26	09:11:26.887		1.25380			4
2024.12.26	09:11:37.584	1.25380	1.25381			6
2024.12.26	09:11:40.953	1.25382	1.25383			6
2024.12.26	09:11:41.256	1.25379	1.25381			6
2024.12.26	09:11:41.564	1.25382	1.25383			6
2024.12.26	09:11:42.168		1.25384			4
2024.12.26	09:11:50.136		1.25383			4
2024.12.26	09:11:52.272		1.25384			4
2024.12.26	09:11:52.889	1.25381	1.25383			6
2024.12.26	09:12:00.248	1.25381				2
2024.12.26	09:12:01.166	1.25379	1.25381			6
2024.12.26	09:12:02.388		1.25382			4
2024.12.26	09:12:11.570	1.25377	1.25381			6
2024.12.26	09:12:12.188	1.25378				2
2024.12.26	09:12:12.799	1.25379				2
2024.12.26	09:12:15.860	1.25378	1.25379			6
2024.12.26	09:12:20.446	1.25376	1.25377			6
2024.12.26	09:12:24.741	1.25373	1.25376			6
2024.12.26	09:12:25.048		1.25375			4
2024.12.26	09:12:26.878	1.25374	1.25376			6
2024.12.26	09:12:28.403	1.25372				2
2024.12.26	09:12:28.711		1.25375			4
2024.12.26	09:12:37.289		1.25374			4
2024.12.26	09:12:39.129		1.25373			4
2024.12.26	09:12:44.936	1.25373	1.25374			6
2024.12.26	09:12:45.237	1.25374	1.25375			6
2024.12.26	09:12:45.858	1.25373	1.25374			6
2024.12.26	09:12:46.163	1.25374	1.25375			6
2024.12.26	09:12:46.767	1.25373	1.25374			6
2024.12.26	09:12:47.384	1.25372				2
2024.12.26	09:12:50.464		1.25373			4
2024.12.26	09:12:50.771		1.25374			4
2024.12.26	09:12:54.160	1.25373				2
2024.12.26	09:13:00.007	1.25373				2
2024.12.26	09:13:00.315	1.25375	1.25376			6
2024.12.26	09:13:00.621	1.25373	1.25374			6
2024.12.26	09:13:02.159		1.25375			4
2024.12.26	09:13:02.463	1.25374				2
2024.12.26	09:13:04.314	1.25372	1.25374			6
2024.12.26	09:13:07.687	1.25371	1.25373			6
2024.12.26	09:13:14.761	1.25370				2
2024.12.26	09:13:15.376		1.25372			4
2024.12.26	09:13:16.290		1.25371			4
2024.12.26	09:13:30.629	1.25369	1.25370			6
2024.12.26	09:13:33.383		1.25371			4
2024.12.26	09:13:36.139		1.25370			4
2024.12.26	09:13:37.368		1.25372			4
2024.12.26	09:13:39.836		1.25373			4
2024.12.26	09:13:40.150		1.25371			4
2024.12.26	09:13:40.454		1.25372			4
2024.12.26	09:13:40.758		1.25370			4
2024.12.26	09:13:42.918	1.25368				2
2024.12.26	09:13:43.226		1.25369			4
2024.12.26	09:13:43.844	1.25367	1.25368			6
2024.12.26	09:13:46.301	1.25361	1.25364			6
2024.12.26	09:13:47.223		1.25363			4
2024.12.26	09:13:47.841	1.25360	1.25362			6
2024.12.26	09:13:48.764		1.25363			4
2024.12.26	09:13:53.684		1.25362			4
2024.12.26	09:13:56.147	1.25359	1.25360			6
2024.12.26	09:13:58.908	1.25361	1.25363			6
2024.12.26	09:13:59.522	1.25360	1.25361			6
2024.12.26	09:13:59.836	1.25359	1.25360			6
2024.12.26	09:14:00.138	1.25359				2
2024.12.26	09:14:06.582	1.25358	1.25359			6
2024.12.26	09:14:06.889	1.25357	1.25358			6
2024.12.26	09:14:08.422	1.25350	1.25352			6
2024.12.26	09:14:09.032	1.25349				2
2024.12.26	09:14:15.144		1.25351			4
2024.12.26	09:14:15.451	1.25348	1.25349			6
2024.12.26	09:14:20.972	1.25349	1.25350			6
2024.12.26	09:14:21.583	1.25350	1.25352			6
2024.12.26	09:14:25.879		1.25351			4
2024.12.26	09:14:26.497		1.25352			4
2024.12.26	09:14:27.722	1.25349				2
2024.12.26	09:14:28.029		1.25351			4
2024.12.26	09:14:32.955		1.25352			4
2024.12.26	09:14:33.268		1.25351			4
2024.12.26	09:14:42.130		1.25350			4
2024.12.26	09:14:43.052		1.25351			4
2024.12.26	09:14:43.665		1.25350			4
2024.12.26	09:14:48.250		1.25351			4
2024.12.26	09:14:48.558	1.25356	1.25357			6
2024.12.26	09:14:50.404	1.25355				2
2024.12.26	09:14:51.329	1.25356				2
2024.12.26	09:14:55.624	1.25355				2
2024.12.26	09:14:58.696	1.25354	1.25356			6
2024.12.26	09:15:00.241	1.25354				2
2024.12.26	09:15:00.853	1.25356	1.25357			6
2024.12.26	09:15:01.466	1.25359	1.25360			6
2024.12.26	09:15:01.773		1.25362			4
2024.12.26	09:15:04.543		1.25360			4
2024.12.26	09:15:04.844	1.25358	1.25359			6
2024.12.26	09:15:11.289	1.25356	1.25358			6
2024.12.26	09:15:12.825	1.25357				2
2024.12.26	09:15:13.436	1.25356				2
2024.12.26	09:15:13.747	1.25358	1.25359			6
2024.12.26	09:15:33.022	1.25359	1.25361			6
2024.12.26	09:15:33.328		1.25360			4
2024.12.26	09:15:33.934	1.25358	1.25359			6
2024.12.26	09:15:34.242	1.25354	1.25356			6
2024.12.26	09:16:00.015	1.25354				2
2024.12.26	09:16:00.321	1.25349	1.25350			6
2024.12.26	09:16:10.760	1.25346	1.25347			6
2024.12.26	09:16:11.992	1.25342	1.25344			6
2024.12.26	09:16:12.292	1.25341	1.25343			6
2024.12.26	09:16:20.911		1.25344			4
2024.12.26	09:16:21.826		1.25343			4
2024.12.26	09:16:22.131		1.25344			4
2024.12.26	09:16:30.121		1.25343			4
2024.12.26	09:16:30.427	1.25340	1.25342			6
2024.12.26	09:16:34.110		1.25343			4
2024.12.26	09:16:37.165		1.25342			4
2024.12.26	09:16:39.297	1.25337	1.25339			6
2024.12.26	09:16:46.078	1.25336	1.25338			6
2024.12.26	09:16:47.008	1.25337				2
2024.12.26	09:16:47.622	1.25336				2
2024.12.26	09:16:50.981	1.25337	1.25339			6
2024.12.26	09:17:00.144	1.25338	1.25340			6
2024.12.26	09:17:10.600		1.25339			4
2024.12.26	09:17:14.575	1.25337				2
2024.12.26	09:17:16.409	1.25336				2
2024.12.26	09:17:17.019		1.25338			4
2024.12.26	09:17:19.156	1.25337				2
2024.12.26	09:17:20.676	1.25336				2
2024.12.26	09:17:29.560	1.25333	1.25336			6
2024.12.26	09:17:30.166		1.25335			4
2024.12.26	09:17:30.777	1.25331	1.25333			6
2024.12.26	09:17:31.384		1.25335			4
2024.12.26	09:17:31.692	1.25330	1.25334			6
2024.12.26	09:17:32.000		1.25335			4
2024.12.26	09:17:32.932		1.25334			4
2024.12.26	09:17:33.235	1.25331	1.25335			6
2024.12.26	09:17:35.690		1.25334			4
2024.12.26	09:17:36.611	1.25325	1.25329			6
2024.12.26	09:17:36.918	1.25326	1.25331			6
2024.12.26	09:17:37.226	1.25325	1.25330			6
2024.12.26	09:17:37.531	1.25326	1.25331			6
2024.12.26	09:17:39.078	1.25325				2
2024.12.26	09:17:39.386	1.25324	1.25329			6
2024.12.26	09:17:46.148	1.25325				2
2024.12.26	09:17:46.455	1.25324				2
2024.12.26	09:17:47.380	1.25323	1.25328			6
2024.12.26	09:17:47.689		1.25327			4
2024.12.26	09:17:51.689	1.25326	1.25329			6
2024.12.26	09:17:52.308	1.25325				2
2024.12.26	09:17:54.769		1.25328			4
2024.12.26	09:17:58.149		1.25327			4
2024.12.26	09:17:59.377	1.25324				2
2024.12.26	09:17:59.684	1.25322	1.25324			6
2024.12.26	09:18:00.302	1.25322				2
2024.12.26	09:18:01.213		1.25325			4
2024.12.26	09:18:03.049		1.25326			4
2024.12.26	09:18:09.214		1.25325			4
2024.12.26	09:18:12.292		1.25324			4
2024.12.26	09:18:12.904	1.25318	1.25322			6
2024.12.26	09:18:13.207	1.25314	1.25317			6
2024.12.26	09:18:13.514	1.25313	1.25316			6
2024.12.26	09:18:13.822		1.25317			4
2024.12.26	09:18:14.123		1.25319			4
2024.12.26	09:18:14.427	1.25312	1.25318			6
2024.12.26	09:18:15.051		1.25319			4
2024.12.26	09:18:16.881	1.25314				2
2024.12.26	09:18:19.640		1.25316			4
2024.12.26	09:18:19.943	1.25311	1.25315			6
2024.12.26	09:18:20.563	1.25310	1.25314			6
2024.12.26	09:18:20.878	1.25311				2
2024.12.26	09:18:21.490		1.25315			4
2024.12.26	09:18:26.717	1.25313				2
2024.12.26	09:18:27.024	1.25311				2
2024.12.26	09:18:27.334	1.25312				2
2024.12.26	09:18:27.648	1.25311				2
2024.12.26	09:18:27.948	1.25312				2
2024.12.26	09:18:28.259	1.25310	1.25313			6
2024.12.26	09:18:28.867		1.25314			4
2024.12.26	09:18:29.178	1.25311				2
2024.12.26	09:18:30.409		1.25315			4
2024.12.26	09:18:30.720		1.25312			4
2024.12.26	09:18:32.566	1.25306	1.25307			6
2024.12.26	09:18:33.488	1.25305				2
2024.12.26	09:18:34.718	1.25301	1.25306			6
2024.12.26	09:18:35.025	1.25303				2
2024.12.26	09:18:35.945	1.25301	1.25305			6
2024.12.26	09:18:36.871	1.25300				2
2024.12.26	09:18:37.489	1.25301				2
2024.12.26	09:18:39.015	1.25300	1.25303			6
2024.12.26	09:18:40.245	1.25299				2
2024.12.26	09:18:42.086	1.25295	1.25298			6
2024.12.26	09:18:42.394	1.25294				2
2024.12.26	09:18:42.698	1.25292	1.25296			6
2024.12.26	09:18:46.384	1.25293				2
2024.12.26	09:18:46.997	1.25292	1.25295			6
2024.12.26	09:18:47.299	1.25291	1.25293			6
2024.12.26	09:18:47.604	1.25290				2
2024.12.26	09:18:49.452	1.25289				2
2024.12.26	09:18:55.291		1.25292			4
2024.12.26	09:18:57.427		1.25293			4
2024.12.26	09:18:59.261		1.25292			4
2024.12.26	09:19:00.173	1.25289				2
2024.12.26	09:19:01.396	1.25279	1.25282			6
2024.12.26	09:19:01.698	1.25277	1.25278			6
2024.12.26	09:19:01.999	1.25275	1.25276			6
2024.12.26	09:19:02.307	1.25272	1.25275			6
2024.12.26	09:19:03.229	1.25273	1.25276			6
2024.12.26	09:19:03.535	1.25274				2
2024.12.26	09:19:04.148	1.25273				2
2024.12.26	09:19:04.754	1.25274				2
2024.12.26	09:19:05.972	1.25275				2
2024.12.26	09:19:06.277	1.25274				2
2024.12.26	09:19:07.497	1.25272	1.25273			6
2024.12.26	09:19:09.022	1.25271				2
2024.12.26	09:19:09.936	1.25272				2
2024.12.26	09:19:10.544		1.25274			4
2024.12.26	09:19:10.849		1.25273			4
2024.12.26	09:19:12.373	1.25273	1.25276			6
2024.12.26	09:19:12.678	1.25252	1.25257			6
2024.12.26	09:19:12.981	1.25253	1.25256			6
2024.12.26	09:19:13.284	1.25248	1.25252			6
2024.12.26	09:19:13.591	1.25249				2
2024.12.26	09:19:14.198	1.25250				2
2024.12.26	09:19:16.351	1.25241	1.25244			6
2024.12.26	09:19:16.661	1.25244	1.25247			6
2024.12.26	09:19:17.273	1.25245	1.25246			6
2024.12.26	09:19:17.581	1.25251	1.25254			6
2024.12.26	09:19:19.425	1.25250				2
2024.12.26	09:19:20.032	1.25251				2
2024.12.26	09:19:20.342	1.25252				2
2024.12.26	09:19:22.486	1.25254	1.25255			6
2024.12.26	09:19:24.321	1.25255	1.25256			6
2024.12.26	09:19:24.626	1.25253	1.25257			6
2024.12.26	09:19:24.945	1.25255				2
2024.12.26	09:19:25.251	1.25253	1.25256			6
2024.12.26	09:19:25.561	1.25255				2
2024.12.26	09:19:27.397	1.25254	1.25255			6
2024.12.26	09:19:27.704	1.25250	1.25253			6
2024.12.26	09:19:29.842	1.25251				2
2024.12.26	09:19:31.682	1.25252	1.25254			6
2024.12.26	09:19:32.598	1.25253				2
2024.12.26	09:19:32.911	1.25255	1.25256			6
2024.12.26	09:19:33.220		1.25257			4
2024.12.26	09:19:34.137	1.25261	1.25262			6
2024.12.26	09:19:34.449	1.25260	1.25263			6
2024.12.26	09:19:34.754	1.25261				2
2024.12.26	09:19:35.671	1.25263	1.25264			6
2024.12.26	09:19:35.980		1.25265			4
2024.12.26	09:19:36.283	1.25269	1.25272			6
2024.12.26	09:19:37.823	1.25268	1.25271			6
2024.12.26	09:19:38.131		1.25272			4
2024.12.26	09:19:38.438	1.25269				2
2024.12.26	09:19:38.745	1.25268				2
2024.12.26	09:19:39.052	1.25269				2
2024.12.26	09:19:42.122	1.25270				2
2024.12.26	09:19:42.733	1.25271				2
2024.12.26	09:19:43.037	1.25270	1.25273			6
2024.12.26	09:19:47.331	1.25282	1.25283			6
2024.12.26	09:19:47.641	1.25283	1.25284			6
2024.12.26	09:19:47.942	1.25281	1.25283			6
2024.12.26	09:19:49.169	1.25280				2
2024.12.26	09:19:49.470	1.25274	1.25276			6
2024.12.26	09:19:50.090	1.25276	1.25277			6
2024.12.26	09:19:52.241	1.25277	1.25278			6
2024.12.26	09:19:53.775	1.25280	1.25282			6
2024.12.26	09:19:55.304	1.25278	1.25281			6
2024.12.26	09:19:56.228	1.25277	1.25278			6
2024.12.26	09:19:57.753	1.25279	1.25281			6
2024.12.26	09:19:58.059		1.25282			4
2024.12.26	09:19:58.363	1.25276	1.25277			6
2024.12.26	09:19:58.672	1.25274				2
2024.12.26	09:19:59.594	1.25279	1.25280			6
2024.12.26	09:20:00.215	1.25278	1.25279			6
2024.12.26	09:20:00.823	1.25276	1.25278			6
2024.12.26	09:20:01.125	1.25277				2
2024.12.26	09:20:01.426	1.25278	1.25279			6
2024.12.26	09:20:02.648		1.25281			4
2024.12.26	09:20:04.802		1.25279			4
2024.12.26	09:20:05.105		1.25280			4
2024.12.26	09:20:06.337	1.25277	1.25279			6
2024.12.26	09:20:06.646		1.25278			4
2024.12.26	09:20:06.951	1.25267	1.25268			6
2024.12.26	09:20:07.254	1.25265	1.25266			6
2024.12.26	09:20:07.863	1.25264				2
2024.12.26	09:20:08.469	1.25261	1.25264			6
2024.12.26	09:20:10.001	1.25262				2
2024.12.26	09:20:10.308	1.25261				2
2024.12.26	09:20:11.530		1.25263			4
2024.12.26	09:20:11.836	1.25266	1.25268			6
2024.12.26	09:20:12.141	1.25267				2
2024.12.26	09:20:12.751		1.25270			4
2024.12.26	09:20:13.361		1.25269			4
2024.12.26	09:20:13.968		1.25268			4
2024.12.26	09:20:16.411	1.25266	1.25267			6
2024.12.26	09:20:16.713	1.25267	1.25268			6
2024.12.26	09:20:20.374	1.25264	1.25265			6
2024.12.26	09:20:20.676	1.25260	1.25262			6
2024.12.26	09:20:20.983		1.25263			4
2024.12.26	09:20:21.907		1.25262			4
2024.12.26	09:20:23.128	1.25261	1.25263			6
2024.12.26	09:20:23.435	1.25262				2
2024.12.26	09:20:24.347	1.25261				2
2024.12.26	09:20:24.649	1.25262				2
2024.12.26	09:20:28.615	1.25263	1.25264			6
2024.12.26	09:20:34.428	1.25265	1.25266			6
2024.12.26	09:20:35.652		1.25267			4
2024.12.26	09:20:36.867	1.25259	1.25262			6
2024.12.26	09:20:37.169	1.25261	1.25263			6
2024.12.26	09:20:40.547	1.25263	1.25264			6
2024.12.26	09:20:40.852	1.25264	1.25267			6
2024.12.26	09:20:41.158	1.25267	1.25268			6
2024.12.26	09:20:46.985	1.25260	1.25263			6
2024.12.26	09:20:55.599	1.25262				2
2024.12.26	09:20:57.130	1.25253	1.25255			6
2024.12.26	09:20:58.043	1.25254	1.25256			6
2024.12.26	09:21:00.188	1.25254				2
2024.12.26	09:21:03.260	1.25256	1.25257			6
2024.12.26	09:21:03.568	1.25249	1.25250			6
2024.12.26	09:21:04.183	1.25244	1.25245			6
2024.12.26	09:21:04.485	1.25243	1.25244			6
2024.12.26	09:21:05.111	1.25242	1.25243			6
2024.12.26	09:21:05.721	1.25241	1.25242			6
2024.12.26	09:21:07.070	1.25242	1.25244			6
2024.12.26	09:21:07.376	1.25245	1.25246			6
2024.12.26	09:21:07.682	1.25247	1.25248			6
2024.12.26	09:21:08.300	1.25249	1.25250			6
2024.12.26	09:21:08.601		1.25253			4
2024.12.26	09:21:09.830	1.25250				2
2024.12.26	09:21:10.139		1.25252			4
2024.12.26	09:21:10.443		1.25253			4
2024.12.26	09:21:11.363	1.25249	1.25250			6
2024.12.26	09:21:14.748	1.25246	1.25247			6
2024.12.26	09:21:15.666	1.25239	1.25241			6
2024.12.26	09:21:15.973		1.25243			4
2024.12.26	09:21:16.582	1.25240				2
2024.12.26	09:21:16.884		1.25242			4
2024.12.26	09:21:17.822	1.25241	1.25243			6
2024.12.26	09:21:18.744	1.25242				2
2024.12.26	09:21:21.832	1.25243	1.25244			6
2024.12.26	09:21:23.063		1.25245			4
2024.12.26	09:21:23.370	1.25247	1.25248			6
2024.12.26	09:21:31.364	1.25244	1.25245			6
2024.12.26	09:21:35.059	1.25245	1.25246			6
2024.12.26	09:21:37.210		1.25247			4
2024.12.26	09:21:37.518		1.25248			4
2024.12.26	09:21:39.352	1.25246				2
2024.12.26	09:21:39.968		1.25247			4
2024.12.26	09:21:40.277	1.25247	1.25248			6
2024.12.26	09:21:47.628	1.25243	1.25244			6
2024.12.26	09:22:00.209	1.25246	1.25247			6
2024.12.26	09:22:00.510	1.25247	1.25248			6
2024.12.26	09:22:04.503	1.25245	1.25247			6
2024.12.26	09:22:08.796	1.25247	1.25248			6
2024.12.26	09:22:24.411	1.25245				2
2024.12.26	09:22:24.717	1.25244	1.25246			6
2024.12.26	09:22:32.410	1.25245	1.25247			6
2024.12.26	09:22:33.022	1.25246				2
2024.12.26	09:22:33.950		1.25248			4
2024.12.26	09:22:44.422		1.25249			4
2024.12.26	09:22:49.047	1.25247				2
2024.12.26	09:22:54.281		1.25250			4
2024.12.26	09:22:57.353	1.25246				2
2024.12.26	09:23:00.109	1.25247				2
2024.12.26	09:23:12.975		1.25251			4
2024.12.26	09:23:15.427	1.25241	1.25245			6
2024.12.26	09:23:15.727	1.25240	1.25242			6
2024.12.26	09:23:16.039		1.25241			4
2024.12.26	09:23:19.093		1.25244			4
2024.12.26	09:23:37.862	1.25239	1.25243			6
2024.12.26	09:23:38.168	1.25236	1.25240			6
2024.12.26	09:23:39.082	1.25237	1.25241			6
2024.12.26	09:23:41.249	1.25236	1.25240			6
2024.12.26	09:23:41.862		1.25241			4
2024.12.26	09:23:42.171	1.25239	1.25243			6
2024.12.26	09:23:42.474	1.25238	1.25242			6
2024.12.26	09:23:42.786	1.25236	1.25240			6
2024.12.26	09:23:45.248	1.25233	1.25235			6
2024.12.26	09:23:45.556	1.25224	1.25225			6
2024.12.26	09:23:46.177	1.25221	1.25223			6
2024.12.26	09:23:46.484	1.25219	1.25221			6
2024.12.26	09:23:47.099	1.25222	1.25225			6
2024.12.26	09:23:47.404	1.25221	1.25224			6
2024.12.26	09:23:48.333	1.25222				2
2024.12.26	09:23:49.255		1.25225			4
2024.12.26	09:23:49.876		1.25224			4
2024.12.26	09:23:50.182		1.25225			4
2024.12.26	09:23:51.410		1.25226			4
2024.12.26	09:23:51.721		1.25225			4
2024.12.26	09:23:53.565	1.25221	1.25223			6
2024.12.26	09:23:53.875	1.25222	1.25224			6
2024.12.26	09:23:55.412		1.25223			4
2024.12.26	09:23:56.952		1.25224			4
2024.12.26	09:23:57.260		1.25223			4
2024.12.26	09:23:58.184		1.25225			4
2024.12.26	09:23:58.491	1.25224	1.25226			6
2024.12.26	09:23:58.799	1.25223	1.25224			6
2024.12.26	09:23:59.107		1.25225			4
2024.12.26	09:24:00.029	1.25223				2
2024.12.26	09:24:00.340		1.25226			4
2024.12.26	09:24:02.171	1.25228	1.25229			6
2024.12.26	09:24:02.478	1.25231	1.25233			6
2024.12.26	09:24:02.780	1.25232	1.25235			6
2024.12.26	09:24:03.083	1.25231				2
2024.12.26	09:24:04.322	1.25239	1.25243			6
2024.12.26	09:24:04.624	1.25234	1.25236			6
2024.12.26	09:24:04.939		1.25237			4
2024.12.26	09:24:05.548		1.25238			4
2024.12.26	09:24:05.851	1.25235	1.25239			6
2024.12.26	09:24:06.474		1.25238			4
2024.12.26	09:24:08.009		1.25239			4
2024.12.26	09:24:11.085		1.25238			4
2024.12.26	09:24:11.387	1.25234				2
2024.12.26	09:24:12.316		1.25235			4
2024.12.26	09:24:12.623		1.25237			4
2024.12.26	09:24:12.928		1.25238			4
2024.12.26	09:24:13.862	1.25235	1.25239			6
2024.12.26	09:24:20.328	1.25236				2
2024.12.26	09:24:25.213	1.25237				2
2024.12.26	09:24:44.770	1.25242	1.25243			6
2024.12.26	09:24:45.081	1.25245	1.25247			6
2024.12.26	09:24:46.305	1.25243	1.25248			6
2024.12.26	09:24:47.543	1.25245				2
2024.12.26	09:24:48.160		1.25247			4
2024.12.26	09:24:49.077	1.25250	1.25254			6
2024.12.26	09:24:51.522	1.25252	1.25255			6
2024.12.26	09:24:53.369	1.25251	1.25254			6
2024.12.26	09:24:53.980		1.25253			4
2024.12.26	09:24:57.653		1.25254			4
2024.12.26	09:24:57.957	1.25247	1.25250			6
2024.12.26	09:25:00.103	1.25246	1.25249			6
2024.12.26	09:25:00.407	1.25248	1.25251			6
2024.12.26	09:25:01.330	1.25247				2
2024.12.26	09:25:02.252	1.25250	1.25253			6
2024.12.26	09:25:03.179	1.25251	1.25254			6
2024.12.26	09:25:03.481	1.25252	1.25255			6
2024.12.26	09:25:05.326	1.25254				2
2024.12.26	09:25:06.561		1.25257			4
2024.12.26	09:25:06.869		1.25255			4
2024.12.26	09:25:07.791		1.25256			4
2024.12.26	09:25:09.020	1.25248	1.25250			6
2024.12.26	09:25:09.326	1.25247				2
2024.12.26	09:25:10.248	1.25246				2
2024.12.26	09:25:11.211		1.25249			4
2024.12.26	09:25:11.521	1.25247	1.25252			6
2024.12.26	09:25:12.441	1.25259	1.25262			6
2024.12.26	09:25:12.747		1.25263			4
2024.12.26	09:25:13.059	1.25260				2
2024.12.26	09:25:17.985	1.25261				2
2024.12.26	09:25:19.213	1.25262	1.25266			6
2024.12.26	09:25:19.524	1.25259	1.25263			6
2024.12.26	09:25:20.441	1.25257	1.25261			6
2024.12.26	09:25:23.812	1.25256	1.25260			6
2024.12.26	09:25:28.109	1.25257				2
2024.12.26	09:25:30.257		1.25259			4
2024.12.26	09:25:41.289	1.25253	1.25255			6
2024.12.26	09:25:41.595	1.25251	1.25253			6
2024.12.26	09:25:41.896	1.25250	1.25252			6
2024.12.26	09:25:42.209	1.25249	1.25253			6
2024.12.26	09:25:42.515		1.25254			4
2024.12.26	09:25:47.726		1.25253			4
2024.12.26	09:25:48.341	1.25245	1.25250			6
2024.12.26	09:25:53.845	1.25246				2
2024.12.26	09:25:54.151	1.25245	1.25249			6
2024.12.26	09:25:55.375	1.25246				2
2024.12.26	09:25:57.206		1.25248			4
2024.12.26	09:25:58.121	1.25245	1.25247			6
2024.12.26	09:25:59.341	1.25247	1.25249			6
2024.12.26	09:25:59.647	1.25246	1.25248			6
2024.12.26	09:26:00.261	1.25245				2
2024.12.26	09:26:01.184	1.25244				2
2024.12.26	09:26:01.795	1.25241	1.25244			6
2024.12.26	09:26:02.400	1.25240	1.25243			6
2024.12.26	09:26:03.013		1.25244			4
2024.12.26	09:26:07.331	1.25241				2
2024.12.26	09:26:09.182		1.25243			4
2024.12.26	09:26:11.324		1.25244			4
2024.12.26	09:26:13.162		1.25243			4
2024.12.26	09:26:15.614	1.25243	1.25245			6
2024.12.26	09:26:16.220	1.25244	1.25247			6
2024.12.26	09:26:18.670		1.25246			4
2024.12.26	09:26:18.972	1.25245	1.25248			6
2024.12.26	09:26:20.201	1.25244	1.25247			6
2024.12.26	09:26:20.506	1.25245	1.25248			6
2024.12.26	09:26:21.122		1.25247			4
2024.12.26	09:26:29.360	1.25247	1.25249			6
2024.12.26	09:26:30.273	1.25246	1.25250			6
2024.12.26	09:26:32.116	1.25247				2
2024.12.26	09:26:32.735	1.25246	1.25249			6
2024.12.26	09:26:33.037	1.25247	1.25250			6
2024.12.26	09:26:34.258	1.25246	1.25249			6
2024.12.26	09:26:34.568	1.25247	1.25250			6
2024.12.26	09:26:39.772	1.25248				2
2024.12.26	09:26:40.386	1.25246	1.25249			6
2024.12.26	09:26:41.305	1.25245				2
2024.12.26	09:26:43.155		1.25248			4
2024.12.26	09:26:44.081		1.25249			4
2024.12.26	09:26:48.696	1.25246				2
2024.12.26	09:26:49.004		1.25250			4
2024.12.26	09:26:50.241		1.25251			4
2024.12.26	09:26:51.168		1.25250			4
2024.12.26	09:26:54.864	1.25249	1.25253			6
2024.12.26	09:26:55.789	1.25248	1.25252			6
2024.12.26	09:26:56.092	1.25241	1.25246			6
2024.12.26	09:26:56.406		1.25245			4
2024.12.26	09:26:57.025	1.25243	1.25246			6
2024.12.26	09:26:58.256	1.25244	1.25248			6
2024.12.26	09:27:00.105	1.25246				2
2024.12.26	09:27:00.415		1.25250			4
2024.12.26	09:27:04.416		1.25249			4
2024.12.26	09:27:05.030	1.25245	1.25247			6
2024.12.26	09:27:05.948	1.25246	1.25248			6
2024.12.26	09:27:09.326	1.25245	1.25247			6
2024.12.26	09:27:09.631	1.25243				2
2024.12.26	09:27:10.250	1.25241	1.25245			6
2024.12.26	09:27:13.335	1.25237	1.25241			6
2024.12.26	09:27:14.261		1.25240			4
2024.12.26	09:27:24.105	1.25238				2
2024.12.26	09:27:29.316		1.25239			4
2024.12.26	09:27:30.242		1.25240			4
2024.12.26	09:27:32.689	1.25239	1.25241			6
2024.12.26	09:27:33.293	1.25240	1.25243			6
2024.12.26	09:27:33.904	1.25239				2
2024.12.26	09:27:34.216	1.25238				2
2024.12.26	09:27:34.829		1.25242			4
2024.12.26	09:27:35.442		1.25243			4
2024.12.26	09:27:36.061	1.25239				2
2024.12.26	09:27:37.297	1.25240				2
2024.12.26	09:27:38.218	1.25239				2
2024.12.26	09:27:43.129	1.25240				2
2024.12.26	09:27:45.273		1.25242			4
2024.12.26	09:27:47.117		1.25243			4
2024.12.26	09:27:48.338		1.25242			4
2024.12.26	09:28:00.283	1.25240				2
2024.12.26	09:28:01.512	1.25239	1.25240			6
2024.12.26	09:28:01.820	1.25240	1.25242			6
2024.12.26	09:28:02.129	1.25241	1.25243			6
2024.12.26	09:28:03.043	1.25240	1.25242			6
2024.12.26	09:28:04.269	1.25239				2
2024.12.26	09:28:06.113	1.25240				2
2024.12.26	09:28:08.867	1.25239	1.25241			6
2024.12.26	09:28:15.626		1.25242			4
2024.12.26	09:28:17.159	1.25238	1.25240			6
2024.12.26	09:28:17.463	1.25237				2
2024.12.26	09:28:18.076	1.25236	1.25239			6
2024.12.26	09:28:23.598		1.25238			4
2024.12.26	09:28:28.189	1.25234	1.25236			6
2024.12.26	09:28:31.253		1.25235			4
2024.12.26	09:28:33.403	1.25230	1.25231			6
2024.12.26	09:28:33.704	1.25231	1.25233			6
2024.12.26	09:28:34.320	1.25232				2
2024.12.26	09:28:38.922		1.25234			4
2024.12.26	09:28:40.747	1.25238	1.25239			6
2024.12.26	09:28:42.284		1.25240			4
2024.12.26	09:28:44.440		1.25242			4
2024.12.26	09:28:44.741		1.25241			4
2024.12.26	09:28:46.284		1.25239			4
2024.12.26	09:28:49.368	1.25237	1.25238			6
2024.12.26	09:28:52.756	1.25235	1.25236			6
2024.12.26	09:28:53.990	1.25236	1.25237			6
2024.12.26	09:28:54.301	1.25237	1.25238			6
2024.12.26	09:28:55.221	1.25235	1.25237			6
2024.12.26	09:28:56.455	1.25237	1.25238			6
2024.12.26	09:29:00.145	1.25237				2
2024.12.26	09:29:03.222	1.25238	1.25239			6
2024.12.26	09:29:05.369	1.25237	1.25238			6
2024.12.26	09:29:05.680		1.25239			4
2024.12.26	09:29:11.815	1.25238				2
2024.12.26	09:29:12.120	1.25240	1.25242			6
2024.12.26	09:29:12.428	1.25243	1.25244			6
2024.12.26	09:29:13.343	1.25242				2
2024.12.26	09:29:13.644		1.25245			4
2024.12.26	09:29:13.947	1.25240	1.25242			6
2024.12.26	09:29:14.261		1.25241			4
2024.12.26	09:29:16.103		1.25242			4
2024.12.26	09:29:17.035	1.25241	1.25244			6
2024.12.26	09:29:22.572	1.25244	1.25245			6
2024.12.26	09:29:22.883	1.25248	1.25252			6
2024.12.26	09:29:23.192		1.25250			4
2024.12.26	09:29:23.806	1.25247				2
2024.12.26	09:29:31.444	1.25246	1.25248			6
2024.12.26	09:29:32.363	1.25247	1.25249			6
2024.12.26	09:29:35.446		1.25251			4
2024.12.26	09:29:41.284	1.25248				2
2024.12.26	09:29:44.337		1.25250			4
2024.12.26	09:29:44.642	1.25246	1.25248			6
2024.12.26	09:29:46.186	1.25245				2
2024.12.26	09:29:50.167	1.25246				2
2024.12.26	09:29:53.530	1.25245	1.25247			6
2024.12.26	09:29:54.448	1.25239	1.25241			6
2024.12.26	09:29:57.837		1.25243			4
2024.12.26	09:29:59.068	1.25241	1.25244			6
2024.12.26	09:29:59.372	1.25239				2
2024.12.26	09:30:00.288	1.25241	1.25245			6
2024.12.26	09:30:00.596	1.25242				2
2024.12.26	09:30:01.528	1.25241				2
2024.12.26	09:30:02.760	1.25242	1.25246			6
2024.12.26	09:30:03.063	1.25243	1.25248			6
2024.12.26	09:30:07.041	1.25242	1.25245			6
2024.12.26	09:30:07.343	1.25241				2
2024.12.26	09:30:07.969	1.25243	1.25247			6
2024.12.26	09:30:08.582		1.25248			4
2024.12.26	09:30:09.198		1.25247			4
2024.12.26	09:30:09.506		1.25248			4
2024.12.26	09:30:09.811	1.25245				2
2024.12.26	09:30:10.118	1.25247	1.25250			6
2024.12.26	09:30:17.195	1.25248	1.25252			6
2024.12.26	09:30:17.507	1.25247	1.25250			6
2024.12.26	09:30:22.104	1.25248				2
2024.12.26	09:30:24.249	1.25247	1.25249			6
2024.12.26	09:30:25.180		1.25250			4
2024.12.26	09:30:26.104		1.25249			4
2024.12.26	09:30:28.556	1.25248	1.25250			6
2024.12.26	09:30:29.473		1.25249			4
2024.12.26	09:30:30.383		1.25250			4
2024.12.26	09:30:30.987		1.25251			4
2024.12.26	09:30:31.299		1.25250			4
2024.12.26	09:30:32.834		1.25249			4
2024.12.26	09:30:33.136		1.25250			4
2024.12.26	09:30:33.755		1.25249			4
2024.12.26	09:30:36.810	1.25251	1.25252			6
2024.12.26	09:30:37.124	1.25256	1.25258			6
2024.12.26	09:30:38.345	1.25255				2
2024.12.26	09:30:43.254	1.25250	1.25254			6
2024.12.26	09:30:56.486	1.25251	1.25255			6
2024.12.26	09:30:59.240	1.25252				2
2024.12.26	09:31:00.154	1.25252				2
2024.12.26	09:31:00.459		1.25254			4
2024.12.26	09:31:00.764	1.25253				2
2024.12.26	09:31:01.065	1.25251				2
2024.12.26	09:31:01.374	1.25250	1.25253			6
2024.12.26	09:31:01.993	1.25251	1.25254			6
2024.12.26	09:31:02.294	1.25250				2
2024.12.26	09:31:02.596		1.25253			4
2024.12.26	09:31:02.901		1.25254			4
2024.12.26	09:31:03.205	1.25251				2
2024.12.26	09:31:04.428	1.25250	1.25253			6
2024.12.26	09:31:04.734	1.25251	1.25254			6
2024.12.26	09:31:06.253		1.25253			4
2024.12.26	09:31:10.502	1.25252	1.25254			6
2024.12.26	09:31:17.212	1.25250	1.25252			6
2024.12.26	09:31:17.829	1.25251	1.25253			6
2024.12.26	09:31:18.133	1.25250	1.25254			6
2024.12.26	09:31:18.437	1.25252	1.25255			6
2024.12.26	09:31:18.748		1.25256			4
2024.12.26	09:31:19.052	1.25253				2
2024.12.26	09:31:19.362		1.25257			4
2024.12.26	09:31:26.115	1.25250	1.25254			6
2024.12.26	09:31:26.430	1.25251	1.25255			6
2024.12.26	09:31:27.036	1.25250	1.25254			6
2024.12.26	09:31:27.341		1.25255			4
2024.12.26	09:31:28.265		1.25254			4
2024.12.26	09:31:32.237	1.25251				2
2024.12.26	09:31:33.465	1.25250	1.25253			6
2024.12.26	09:31:33.772	1.25251	1.25254			6
2024.12.26	09:31:34.387		1.25253			4
2024.12.26	09:31:34.693	1.25252	1.25254			6
2024.12.26	09:31:35.613	1.25251				2
2024.12.26	09:31:36.220	1.25250				2
2024.12.26	09:31:37.141	1.25251				2
2024.12.26	09:31:40.197	1.25250	1.25252			6
2024.12.26	09:31:41.118		1.25253			4
2024.12.26	09:31:42.342		1.25252			4
2024.12.26	09:31:44.173	1.25251	1.25253			6
2024.12.26	09:31:50.299	1.25248	1.25250			6
2024.12.26	09:31:50.604	1.25250	1.25252			6
2024.12.26	09:31:53.961	1.25251				2
2024.12.26	09:31:54.264	1.25252	1.25254			6
2024.12.26	09:31:55.187	1.25251	1.25255			6
2024.12.26	09:31:56.112	1.25250	1.25254			6
2024.12.26	09:32:00.120	1.25250				2
2024.12.26	09:32:03.192		1.25253			4
2024.12.26	09:32:04.731	1.25251	1.25255			6
2024.12.26	09:32:05.967		1.25254			4
2024.12.26	09:32:07.198	1.25250				2
2024.12.26	09:32:15.191	1.25251				2
2024.12.26	09:32:16.414	1.25250	1.25253			6
2024.12.26	09:32:17.331	1.25249				2
2024.12.26	09:32:17.641	1.25250				2
2024.12.26	09:32:18.261	1.25249				2
2024.12.26	09:32:19.487	1.25251				2
2024.12.26	09:32:19.797	1.25250				2
2024.12.26	09:32:21.334	1.25252	1.25254			6
2024.12.26	09:32:25.652		1.25255			4
2024.12.26	09:32:30.262	1.25251				2
2024.12.26	09:32:33.940	1.25250	1.25254			6
2024.12.26	09:32:34.243		1.25255			4
2024.12.26	09:32:34.866	1.25253	1.25256			6
2024.12.26	09:32:35.794	1.25252				2
2024.12.26	09:32:42.560	1.25254	1.25257			6
2024.12.26	09:32:46.862	1.25255	1.25259			6
2024.12.26	09:32:47.164	1.25254	1.25258			6
2024.12.26	09:32:51.156		1.25257			4
2024.12.26	09:32:52.987	1.25255	1.25258			6
2024.12.26	09:32:55.740		1.25259			4
2024.12.26	09:32:56.042	1.25254	1.25257			6
2024.12.26	09:32:56.955		1.25256			4
2024.12.26	09:32:57.264	1.25250	1.25254			6
2024.12.26	09:33:00.038	1.25250				2
2024.12.26	09:33:13.250		1.25253			4
2024.12.26	09:33:13.859	1.25249	1.25252			6
2024.12.26	09:33:14.165		1.25253			4
2024.12.26	09:33:22.152	1.25250	1.25254			6
2024.12.26	09:33:28.275	1.25248	1.25253			6
2024.12.26	09:33:28.579	1.25250				2
2024.12.26	09:33:28.888	1.25249				2
2024.12.26	09:33:29.197	1.25250				2
2024.12.26	09:33:39.295		1.25254			4
2024.12.26	09:33:45.130		1.25253			4
2024.12.26	09:33:48.795	1.25251	1.25255			6
2024.12.26	09:33:50.938	1.25250	1.25254			6
2024.12.26	09:33:51.247	1.25251				2
2024.12.26	09:33:51.860	1.25254	1.25256			6
2024.12.26	09:33:52.164		1.25258			4
2024.12.26	09:33:55.552	1.25250	1.25254			6
2024.12.26	09:33:59.227	1.25251	1.25255			6
2024.12.26	09:34:00.155	1.25251				2
2024.12.26	09:34:02.911	1.25250	1.25254			6
2024.12.26	09:34:14.263	1.25251				2
2024.12.26	09:34:14.564	1.25250				2
2024.12.26	09:34:22.226	1.25251				2
2024.12.26	09:34:22.529	1.25250				2
2024.12.26	09:34:24.357	1.25251				2
2024.12.26	09:34:24.660	1.25250	1.25252			6
2024.12.26	09:34:24.961	1.25246	1.25248			6
2024.12.26	09:34:25.267	1.25244				2
2024.12.26	09:34:26.502	1.25249	1.25251			6
2024.12.26	09:34:26.808	1.25248	1.25252			6
2024.12.26	09:34:32.934	1.25246	1.25250			6
2024.12.26	09:34:33.852	1.25247	1.25251			6
2024.12.26	09:34:44.885		1.25250			4
2024.12.26	09:34:45.187	1.25246				2
2024.12.26	09:34:45.494		1.25249			4
2024.12.26	09:34:45.797		1.25250			4
2024.12.26	09:34:47.021	1.25245	1.25249			6
2024.12.26	09:34:47.336		1.25248			4
2024.12.26	09:34:48.259		1.25249			4
2024.12.26	09:34:50.094		1.25248			4
2024.12.26	09:34:50.710		1.25249			4
2024.12.26	09:34:52.246		1.25250			4
2024.12.26	09:34:52.559	1.25246				2
2024.12.26	09:34:55.592	1.25247	1.25251			6
2024.12.26	09:34:57.129		1.25250			4
2024.12.26	09:35:00.202	1.25247				2
2024.12.26	09:35:06.331		1.25249			4
2024.12.26	09:35:24.999	1.25252	1.25254			6
2024.12.26	09:35:26.218	1.25250				2
2024.12.26	09:35:41.350	1.25251				2
2024.12.26	09:35:43.186		1.25253			4
2024.12.26	09:35:47.787	1.25252	1.25254			6
2024.12.26	09:35:48.091	1.25253				2
2024.12.26	09:35:49.313	1.25251				2
2024.12.26	09:35:50.241	1.25252				2
2024.12.26	09:35:51.161	1.25251				2
2024.12.26	09:35:55.158		1.25256			4
2024.12.26	09:35:57.935		1.25255			4
2024.12.26	09:36:00.094	1.25251				2
2024.12.26	09:36:00.397	1.25252	1.25256			6
2024.12.26	09:36:03.175		1.25255			4
2024.12.26	09:36:06.237		1.25254			4
2024.12.26	09:36:10.521	1.25254	1.25256			6
2024.12.26	09:36:10.827	1.25256	1.25258			6
2024.12.26	09:36:11.128	1.25255				2
2024.12.26	09:36:19.460		1.25259			4
2024.12.26	09:36:19.770		1.25258			4
2024.12.26	09:36:21.003		1.25257			4
2024.12.26	09:36:22.226	1.25245	1.25246			6
2024.12.26	09:36:22.543	1.25244	1.25245			6
2024.12.26	09:36:22.851	1.25241	1.25244			6
2024.12.26	09:36:27.767		1.25245			4
2024.12.26	09:36:37.908	1.25242				2
2024.12.26	09:36:40.368	1.25240	1.25244			6
2024.12.26	09:36:40.670	1.25238	1.25243			6
2024.12.26	09:36:42.510	1.25240	1.25244			6
2024.12.26	09:36:53.597	1.25241				2
2024.12.26	09:36:54.199	1.25240				2
2024.12.26	09:36:55.128	1.25241				2
2024.12.26	09:36:55.435	1.25252	1.25254			6
2024.12.26	09:36:55.743	1.25253	1.25255			6
2024.12.26	09:36:56.044		1.25256			4
2024.12.26	09:36:56.350		1.25257			4
2024.12.26	09:36:58.203		1.25255			4
2024.12.26	09:37:00.057	1.25253				2
2024.12.26	09:37:00.363		1.25257			4
2024.12.26	09:37:08.663	1.25252	1.25255			6
2024.12.26	09:37:09.889	1.25251	1.25254			6
2024.12.26	09:37:22.118	1.25252				2
2024.12.26	09:37:30.362		1.25255			4
2024.12.26	09:37:34.032	1.25246	1.25249			6
2024.12.26	09:37:34.339	1.25247				2
2024.12.26	09:37:35.255	1.25246				2
2024.12.26	09:37:39.242	1.25250	1.25251			6
2024.12.26	09:37:39.549		1.25254			4
2024.12.26	09:37:42.611		1.25253			4
2024.12.26	09:37:43.527		1.25254			4
2024.12.26	09:37:53.318	1.25248	1.25251			6
2024.12.26	09:37:58.225	1.25249	1.25252			6
2024.12.26	09:38:00.064	1.25249				2
2024.12.26	09:38:01.292	1.25250				2
2024.12.26	09:38:02.515		1.25251			4
2024.12.26	09:38:02.817	1.25249				2
2024.12.26	09:38:06.794	1.25248	1.25249			6
2024.12.26	09:38:07.101	1.25247				2
2024.12.26	09:38:11.065		1.25250			4
2024.12.26	09:38:12.905		1.25248			4
2024.12.26	09:38:18.380	1.25246				2
2024.12.26	09:38:19.296	1.25245				2
2024.12.26	09:38:19.599	1.25246				2
2024.12.26	09:38:19.910	1.25245				2
2024.12.26	09:38:20.213	1.25246				2
2024.12.26	09:38:20.533		1.25249			4
2024.12.26	09:38:22.069	1.25245				2
2024.12.26	09:38:26.985	1.25246				2
2024.12.26	09:38:31.873	1.25247				2
2024.12.26	09:38:50.825	1.25249	1.25250			6
2024.12.26	09:38:51.129	1.25247				2
2024.12.26	09:38:51.741		1.25251			4
2024.12.26	09:38:54.810		1.25250			4
2024.12.26	09:38:55.114	1.25248	1.25252			6
2024.12.26	09:38:59.739		1.25251			4
2024.12.26	09:39:00.044	1.25248				2
2024.12.26	09:39:00.351		1.25252			4
2024.12.26	09:39:01.273	1.25249	1.25253			6
2024.12.26	09:39:01.579	1.25248				2
2024.12.26	09:39:03.102	1.25250	1.25254			6
2024.12.26	09:39:03.418	1.25248	1.25252			6
2024.12.26	09:39:04.640	1.25249				2
2024.12.26	09:39:28.948	1.25248	1.25250			6
2024.12.26	09:39:38.474	1.25249	1.25252			6
2024.12.26	09:39:45.538	1.25251	1.25254			6
2024.12.26	09:39:54.709	1.25250	1.25253			6
2024.12.26	09:40:00.197	1.25250				2
2024.12.26	09:40:09.369	1.25254	1.25257			6
2024.12.26	09:40:17.314	1.25255	1.25258			6
2024.12.26	09:40:17.924	1.25253	1.25256			6
2024.12.26	09:40:18.536	1.25252	1.25255			6
2024.12.26	09:40:18.841	1.25253	1.25256			6
2024.12.26	09:40:28.302	1.25254				2
2024.12.26	09:40:30.131	1.25257	1.25258			6
2024.12.26	09:40:34.738	1.25256				2
2024.12.26	09:40:43.962	1.25257				2
2024.12.26	09:40:44.268	1.25258	1.25261			6
2024.12.26	09:40:44.578		1.25260			4
2024.12.26	09:40:45.499	1.25256	1.25258			6
2024.12.26	09:40:47.656	1.25257	1.25259			6
2024.12.26	09:40:50.728	1.25258	1.25260			6
2024.12.26	09:40:54.412	1.25256	1.25258			6
2024.12.26	09:40:55.653	1.25262	1.25267			6
2024.12.26	09:40:55.960		1.25266			4
2024.12.26	09:41:00.270	1.25262				2
2024.12.26	09:41:04.574	1.25255	1.25258			6
2024.12.26	09:41:04.877	1.25254				2
2024.12.26	09:41:22.560	1.25259	1.25263			6
2024.12.26	09:41:22.867	1.25258	1.25261			6
2024.12.26	09:41:23.170	1.25257				2
2024.12.26	09:41:23.476	1.25258				2
2024.12.26	09:41:24.393	1.25256				2
2024.12.26	09:41:27.145	1.25257				2
2024.12.26	09:41:29.291	1.25258	1.25262			6
2024.12.26	09:41:29.593	1.25259	1.25263			6
2024.12.26	09:41:31.437	1.25258				2
2024.12.26	09:41:32.362	1.25259				2
2024.12.26	09:41:33.292	1.25258				2
2024.12.26	09:41:34.198		1.25262			4
2024.12.26	09:41:34.504	1.25259	1.25263			6
2024.12.26	09:41:36.039		1.25265			4
2024.12.26	09:41:39.096	1.25260				2
2024.12.26	09:41:39.706	1.25261	1.25266			6
2024.12.26	09:41:40.310		1.25265			4
2024.12.26	09:41:41.227		1.25266			4
2024.12.26	09:41:42.141	1.25262				2
2024.12.26	09:41:42.446	1.25261	1.25265			6
2024.12.26	09:41:42.756	1.25262	1.25266			6
2024.12.26	09:41:45.200	1.25263				2
2024.12.26	09:41:52.237		1.25265			4
2024.12.26	09:41:56.189		1.25266			4
2024.12.26	09:41:57.103		1.25265			4
2024.12.26	09:41:59.856	1.25262	1.25264			6
2024.12.26	09:42:00.163	1.25262				2
2024.12.26	09:42:01.686	1.25263	1.25265			6
2024.12.26	09:42:02.902	1.25262	1.25264			6
2024.12.26	09:42:03.209		1.25265			4
2024.12.26	09:42:04.126	1.25261				2
2024.12.26	09:42:06.563	1.25260	1.25264			6
2024.12.26	09:42:06.869	1.25261	1.25265			6
2024.12.26	09:42:07.171	1.25262				2
2024.12.26	09:42:07.789	1.25260	1.25263			6
2024.12.26	09:42:09.318	1.25258	1.25264			6
2024.12.26	09:42:11.171	1.25259				2
2024.12.26	09:42:13.620	1.25258	1.25262			6
2024.12.26	09:42:14.537	1.25257	1.25261			6
2024.12.26	09:42:16.371		1.25262			4
2024.12.26	09:42:16.990	1.25259	1.25263			6
2024.12.26	09:42:18.211	1.25257				2
2024.12.26	09:42:24.375	1.25258				2
2024.12.26	09:42:26.228		1.25262			4
2024.12.26	09:42:26.838	1.25259	1.25263			6
2024.12.26	09:42:27.753	1.25258	1.25262			6
2024.12.26	09:42:28.661	1.25255	1.25259			6
2024.12.26	09:42:30.207	1.25254				2
2024.12.26	09:42:30.507	1.25255				2
2024.12.26	09:42:30.816	1.25256	1.25261			6
2024.12.26	09:42:45.862	1.25257	1.25262			6
2024.12.26	09:42:46.170	1.25258				2
2024.12.26	09:42:47.089	1.25257				2
2024.12.26	09:42:53.226	1.25258				2
2024.12.26	09:42:57.205	1.25259				2
2024.12.26	09:42:57.515	1.25260	1.25263			6
2024.12.26	09:42:57.821	1.25261				2
2024.12.26	09:42:58.123	1.25260				2
2024.12.26	09:42:58.733	1.25258	1.25262			6
2024.12.26	09:43:00.276	1.25257				2
2024.12.26	09:43:01.509	1.25259	1.25263			6
2024.12.26	09:43:01.817	1.25257				2
2024.12.26	09:43:02.131	1.25258				2
2024.12.26	09:43:03.052	1.25261	1.25264			6
2024.12.26	09:43:15.327	1.25260				2
2024.12.26	09:43:16.252	1.25261				2
2024.12.26	09:43:17.484	1.25260				2
2024.12.26	09:43:22.091	1.25261				2
2024.12.26	09:43:30.362	1.25265	1.25268			6
2024.12.26	09:43:30.664	1.25264	1.25266			6
2024.12.26	09:43:31.286	1.25263				2
2024.12.26	09:43:46.987	1.25261	1.25264			6
2024.12.26	09:43:51.260	1.25260				2
2024.12.26	09:43:53.413	1.25259				2
2024.12.26	09:43:53.719	1.25260				2
2024.12.26	09:43:54.330	1.25261				2
2024.12.26	09:43:56.160	1.25260				2
2024.12.26	09:43:58.307	1.25261				2
2024.12.26	09:44:00.138	1.25261				2
2024.12.26	09:44:01.357		1.25263			4
2024.12.26	09:44:05.014	1.25262	1.25264			6
2024.12.26	09:44:05.624		1.25263			4
2024.12.26	09:44:06.849		1.25264			4
2024.12.26	09:44:08.370	1.25261	1.25263			6
2024.12.26	09:44:09.283		1.25264			4
2024.12.26	09:44:10.194		1.25263			4
2024.12.26	09:44:10.495	1.25262	1.25264			6
2024.12.26	09:44:11.714	1.25261	1.25263			6
2024.12.26	09:44:12.322		1.25264			4
2024.12.26	09:44:17.220		1.25263			4
2024.12.26	09:44:34.037	1.25266	1.25267			6
2024.12.26	09:44:35.250	1.25265				2
2024.12.26	09:44:38.127	1.25272	1.25274			6
2024.12.26	09:44:39.362	1.25270				2
2024.12.26	09:44:40.277	1.25273	1.25277			6
2024.12.26	09:44:52.277	1.25272	1.25276			6
2024.12.26	09:44:53.506	1.25277	1.25279			6
2024.12.26	09:44:54.125		1.25278			4
2024.12.26	09:44:54.735	1.25276	1.25279			6
2024.12.26	09:44:55.660	1.25277	1.25280			6
2024.12.26	09:44:55.966		1.25279			4
2024.12.26	09:44:57.809	1.25276	1.25278			6
2024.12.26	09:45:00.263	1.25276				2
2024.12.26	09:45:01.187	1.25275	1.25276			6
2024.12.26	09:45:01.498		1.25278			4
2024.12.26	09:45:04.570		1.25277			4
2024.12.26	09:45:05.180		1.25278			4
2024.12.26	09:45:07.941	1.25276				2
2024.12.26	09:45:15.577	1.25275				2
2024.12.26	09:45:15.885	1.25274	1.25277			6
2024.12.26	09:45:16.200	1.25273	1.25278			6
2024.12.26	09:45:16.511		1.25276			4
2024.12.26	09:45:19.276	1.25277	1.25280			6
2024.12.26	09:45:19.583		1.25279			4
2024.12.26	09:45:20.504	1.25282	1.25284			6
2024.12.26	09:45:21.423	1.25281				2
2024.12.26	09:45:23.881	1.25282				2
2024.12.26	09:45:46.213		1.25283			4
2024.12.26	09:45:53.262	1.25283	1.25284			6
2024.12.26	09:45:53.566	1.25288	1.25290			6
2024.12.26	09:45:53.868	1.25286	1.25288			6
2024.12.26	09:45:54.173		1.25289			4
2024.12.26	09:45:55.728	1.25281	1.25284			6
2024.12.26	09:45:58.802	1.25283				2
2024.12.26	09:46:00.039	1.25283				2
2024.12.26	09:46:05.908	1.25282	1.25287			6
2024.12.26	09:46:06.214	1.25283				2
2024.12.26	09:46:09.262	1.25284				2
2024.12.26	09:46:11.095		1.25286			4
2024.12.26	09:46:12.008	1.25282	1.25283			6
2024.12.26	09:46:15.704		1.25284			4
2024.12.26	09:46:26.440		1.25283			4
2024.12.26	09:46:31.955		1.25284			4
2024.12.26	09:46:32.564		1.25283			4
2024.12.26	09:46:42.680	1.25280	1.25281			6
2024.12.26	09:46:42.986		1.25282			4
2024.12.26	09:46:43.601	1.25279	1.25280			6
2024.12.26	09:46:54.046		1.25281			4
2024.12.26	09:47:00.210	1.25279				2
2024.12.26	09:47:04.198	1.25280	1.25283			6
2024.12.26	09:47:04.499	1.25281				2
2024.12.26	09:47:04.803		1.25282			4
2024.12.26	09:47:05.107	1.25279	1.25280			6
2024.12.26	09:47:06.965	1.25280	1.25283			6
2024.12.26	09:47:07.271	1.25281	1.25284			6
2024.12.26	09:47:10.962	1.25282	1.25285			6
2024.12.26	09:47:25.711	1.25283				2
2024.12.26	09:47:26.333	1.25282				2
2024.12.26	09:47:30.336	1.25286	1.25289			6
2024.12.26	09:47:31.562		1.25288			4
2024.12.26	09:47:32.492	1.25287	1.25292			6
2024.12.26	09:47:38.048		1.25291			4
2024.12.26	09:47:38.981		1.25292			4
2024.12.26	09:47:43.294		1.25291			4
2024.12.26	09:47:46.975	1.25286	1.25290			6
2024.12.26	09:47:47.282	1.25282	1.25285			6
2024.12.26	09:47:48.196		1.25286			4
2024.12.26	09:47:51.590	1.25273	1.25277			6
2024.12.26	09:47:52.519	1.25274				2
2024.12.26	09:47:54.976		1.25280			4
2024.12.26	09:47:55.277	1.25276				2
2024.12.26	09:47:55.896		1.25281			4
2024.12.26	09:47:59.901	1.25277				2
2024.12.26	09:48:00.207	1.25277	1.25282			6
2024.12.26	09:48:07.588	1.25278	1.25284			6
2024.12.26	09:48:07.897		1.25283			4
2024.12.26	09:48:10.971	1.25277	1.25280			6
2024.12.26	09:48:14.036	1.25278	1.25283			6
2024.12.26	09:48:15.872		1.25282			4
2024.12.26	09:48:26.269	1.25280				2
2024.12.26	09:48:26.575	1.25283	1.25286			6
2024.12.26	09:48:26.884	1.25284	1.25288			6
2024.12.26	09:48:27.190	1.25283				2
2024.12.26	09:48:28.741	1.25282	1.25285			6
2024.12.26	09:48:29.043	1.25280				2
2024.12.26	09:48:32.428	1.25278				2
2024.12.26	09:48:33.666		1.25283			4
2024.12.26	09:48:35.207	1.25281	1.25285			6
2024.12.26	09:48:43.846	1.25282				2
2024.12.26	09:48:45.693	1.25281				2
2024.12.26	09:48:48.779	1.25285	1.25290			6
2024.12.26	09:48:49.089	1.25284	1.25287			6
2024.12.26	09:48:50.018	1.25283				2
2024.12.26	09:48:59.262		1.25286			4
2024.12.26	09:49:00.177	1.25283				2
2024.12.26	09:49:11.189		1.25285			4
2024.12.26	09:49:13.328	1.25286	1.25288			6
2024.12.26	09:49:14.241	1.25285	1.25289			6
2024.12.26	09:49:14.542	1.25282	1.25287			6
2024.12.26	09:49:16.379	1.25283				2
2024.12.26	09:49:17.608		1.25288			4
2024.12.26	09:49:17.924		1.25287			4
2024.12.26	09:49:21.308	1.25287	1.25291			6
2024.12.26	09:49:22.845		1.25292			4
2024.12.26	09:49:28.658	1.25289	1.25293			6
2024.12.26	09:49:32.931		1.25292			4
2024.12.26	09:49:38.122		1.25291			4
2024.12.26	09:49:38.426		1.25292			4
2024.12.26	09:49:40.259	1.25290				2
2024.12.26	09:49:52.301	1.25289	1.25293			6
2024.12.26	09:49:55.067	1.25287	1.25292			6
2024.12.26	09:50:00.009	1.25287				2
2024.12.26	09:50:00.313	1.25289	1.25293			6
2024.12.26	09:50:01.234	1.25301	1.25303			6
2024.12.26	09:50:01.542	1.25303	1.25306			6
2024.12.26	09:50:04.312	1.25302	1.25305			6
2024.12.26	09:50:06.149		1.25304			4
2024.12.26	09:50:06.451	1.25301				2
2024.12.26	09:50:06.762	1.25302				2
2024.12.26	09:50:11.364	1.25304	1.25307			6
2024.12.26	09:50:12.596	1.25302	1.25306			6
2024.12.26	09:50:17.203	1.25307	1.25310			6
2024.12.26	09:50:17.510	1.25308	1.25312			6
2024.12.26	09:50:17.818	1.25311	1.25314			6
2024.12.26	09:50:18.725	1.25310				2
2024.12.26	09:50:19.642	1.25312				2
2024.12.26	09:50:20.261	1.25311				2
2024.12.26	09:50:21.182	1.25310				2
2024.12.26	09:50:21.489	1.25308	1.25313			6
2024.12.26	09:50:22.101	1.25309				2
2024.12.26	09:50:24.559	1.25307	1.25308			6
2024.12.26	09:50:24.870	1.25304	1.25307			6
2024.12.26	09:50:30.097		1.25308			4
2024.12.26	09:50:42.728		1.25307			4
2024.12.26	09:50:47.961	1.25303				2
2024.12.26	09:50:50.121		1.25308			4
2024.12.26	09:50:51.048		1.25304			4
2024.12.26	09:50:51.661	1.25305	1.25306			6
2024.12.26	09:50:52.885	1.25306	1.25308			6
2024.12.26	09:51:00.272	1.25306				2
2024.12.26	09:51:02.427	1.25310	1.25312			6
2024.12.26	09:51:04.275	1.25311				2
2024.12.26	09:51:10.116	1.25309				2
2024.12.26	09:51:10.419	1.25311				2
2024.12.26	09:51:11.338	1.25310				2
2024.12.26	09:51:11.951	1.25311				2
2024.12.26	09:51:12.260	1.25310				2
2024.12.26	09:51:13.798	1.25311				2
2024.12.26	09:51:16.254	1.25315	1.25317			6
2024.12.26	09:51:16.560	1.25316	1.25318			6
2024.12.26	09:51:19.327	1.25317	1.25319			6
2024.12.26	09:51:22.462	1.25320	1.25322			6
2024.12.26	09:51:22.770	1.25317	1.25319			6
2024.12.26	09:51:23.988		1.25320			4
2024.12.26	09:51:26.748	1.25318				2
2024.12.26	09:51:27.052		1.25321			4
2024.12.26	09:51:27.674	1.25316	1.25319			6
2024.12.26	09:51:29.520	1.25315	1.25317			6
2024.12.26	09:51:29.824	1.25317	1.25320			6
2024.12.26	09:51:32.277	1.25315	1.25318			6
2024.12.26	09:51:49.487	1.25318	1.25319			6
2024.12.26	09:51:49.790	1.25321	1.25322			6
2024.12.26	09:51:54.709	1.25319				2
2024.12.26	09:52:00.240	1.25319				2
2024.12.26	09:52:00.543	1.25318	1.25320			6
2024.12.26	09:52:03.013		1.25322			4
2024.12.26	09:52:03.629	1.25319	1.25323			6
2024.12.26	09:52:06.399	1.25322	1.25325			6
2024.12.26	09:52:08.248	1.25323	1.25326			6
2024.12.26	09:52:11.640	1.25322	1.25325			6
2024.12.26	09:52:14.111	1.25323				2
2024.12.26	09:52:14.426	1.25322				2
2024.12.26	09:52:15.353	1.25323				2
2024.12.26	09:52:17.809	1.25324	1.25326			6
2024.12.26	09:52:22.722	1.25325	1.25327			6
2024.12.26	09:52:27.338		1.25326			4
2024.12.26	09:52:30.721	1.25324	1.25325			6
2024.12.26	09:52:38.409	1.25326	1.25327			6
2024.12.26	09:52:38.711	1.25324	1.25325			6
2024.12.26	09:52:43.020	1.25322				2
2024.12.26	09:52:47.021	1.25321	1.25324			6
2024.12.26	09:52:56.538	1.25322	1.25325			6
2024.12.26	09:52:57.463	1.25325	1.25326			6
2024.12.26	09:52:59.618	1.25326	1.25329			6
2024.12.26	09:52:59.926	1.25330	1.25333			6
2024.12.26	09:53:00.233	1.25330				2
2024.12.26	09:53:04.862		1.25332			4
2024.12.26	09:53:06.398		1.25333			4
2024.12.26	09:53:09.483	1.25329	1.25331			6
2024.12.26	09:53:13.180	1.25328	1.25332			6
2024.12.26	09:53:18.427	1.25329	1.25333			6
2024.12.26	09:53:18.740	1.25328	1.25332			6
2024.12.26	09:53:20.284	1.25327				2
2024.12.26	09:53:20.892	1.25328	1.25333			6
2024.12.26	09:53:21.509	1.25327	1.25332			6
2024.12.26	09:53:21.810	1.25319	1.25324			6
2024.12.26	09:53:22.426	1.25320	1.25325			6
2024.12.26	09:53:23.060	1.25321				2
2024.12.26	09:53:23.361	1.25318	1.25324			6
2024.12.26	09:53:23.662	1.25319				2
2024.12.26	09:53:24.283		1.25323			4
2024.12.26	09:53:27.677	1.25320	1.25324			6
2024.12.26	09:53:27.984	1.25319	1.25323			6
2024.12.26	09:53:31.370		1.25324			4
2024.12.26	09:53:31.983	1.25320				2
2024.12.26	09:53:32.292	1.25321	1.25325			6
2024.12.26	09:53:37.215	1.25325	1.25328			6
2024.12.26	09:53:43.984	1.25327	1.25329			6
2024.12.26	09:53:44.921	1.25326				2
2024.12.26	09:53:46.151	1.25322	1.25325			6
2024.12.26	09:53:46.458	1.25316	1.25320			6
2024.12.26	09:53:50.463	1.25310	1.25314			6
2024.12.26	09:53:51.399	1.25308	1.25311			6
2024.12.26	09:53:52.940	1.25298	1.25302			6
2024.12.26	09:53:53.246	1.25295	1.25300			6
2024.12.26	09:53:54.164	1.25299	1.25304			6
2024.12.26	09:53:58.475		1.25305			4
2024.12.26	09:53:59.409		1.25304			4
2024.12.26	09:53:59.720		1.25305			4
2024.12.26	09:54:00.024	1.25299				2
2024.12.26	09:54:00.339		1.25306			4
2024.12.26	09:54:01.579		1.25305			4
2024.12.26	09:54:02.189		1.25306			4
2024.12.26	09:54:02.492		1.25305			4
2024.12.26	09:54:02.797	1.25300				2
2024.12.26	09:54:03.106	1.25301				2
2024.12.26	09:54:07.734	1.25300				2
2024.12.26	09:54:09.584	1.25298	1.25304			6
2024.12.26	09:54:09.886	1.25297	1.25303			6
2024.12.26	09:54:13.900	1.25296	1.25302			6
2024.12.26	09:54:15.126	1.25294	1.25298			6
2024.12.26	09:54:15.428	1.25290	1.25295			6
2024.12.26	09:54:15.729	1.25287	1.25293			6
2024.12.26	09:54:16.037		1.25294			4
2024.12.26	09:54:16.344		1.25293			4
2024.12.26	09:54:21.583	1.25288	1.25294			6
2024.12.26	09:54:23.429	1.25287				2
2024.12.26	09:54:30.536		1.25293			4
2024.12.26	09:54:30.837	1.25289	1.25294			6
2024.12.26	09:54:31.142	1.25290	1.25296			6
2024.12.26	09:54:32.692	1.25289	1.25295			6
2024.12.26	09:54:34.229	1.25290	1.25296			6
2024.12.26	09:54:37.315		1.25294			4
2024.12.26	09:54:52.086	1.25289				2
2024.12.26	09:54:57.308	1.25290				2
2024.12.26	09:55:00.093	1.25290				2
2024.12.26	09:55:00.394	1.25291				2
2024.12.26	09:55:04.721		1.25295			4
2024.12.26	09:55:05.960	1.25286	1.25293			6
2024.12.26	09:55:09.637	1.25287				2
2024.12.26	09:55:11.802	1.25290	1.25294			6
2024.12.26	09:55:12.106	1.25291				2
2024.12.26	09:55:17.066		1.25295			4
2024.12.26	09:55:29.100	1.25289				2
2024.12.26	09:55:30.647	1.25290				2
2024.12.26	09:55:32.187	1.25289				2
2024.12.26	09:55:32.500	1.25288	1.25294			6
2024.12.26	09:55:32.810	1.25285	1.25290			6
2024.12.26	09:55:33.420	1.25281	1.25288			6
2024.12.26	09:55:34.031		1.25286			4
2024.12.26	09:55:34.346	1.25278	1.25285			6
2024.12.26	09:55:34.970	1.25279				2
2024.12.26	09:55:36.821	1.25280				2
2024.12.26	09:55:42.053	1.25278	1.25284			6
2024.12.26	09:55:42.361	1.25276				2
2024.12.26	09:55:42.664	1.25274	1.25278			6
2024.12.26	09:55:42.970	1.25272	1.25277			6
2024.12.26	09:55:43.283		1.25278			4
2024.12.26	09:55:43.901		1.25277			4
2024.12.26	09:55:44.521	1.25271	1.25276			6
2024.12.26	09:55:49.142	1.25268	1.25273			6
2024.12.26	09:55:49.455		1.25274			4
2024.12.26	09:55:50.986	1.25270				2
2024.12.26	09:55:52.530		1.25275			4
2024.12.26	09:55:54.682		1.25274			4
2024.12.26	09:55:59.003		1.25276			4
2024.12.26	09:55:59.616	1.25271	1.25274			6
2024.12.26	09:56:00.231	1.25271				2
2024.12.26	09:56:02.389		1.25273			4
2024.12.26	09:56:04.859		1.25275			4
2024.12.26	09:56:06.093	1.25275	1.25279			6
2024.12.26	09:56:06.401	1.25274	1.25277			6
2024.12.26	09:56:08.873	1.25271				2
2024.12.26	09:56:11.032		1.25276			4
2024.12.26	09:56:12.262	1.25272	1.25277			6
2024.12.26	09:56:12.564	1.25277	1.25283			6
2024.12.26	09:56:12.873	1.25276	1.25282			6
2024.12.26	09:56:13.500		1.25280			4
2024.12.26	09:56:17.814	1.25281	1.25284			6
2024.12.26	09:56:18.126	1.25280				2
2024.12.26	09:56:21.204	1.25279	1.25282			6
2024.12.26	09:56:21.508		1.25283			4
2024.12.26	09:56:22.117	1.25280	1.25284			6
2024.12.26	09:56:33.549	1.25282				2
2024.12.26	09:56:35.395		1.25285			4
2024.12.26	09:56:39.091	1.25287	1.25288			6
2024.12.26	09:56:39.401	1.25284	1.25287			6
2024.12.26	09:56:39.708	1.25285	1.25288			6
2024.12.26	09:56:40.321	1.25287				2
2024.12.26	09:56:42.470		1.25289			4
2024.12.26	09:56:44.010	1.25292	1.25294			6
2024.12.26	09:56:46.474		1.25293			4
2024.12.26	09:56:47.399		1.25294			4
2024.12.26	09:56:55.715	1.25293	1.25297			6
2024.12.26	09:56:56.948		1.25296			4
2024.12.26	09:56:58.486		1.25297			4
2024.12.26	09:56:58.789	1.25301	1.25304			6
2024.12.26	09:57:00.008	1.25301				2
2024.12.26	09:57:01.857		1.25303			4
2024.12.26	09:57:02.469	1.25302	1.25304			6
2024.12.26	09:57:04.017	1.25301	1.25303			6
2024.12.26	09:57:04.935	1.25303	1.25307			6
2024.12.26	09:57:05.860	1.25301	1.25305			6
2024.12.26	09:57:15.398	1.25305	1.25309			6
2024.12.26	09:57:21.234		1.25308			4
2024.12.26	09:57:24.922		1.25309			4
2024.12.26	09:57:25.223	1.25301	1.25305			6
2024.12.26	09:57:25.526		1.25306			4
2024.12.26	09:57:28.621	1.25304				2
2024.12.26	09:57:28.925		1.25308			4
2024.12.26	09:57:29.241	1.25303				2
2024.12.26	09:57:36.007	1.25301	1.25305			6
2024.12.26	09:57:36.319		1.25306			4
2024.12.26	09:57:42.466	1.25305	1.25309			6
2024.12.26	09:57:42.774		1.25308			4
2024.12.26	09:57:44.621	1.25303				2
2024.12.26	09:57:46.779	1.25304				2
2024.12.26	09:57:47.391	1.25305	1.25309			6
2024.12.26	09:57:48.010	1.25306				2
2024.12.26	09:57:48.622	1.25304	1.25308			6
2024.12.26	09:57:55.089	1.25302	1.25306			6
2024.12.26	09:58:00.024	1.25300	1.25305			6
2024.12.26	09:58:00.332	1.25299	1.25302			6
2024.12.26	09:58:00.643	1.25300	1.25303			6
2024.12.26	09:58:00.943		1.25304			4
2024.12.26	09:58:07.443	1.25301				2
2024.12.26	09:58:08.366		1.25305			4
2024.12.26	09:58:10.207	1.25302				2
2024.12.26	09:58:12.366	1.25301				2
2024.12.26	09:58:12.985		1.25304			4
2024.12.26	09:58:14.222		1.25305			4
2024.12.26	09:58:17.307		1.25304			4
2024.12.26	09:58:18.237		1.25305			4
2024.12.26	09:58:25.627		1.25304			4
2024.12.26	09:58:35.500	1.25300				2
2024.12.26	09:58:36.727	1.25301				2
2024.12.26	09:58:41.041	1.25303	1.25307			6
2024.12.26	09:58:41.346	1.25302				2
2024.12.26	09:58:41.646		1.25306			4
2024.12.26	09:58:42.275	1.25301	1.25304			6
2024.12.26	09:58:44.124		1.25303			4
2024.12.26	09:58:45.970		1.25304			4
2024.12.26	09:58:51.826	1.25303	1.25308			6
2024.12.26	09:58:53.369	1.25305	1.25309			6
2024.12.26	09:58:53.984	1.25304	1.25308			6
2024.12.26	09:58:54.598	1.25305	1.25309			6
2024.12.26	09:58:57.373	1.25303	1.25308			6
2024.12.26	09:59:00.148	1.25303				2
2024.12.26	09:59:00.762	1.25305	1.25309			6
2024.12.26	09:59:02.612	1.25306	1.25310			6
2024.12.26	09:59:02.920	1.25309	1.25312			6
2024.12.26	09:59:03.229	1.25306	1.25310			6
2024.12.26	09:59:03.537	1.25305	1.25308			6
2024.12.26	09:59:14.003		1.25307			4
2024.12.26	09:59:14.308	1.25303				2
2024.12.26	09:59:14.622		1.25308			4
2024.12.26	09:59:17.064	1.25302	1.25305			6
2024.12.26	09:59:17.679	1.25304	1.25309			6
2024.12.26	09:59:18.297		1.25308			4
2024.12.26	09:59:18.601	1.25303	1.25306			6
2024.12.26	09:59:18.903	1.25302				2
2024.12.26	09:59:19.511	1.25303				2
2024.12.26	09:59:21.051		1.25308			4
2024.12.26	09:59:21.355		1.25306			4
2024.12.26	09:59:21.973		1.25308			4
2024.12.26	09:59:26.581		1.25307			4
2024.12.26	09:59:27.502	1.25302	1.25306			6
2024.12.26	09:59:28.738		1.25308			4
2024.12.26	09:59:29.049		1.25306			4
2024.12.26	09:59:30.271		1.25308			4
2024.12.26	09:59:30.875	1.25303				2
2024.12.26	09:59:31.490	1.25305				2
2024.12.26	09:59:31.797	1.25303				2
2024.12.26	09:59:32.721	1.25304				2
2024.12.26	09:59:33.333	1.25302	1.25305			6
2024.12.26	09:59:33.640	1.25301	1.25304			6
2024.12.26	09:59:33.950	1.25302	1.25306			6
2024.12.26	09:59:37.340	1.25301	1.25304			6
2024.12.26	09:59:40.797		1.25305			4
2024.12.26	09:59:42.951		1.25304			4
2024.12.26	09:59:43.876	1.25300				2
2024.12.26	09:59:44.182		1.25302			4
2024.12.26	09:59:44.484		1.25303			4
2024.12.26	09:59:46.343	1.25301				2
2024.12.26	09:59:46.648		1.25304			4
2024.12.26	09:59:50.968	1.25303	1.25306			6
2024.12.26	09:59:51.276		1.25307			4
2024.12.26	09:59:53.435	1.25305	1.25309			6
2024.12.26	09:59:53.746	1.25304	1.25308			6
2024.12.26	09:59:54.054	1.25303				2
2024.12.26	09:59:54.976	1.25304				2
2024.12.26	09:59:55.284	1.25303				2
2024.12.26	09:59:57.757	1.25304				2
2024.12.26	09:59:58.061	1.25305	1.25309			6
2024.12.26	10:00:00.206	1.25302	1.25306			6
2024.12.26	10:00:00.829	1.25301				2
2024.12.26	10:00:01.743		1.25305			4
2024.12.26	10:00:03.589	1.25299				2
2024.12.26	10:00:05.440	1.25297	1.25302			6
2024.12.26	10:00:05.748	1.25299	1.25304			6
2024.12.26	10:00:07.586	1.25300				2
2024.12.26	10:00:21.101	1.25303	1.25308			6
2024.12.26	10:00:21.408		1.25307			4
2024.12.26	10:00:27.556	1.25305	1.25308			6
2024.12.26	10:00:34.308	1.25313	1.25317			6
2024.12.26	10:00:34.616	1.25312	1.25316			6
2024.12.26	10:00:34.926	1.25311	1.25317			6
2024.12.26	10:00:35.226		1.25318			4
2024.12.26	10:00:35.534		1.25316			4
2024.12.26	10:00:38.302	1.25312				2
2024.12.26	10:00:40.776	1.25311	1.25315			6
2024.12.26	10:00:42.625		1.25316			4
2024.12.26	10:00:44.475		1.25315			4
2024.12.26	10:00:45.703		1.25316			4
2024.12.26	10:00:46.014	1.25312				2
2024.12.26	10:00:46.321	1.25311	1.25315			6
2024.12.26	10:00:46.633	1.25312				2
2024.12.26	10:00:46.941	1.25311				2
2024.12.26	10:00:47.554		1.25316			4
2024.12.26	10:00:48.168		1.25315			4
2024.12.26	10:00:54.014		1.25316			4
2024.12.26	10:00:56.170	1.25312	1.25317			6
2024.12.26	10:00:56.475	1.25313	1.25318			6
2024.12.26	10:00:56.785	1.25312	1.25316			6
2024.12.26	10:00:57.091	1.25311				2
2024.12.26	10:00:57.398	1.25312				2
2024.12.26	10:00:57.712	1.25313				2
2024.12.26	10:01:00.164	1.25313				2
2024.12.26	10:01:00.469	1.25314				2
2024.12.26	10:01:00.782		1.25318			4
2024.12.26	10:01:01.091	1.25313				2
2024.12.26	10:01:01.394	1.25315				2
2024.12.26	10:01:03.549	1.25316	1.25319			6
2024.12.26	10:01:05.700	1.25321	1.25325			6
2024.12.26	10:01:06.924	1.25322				2
2024.12.26	10:01:07.851	1.25321	1.25324			6
2024.12.26	10:01:08.155	1.25316	1.25319			6
2024.12.26	10:01:09.082		1.25320			4
2024.12.26	10:01:09.694	1.25315	1.25318			6
2024.12.26	10:01:10.308	1.25316	1.25320			6
2024.12.26	10:01:16.125	1.25314	1.25318			6
2024.12.26	10:01:16.430	1.25312	1.25317			6
2024.12.26	10:01:22.575	1.25308	1.25310			6
2024.12.26	10:01:22.885	1.25310	1.25314			6
2024.12.26	10:01:25.346	1.25311	1.25315			6
2024.12.26	10:01:28.723		1.25314			4
2024.12.26	10:01:29.958	1.25310				2
2024.12.26	10:01:39.773	1.25309	1.25313			6
2024.12.26	10:01:40.081	1.25310				2
2024.12.26	10:01:41.314	1.25311	1.25314			6
2024.12.26	10:01:41.628	1.25312				2
2024.12.26	10:01:45.625	1.25311	1.25316			6
2024.12.26	10:01:46.234		1.25315			4
2024.12.26	10:01:49.616		1.25316			4
2024.12.26	10:01:50.231		1.25315			4
2024.12.26	10:01:51.767		1.25316			4
2024.12.26	10:01:56.997	1.25312	1.25315			6
2024.12.26	10:01:57.619	1.25311				2
2024.12.26	10:02:00.074	1.25311				2
2024.12.26	10:02:00.383	1.25310				2
2024.12.26	10:02:01.308		1.25313			4
2024.12.26	10:02:02.230	1.25311	1.25316			6
2024.12.26	10:02:02.540	1.25316	1.25318			6
2024.12.26	10:02:03.157		1.25320			4
2024.12.26	10:02:05.921	1.25317				2
2024.12.26	10:02:07.461	1.25316	1.25321			6
2024.12.26	10:02:08.693	1.25315	1.25319			6
2024.12.26	10:02:13.620		1.25321			4
2024.12.26	10:02:13.930	1.25316				2
2024.12.26	10:02:23.784		1.25320			4
2024.12.26	10:02:27.787		1.25318			4
2024.12.26	10:02:28.101		1.25319			4
2024.12.26	10:02:28.703		1.25320			4
2024.12.26	10:02:29.945		1.25319			4
2024.12.26	10:02:31.483		1.25318			4
2024.12.26	10:02:33.944		1.25319			4
2024.12.26	10:02:36.103	1.25315	1.25317			6
2024.12.26	10:02:36.404	1.25313	1.25316			6
2024.12.26	10:02:48.996	1.25312	1.25315			6
2024.12.26	10:02:49.612	1.25314				2
2024.12.26	10:02:50.225	1.25309	1.25313			6
2024.12.26	10:02:50.530	1.25308	1.25312			6
2024.12.26	10:02:50.839	1.25307	1.25309			6
2024.12.26	10:02:51.759		1.25310			4
2024.12.26	10:02:52.981		1.25309			4
2024.12.26	10:02:53.602		1.25308			4
2024.12.26	10:02:53.906		1.25309			4
2024.12.26	10:02:56.373	1.25309	1.25311			6
2024.12.26	10:02:56.682	1.25312	1.25314			6
2024.12.26	10:02:57.296		1.25315			4
2024.12.26	10:03:00.066	1.25312				2
2024.12.26	10:03:01.299	1.25317	1.25319			6
2024.12.26	10:03:01.607	1.25313	1.25316			6
2024.12.26	10:03:02.223		1.25317			4
2024.12.26	10:03:02.525		1.25315			4
2024.12.26	10:03:03.455		1.25316			4
2024.12.26	10:03:22.529	1.25305	1.25306			6
2024.12.26	10:03:22.836	1.25307	1.25308			6
2024.12.26	10:03:25.295	1.25304	1.25307			6
2024.12.26	10:03:25.605		1.25306			4
2024.12.26	10:03:26.528	1.25303				2
2024.12.26	10:03:30.834	1.25312	1.25314			6
2024.12.26	10:03:33.302		1.25313			4
2024.12.26	10:03:40.388	1.25311	1.25312			6
2024.12.26	10:03:40.703	1.25308	1.25311			6
2024.12.26	10:03:42.235		1.25312			4
2024.12.26	10:03:42.852	1.25307	1.25310			6
2024.12.26	10:03:47.784	1.25308	1.25311			6
2024.12.26	10:03:48.085		1.25310			4
2024.12.26	10:03:48.391	1.25305	1.25307			6
2024.12.26	10:03:53.326	1.25304				2
2024.12.26	10:03:53.630	1.25303	1.25304			6
2024.12.26	10:03:55.785	1.25299	1.25303			6
2024.12.26	10:03:57.324	1.25304	1.25306			6
2024.12.26	10:03:59.473	1.25305				2
2024.12.26	10:03:59.783	1.25302	1.25304			6
2024.12.26	10:04:00.084	1.25302				2
2024.12.26	10:04:05.607	1.25304	1.25306			6
2024.12.26	10:04:06.844	1.25303				2
2024.12.26	10:04:09.000	1.25304				2
2024.12.26	10:04:13.923	1.25303				2
2024.12.26	10:04:15.157	1.25304				2
2024.12.26	10:04:18.224	1.25303				2
2024.12.26	10:04:21.625	1.25304				2
2024.12.26	10:04:27.478		1.25307			4
2024.12.26	10:04:28.711		1.25306			4
2024.12.26	10:04:29.024		1.25307			4
2024.12.26	10:04:29.639		1.25306			4
2024.12.26	10:04:31.181	1.25303	1.25305			6
2024.12.26	10:04:31.483		1.25306			4
2024.12.26	10:04:33.025		1.25305			4
2024.12.26	10:04:35.796	1.25302	1.25306			6
2024.12.26	10:04:36.111	1.25303				2
2024.12.26	10:04:37.648		1.25305			4
2024.12.26	10:04:37.956	1.25302				2
2024.12.26	10:04:42.870	1.25301	1.25304			6
2024.12.26	10:04:43.789	1.25299	1.25301			6
2024.12.26	10:04:44.099	1.25298	1.25303			6
2024.12.26	10:04:45.023	1.25299				2
2024.12.26	10:04:45.331	1.25300				2
2024.12.26	10:04:49.338	1.25298				2
2024.12.26	10:04:57.963	1.25297	1.25301			6
2024.12.26	10:04:59.501	1.25298	1.25303			6
2024.12.26	10:04:59.810	1.25299				2
2024.12.26	10:05:00.120	1.25298				2
2024.12.26	10:05:00.732	1.25297				2
2024.12.26	10:05:03.816	1.25298				2
2024.12.26	10:05:04.126	1.25297	1.25300			6
2024.12.26	10:05:04.431		1.25303			4
2024.12.26	10:05:04.741	1.25299	1.25304			6
2024.12.26	10:05:05.661	1.25297	1.25303			6
2024.12.26	10:05:07.196		1.25302			4
2024.12.26	10:05:07.502		1.25301			4
2024.12.26	10:05:08.121	1.25296				2
2024.12.26	10:05:08.738		1.25300			4
2024.12.26	10:05:09.046	1.25297	1.25301			6
2024.12.26	10:05:09.970	1.25294	1.25298			6
2024.12.26	10:05:10.282	1.25293	1.25297			6
2024.12.26	10:05:15.212	1.25294				2
2024.12.26	10:05:15.519	1.25295	1.25299			6
2024.12.26	10:05:18.896	1.25294	1.25298			6
2024.12.26	10:05:20.415		1.25297			4
2024.12.26	10:05:20.725		1.25298			4
2024.12.26	10:05:26.580	1.25296	1.25299			6
2024.12.26	10:05:27.810		1.25301			4
2024.12.26	10:05:35.801	1.25297				2
2024.12.26	10:05:43.199	1.25298				2
2024.12.26	10:05:43.502	1.25297				2
2024.12.26	10:05:45.651	1.25295	1.25298			6
2024.12.26	10:05:56.435	1.25294	1.25296			6
2024.12.26	10:05:57.361	1.25293				2
2024.12.26	10:05:57.665	1.25294				2
2024.12.26	10:06:00.127	1.25295				2
2024.12.26	10:06:00.436	1.25290	1.25292			6
2024.12.26	10:06:00.738	1.25289				2
2024.12.26	10:06:01.358	1.25287	1.25289			6
2024.12.26	10:06:02.283	1.25286				2
2024.12.26	10:06:03.204	1.25285				2
2024.12.26	10:06:03.817		1.25287			4
2024.12.26	10:06:04.439		1.25288			4
2024.12.26	10:06:11.889		1.25290			4
2024.12.26	10:06:15.587	1.25286				2
2024.12.26	10:06:16.208	1.25285	1.25289			6
2024.12.26	10:06:22.050		1.25288			4
2024.12.26	10:06:25.427	1.25282	1.25287			6
2024.12.26	10:06:25.731		1.25286			4
2024.12.26	10:06:26.040	1.25281				2
2024.12.26	10:06:26.658	1.25282				2
2024.12.26	10:06:28.508		1.25285			4
2024.12.26	10:06:34.361		1.25284			4
2024.12.26	10:06:34.670	1.25275	1.25279			6
2024.12.26	10:06:34.975	1.25276				2
2024.12.26	10:06:35.288	1.25275				2
2024.12.26	10:06:35.600	1.25274	1.25278			6
2024.12.26	10:06:36.213	1.25272	1.25276			6
2024.12.26	10:06:36.522	1.25275	1.25278			6
2024.12.26	10:06:37.130	1.25272	1.25277			6
2024.12.26	10:06:38.367		1.25276			4
2024.12.26	10:06:39.292		1.25277			4
2024.12.26	10:06:40.222	1.25270	1.25276			6
2024.12.26	10:06:41.445	1.25271				2
2024.12.26	10:06:45.762		1.25275			4
2024.12.26	10:06:46.070		1.25276			4
2024.12.26	10:06:46.995	1.25272	1.25277			6
2024.12.26	10:06:48.837	1.25271				2
2024.12.26	10:06:50.066		1.25275			4
2024.12.26	10:06:50.367	1.25268	1.25274			6
2024.12.26	10:06:51.605		1.25273			4
2024.12.26	10:06:52.525	1.25270				2
2024.12.26	10:06:56.838		1.25275			4
2024.12.26	10:06:58.066	1.25271	1.25276			6
2024.12.26	10:06:58.379		1.25275			4
2024.12.26	10:07:00.211	1.25271				2
2024.12.26	10:07:01.126		1.25277			4
2024.12.26	10:07:01.431	1.25272				2
2024.12.26	10:07:03.881	1.25274	1.25279			6
2024.12.26	10:07:04.186	1.25275				2
2024.12.26	10:07:04.492	1.25279	1.25283			6
2024.12.26	10:07:04.801	1.25278	1.25282			6
2024.12.26	10:07:05.105	1.25279	1.25283			6
2024.12.26	10:07:05.413	1.25278	1.25282			6
2024.12.26	10:07:05.723	1.25279	1.25285			6
2024.12.26	10:07:06.989	1.25281	1.25286			6
2024.12.26	10:07:07.901	1.25280				2
2024.12.26	10:07:08.821	1.25279	1.25285			6
2024.12.26	10:07:09.131	1.25280	1.25286			6
2024.12.26	10:07:09.743	1.25279	1.25285			6
2024.12.26	10:07:10.357	1.25280	1.25286			6
2024.12.26	10:07:11.280	1.25281				2
2024.12.26	10:07:11.887	1.25280				2
2024.12.26	10:07:13.413	1.25281				2
2024.12.26	10:07:13.724	1.25280				2
2024.12.26	10:07:15.865	1.25279	1.25284			6
2024.12.26	10:07:16.169	1.25277	1.25283			6
2024.12.26	10:07:16.475	1.25278	1.25284			6
2024.12.26	10:07:21.671	1.25279				2
2024.12.26	10:07:23.817	1.25280				2
2024.12.26	10:07:24.423	1.25279				2
2024.12.26	10:07:25.654		1.25285			4
2024.12.26	10:07:25.966	1.25280				2
2024.12.26	10:07:26.571	1.25279				2
2024.12.26	10:07:28.108	1.25280				2
2024.12.26	10:07:28.720	1.25279	1.25284			6
2024.12.26	10:07:36.370		1.25285			4
2024.12.26	10:07:37.289	1.25283	1.25287			6
2024.12.26	10:07:37.595	1.25285	1.25288			6
2024.12.26	10:07:38.205	1.25282	1.25286			6
2024.12.26	10:07:38.510	1.25283	1.25288			6
2024.12.26	10:07:38.819		1.25287			4
2024.12.26	10:07:45.585	1.25285	1.25289			6
2024.12.26	10:07:46.210		1.25288			4
2024.12.26	10:07:48.057	1.25284				2
2024.12.26	10:07:50.202	1.25285				2
2024.12.26	10:07:50.825	1.25284	1.25287			6
2024.12.26	10:07:51.135	1.25285	1.25288			6
2024.12.26	10:07:53.296		1.25289			4
2024.12.26	10:07:53.914	1.25286				2
2024.12.26	10:07:56.987	1.25285	1.25288			6
2024.12.26	10:07:58.509	1.25284	1.25287			6
2024.12.26	10:07:59.123	1.25282	1.25285			6
2024.12.26	10:08:00.041	1.25282				2
2024.12.26	10:08:09.245	1.25283	1.25286			6
2024.12.26	10:08:22.193	1.25285	1.25288			6
2024.12.26	10:08:36.350	1.25286	1.25289			6
2024.12.26	10:08:36.659		1.25290			4
2024.12.26	10:08:38.198	1.25288				2
2024.12.26	10:08:38.508	1.25286	1.25289			6
2024.12.26	10:08:38.818	1.25285				2
2024.12.26	10:08:39.436		1.25288			4
2024.12.26	10:08:42.826	1.25284				2
2024.12.26	10:08:44.365	1.25285				2
2024.12.26	10:08:53.591	1.25282	1.25286			6
2024.12.26	10:08:56.371		1.25285			4
2024.12.26	10:08:59.746	1.25281				2
2024.12.26	10:09:00.052	1.25283	1.25286			6
2024.12.26	10:09:00.669		1.25285			4
2024.12.26	10:09:01.280	1.25282				2
2024.12.26	10:09:03.726	1.25281				2
2024.12.26	10:09:04.647		1.25284			4
2024.12.26	10:09:05.866	1.25283	1.25286			6
2024.12.26	10:09:06.179	1.25284	1.25287			6
2024.12.26	10:09:06.485	1.25286	1.25289			6
2024.12.26	10:09:06.792	1.25292	1.25295			6
2024.12.26	10:09:07.404	1.25295	1.25298			6
2024.12.26	10:09:07.707	1.25292	1.25295			6
2024.12.26	10:09:08.630	1.25291	1.25294			6
2024.12.26	10:09:09.859	1.25292				2
2024.12.26	10:09:11.706		1.25295			4
2024.12.26	10:09:23.399		1.25294			4
2024.12.26	10:09:23.708	1.25296	1.25298			6
2024.12.26	10:09:34.796		1.25299			4
2024.12.26	10:09:41.556	1.25294	1.25295			6
2024.12.26	10:09:41.865	1.25302	1.25304			6
2024.12.26	10:09:42.169	1.25307	1.25309			6
2024.12.26	10:09:42.475	1.25306				2
2024.12.26	10:09:46.785	1.25304	1.25307			6
2024.12.26	10:09:47.094	1.25303	1.25306			6
2024.12.26	10:09:51.713	1.25304	1.25307			6
2024.12.26	10:09:52.937		1.25308			4
2024.12.26	10:09:56.307	1.25303	1.25305			6
2024.12.26	10:09:59.679	1.25302				2
2024.12.26	10:10:00.294	1.25302				2
2024.12.26	10:10:03.359		1.25304			4
2024.12.26	10:10:06.422		1.25305			4
2024.12.26	10:10:07.346		1.25307			4
2024.12.26	10:10:09.484		1.25305			4
2024.12.26	10:10:10.705	1.25303				2
2024.12.26	10:10:13.467	1.25302				2
2024.12.26	10:10:14.380	1.25303				2
2024.12.26	10:10:17.444	1.25302				2
2024.12.26	10:10:18.963	1.25297	1.25300			6
2024.12.26	10:10:19.265	1.25296	1.25299			6
2024.12.26	10:10:28.459	1.25295	1.25298			6
2024.12.26	10:10:28.764	1.25294	1.25296			6
2024.12.26	10:10:29.073	1.25295	1.25297			6
2024.12.26	10:10:29.377	1.25294				2
2024.12.26	10:10:30.600	1.25295	1.25298			6
2024.12.26	10:10:33.110	1.25294				2
2024.12.26	10:10:35.562	1.25292	1.25297			6
2024.12.26	10:10:35.879		1.25296			4
2024.12.26	10:10:37.732		1.25297			4
2024.12.26	10:10:38.655	1.25291				2
2024.12.26	10:10:38.963	1.25292				2
2024.12.26	10:10:39.265	1.25290	1.25296			6
2024.12.26	10:10:40.806	1.25292				2
2024.12.26	10:10:41.111	1.25291				2
2024.12.26	10:10:42.337	1.25292				2
2024.12.26	10:10:53.994		1.25297			4
2024.12.26	10:10:54.301	1.25293				2
2024.12.26	10:11:00.138	1.25293				2
2024.12.26	10:11:00.755	1.25292				2
2024.12.26	10:11:12.408	1.25291				2
2024.12.26	10:11:12.714		1.25296			4
2024.12.26	10:11:13.629	1.25292				2
2024.12.26	10:11:15.466	1.25293	1.25298			6
2024.12.26	10:11:15.771	1.25292	1.25297			6
2024.12.26	10:11:16.384		1.25296			4
2024.12.26	10:11:21.901	1.25293				2
2024.12.26	10:11:25.884	1.25292	1.25295			6
2024.12.26	10:11:28.955	1.25293				2
2024.12.26	10:11:29.263	1.25295	1.25298			6
2024.12.26	10:11:34.156	1.25298	1.25301			6
2024.12.26	10:11:34.462	1.25301	1.25303			6
2024.12.26	10:11:34.764	1.25304	1.25306			6
2024.12.26	10:11:35.065	1.25302	1.25305			6
2024.12.26	10:11:40.602	1.25297	1.25300			6
2024.12.26	10:11:43.373	1.25298				2
2024.12.26	10:11:55.983	1.25302	1.25304			6
2024.12.26	10:11:58.762		1.25305			4
2024.12.26	10:11:59.680	1.25305	1.25306			6
2024.12.26	10:11:59.986	1.25302	1.25305			6
2024.12.26	10:12:00.289	1.25302				2
2024.12.26	10:12:00.595		1.25304			4
2024.12.26	10:12:01.826	1.25303	1.25306			6
2024.12.26	10:12:13.521	1.25301	1.25305			6
2024.12.26	10:12:14.132	1.25302	1.25306			6
2024.12.26	10:12:19.053	1.25303				2
2024.12.26	10:12:30.441	1.25302				2
2024.12.26	10:12:32.902	1.25303				2
2024.12.26	10:12:36.597		1.25307			4
2024.12.26	10:12:41.519	1.25304				2
2024.12.26	10:12:42.134	1.25305	1.25310			6
2024.12.26	10:12:42.449	1.25306				2
2024.12.26	10:12:43.060	1.25308	1.25311			6
2024.12.26	10:12:51.996		1.25309			4
2024.12.26	10:12:52.928		1.25310			4
2024.12.26	10:12:56.622	1.25306	1.25309			6
2024.12.26	10:12:56.927	1.25303	1.25307			6
2024.12.26	10:13:00.298	1.25303				2
2024.12.26	10:13:02.446		1.25306			4
2024.12.26	10:13:07.661	1.25305	1.25309			6
2024.12.26	10:13:07.963	1.25304	1.25308			6
2024.12.26	10:13:08.581		1.25307			4
2024.12.26	10:13:10.726	1.25305	1.25309			6
2024.12.26	10:13:11.338	1.25307	1.25310			6
2024.12.26	10:13:21.763	1.25312	1.25317			6
2024.12.26	10:13:22.069	1.25321	1.25325			6
2024.12.26	10:13:22.681	1.25323	1.25326			6
2024.12.26	10:13:23.907		1.25324			4
2024.12.26	10:13:24.209	1.25321	1.25323			6
2024.12.26	10:13:26.066	1.25323	1.25326			6
2024.12.26	10:13:34.634	1.25322				2
2024.12.26	10:13:35.247	1.25323				2
2024.12.26	10:13:36.776	1.25326	1.25330			6
2024.12.26	10:13:37.688	1.25321	1.25323			6
2024.12.26	10:13:38.298		1.25324			4
2024.12.26	10:13:39.824		1.25323			4
2024.12.26	10:13:56.663	1.25319	1.25322			6
2024.12.26	10:13:58.196		1.25323			4
2024.12.26	10:13:59.117		1.25322			4
2024.12.26	10:13:59.419		1.25323			4
2024.12.26	10:14:00.027	1.25319				2
2024.12.26	10:14:00.328	1.25321				2
2024.12.26	10:14:06.762	1.25315	1.25316			6
2024.12.26	10:14:07.065	1.25313				2
2024.12.26	10:14:32.821	1.25312	1.25315			6
2024.12.26	10:14:34.045		1.25317			4
2024.12.26	10:14:36.796		1.25316			4
2024.12.26	10:14:46.278	1.25310	1.25315			6
2024.12.26	10:14:47.497		1.25314			4
2024.12.26	10:14:49.679	1.25311	1.25315			6
2024.12.26	10:14:51.520	1.25312				2
2024.12.26	10:14:54.576	1.25310	1.25314			6
2024.12.26	10:14:54.880	1.25311	1.25316			6
2024.12.26	10:14:55.787	1.25312				2
2024.12.26	10:14:56.705	1.25311				2
2024.12.26	10:15:00.073	1.25311				2
2024.12.26	10:15:03.752	1.25312				2
2024.12.26	10:15:15.438	1.25311	1.25315			6
2024.12.26	10:15:19.745		1.25313			4
2024.12.26	10:15:23.424	1.25309	1.25311			6
2024.12.26	10:15:24.038	1.25310				2
2024.12.26	10:15:24.648	1.25307	1.25310			6
2024.12.26	10:15:25.866	1.25306	1.25308			6
2024.12.26	10:15:35.730	1.25308	1.25309			6
2024.12.26	10:15:38.511	1.25306	1.25308			6
2024.12.26	10:15:40.665	1.25305	1.25307			6
2024.12.26	10:15:43.447	1.25306				2
2024.12.26	10:15:49.927		1.25308			4
2024.12.26	10:15:55.224		1.25309			4
2024.12.26	10:16:00.160	1.25306	1.25310			6
2024.12.26	10:16:00.464		1.25309			4
2024.12.26	10:16:29.552	1.25310	1.25313			6
2024.12.26	10:16:30.800	1.25309				2
2024.12.26	10:16:31.715		1.25312			4
2024.12.26	10:16:32.027	1.25307				2
2024.12.26	10:16:32.640	1.25306	1.25311			6
2024.12.26	10:16:33.249	1.25307				2
2024.12.26	10:16:33.863	1.25301	1.25305			6
2024.12.26	10:16:34.784	1.25302	1.25306			6
2024.12.26	10:16:36.320	1.25306	1.25310			6
2024.12.26	10:16:50.167	1.25305	1.25309			6
2024.12.26	10:16:51.089		1.25308			4
2024.12.26	10:16:52.019	1.25306				2
2024.12.26	10:16:52.325	1.25312	1.25316			6
2024.12.26	10:16:52.627	1.25313				2
2024.12.26	10:16:53.251	1.25312				2
2024.12.26	10:16:57.865	1.25311	1.25315			6
2024.12.26	10:16:59.097	1.25310	1.25314			6
2024.12.26	10:17:00.016	1.25310				2
2024.12.26	10:17:00.324	1.25307	1.25310			6
2024.12.26	10:17:00.629	1.25306				2
2024.12.26	10:17:11.702	1.25304	1.25308			6
2024.12.26	10:17:15.402	1.25303	1.25307			6
2024.12.26	10:17:15.703	1.25304	1.25308			6
2024.12.26	10:17:16.619	1.25305	1.25309			6
2024.12.26	10:17:19.073	1.25301	1.25306			6
2024.12.26	10:17:19.383	1.25302	1.25307			6
2024.12.26	10:17:20.917	1.25304	1.25308			6
2024.12.26	10:17:22.452	1.25305	1.25309			6
2024.12.26	10:17:22.771	1.25306				2
2024.12.26	10:17:23.992	1.25304	1.25308			6
2024.12.26	10:17:27.980	1.25305	1.25309			6
2024.12.26	10:17:29.821	1.25304	1.25308			6
2024.12.26	10:17:34.729	1.25305	1.25309			6
2024.12.26	10:17:36.568	1.25310	1.25314			6
2024.12.26	10:17:48.500	1.25309	1.25313			6
2024.12.26	10:17:51.559	1.25310				2
2024.12.26	10:18:00.145	1.25310				2
2024.12.26	10:18:02.279		1.25314			4
2024.12.26	10:18:10.539	1.25311				2
2024.12.26	10:18:22.199	1.25310	1.25313			6
2024.12.26	10:18:23.420	1.25309	1.25312			6
2024.12.26	10:18:23.729		1.25313			4
2024.12.26	10:18:33.262	1.25311	1.25314			6
2024.12.26	10:18:48.273	1.25310	1.25312			6
2024.12.26	10:18:48.583	1.25305	1.25308			6
2024.12.26	10:18:48.886	1.25304				2
2024.12.26	10:18:49.498	1.25305	1.25309			6
2024.12.26	10:18:49.798	1.25304	1.25307			6
2024.12.26	10:18:50.106		1.25308			4
2024.12.26	10:18:50.416	1.25303	1.25307			6
2024.12.26	10:18:50.720	1.25302				2
2024.12.26	10:18:52.869	1.25307	1.25310			6
2024.12.26	10:18:53.488	1.25306				2
2024.12.26	10:18:57.327	1.25302	1.25305			6
2024.12.26	10:19:00.101	1.25302				2
2024.12.26	10:19:15.508	1.25304	1.25308			6
2024.12.26	10:19:24.080	1.25303	1.25305			6
2024.12.26	10:19:25.915		1.25306			4
2024.12.26	10:19:27.751		1.25305			4
2024.12.26	10:19:28.052		1.25306			4
2024.12.26	10:19:32.934	1.25304	1.25308			6
2024.12.26	10:19:33.541	1.25303	1.25306			6
2024.12.26	10:19:37.513	1.25302	1.25303			6
2024.12.26	10:19:37.821	1.25301				2
2024.12.26	10:19:38.126	1.25299				2
2024.12.26	10:19:39.044	1.25300				2
2024.12.26	10:19:39.355	1.25299				2
2024.12.26	10:19:58.334	1.25296	1.25300			6
2024.12.26	10:19:58.639		1.25299			4
2024.12.26	10:19:58.943		1.25298			4
2024.12.26	10:19:59.256	1.25295				2
2024.12.26	10:20:00.170	1.25295				2
2024.12.26	10:20:00.477	1.25296	1.25299			6
2024.12.26	10:20:00.780	1.25293	1.25295			6
2024.12.26	10:20:01.090	1.25287	1.25293			6
2024.12.26	10:20:01.394	1.25288				2
2024.12.26	10:20:02.315	1.25287				2
2024.12.26	10:20:02.621	1.25289	1.25294			6
2024.12.26	10:20:04.148	1.25290	1.25295			6
2024.12.26	10:20:04.451		1.25294			4
2024.12.26	10:20:05.979	1.25292	1.25297			6
2024.12.26	10:20:06.592		1.25296			4
2024.12.26	10:20:06.893		1.25297			4
2024.12.26	10:20:07.200		1.25296			4
2024.12.26	10:20:07.814		1.25297			4
2024.12.26	10:20:09.032		1.25296			4
2024.12.26	10:20:09.333		1.25295			4
2024.12.26	10:20:09.948	1.25293	1.25297			6
2024.12.26	10:20:10.563		1.25296			4
2024.12.26	10:20:13.019		1.25295			4
2024.12.26	10:20:17.020	1.25292				2
2024.12.26	10:20:20.712		1.25296			4
2024.12.26	10:20:21.021		1.25295			4
2024.12.26	10:20:34.879	1.25290	1.25292			6
2024.12.26	10:20:35.188	1.25287	1.25291			6
2024.12.26	10:20:35.502	1.25288				2
2024.12.26	10:20:37.343	1.25287	1.25293			6
2024.12.26	10:20:38.269		1.25292			4
2024.12.26	10:20:39.194	1.25288	1.25291			6
2024.12.26	10:20:40.121	1.25286	1.25290			6
2024.12.26	10:20:44.118	1.25288	1.25291			6
2024.12.26	10:20:44.425	1.25287				2
2024.12.26	10:20:45.962	1.25283	1.25284			6
2024.12.26	10:20:46.265	1.25282				2
2024.12.26	10:20:47.195	1.25283	1.25285			6
2024.12.26	10:20:48.114		1.25286			4
2024.12.26	10:20:49.041	1.25282				2
2024.12.26	10:20:55.801		1.25285			4
2024.12.26	10:21:00.103	1.25282				2
2024.12.26	10:21:00.408		1.25287			4
2024.12.26	10:21:01.332		1.25286			4
2024.12.26	10:21:02.258		1.25287			4
2024.12.26	10:21:03.798		1.25286			4
2024.12.26	10:21:12.995		1.25285			4
2024.12.26	10:21:14.231		1.25286			4
2024.12.26	10:21:16.683	1.25281	1.25283			6
2024.12.26	10:21:16.984	1.25282	1.25285			6
2024.12.26	10:21:17.298		1.25286			4
2024.12.26	10:21:17.613	1.25283				2
2024.12.26	10:21:19.152	1.25282	1.25284			6
2024.12.26	10:21:19.457	1.25283	1.25288			6
2024.12.26	10:21:19.760	1.25293	1.25295			6
2024.12.26	10:21:20.070	1.25296	1.25299			6
2024.12.26	10:21:25.939	1.25297				2
2024.12.26	10:21:28.096	1.25295				2
2024.12.26	10:21:34.878	1.25296				2
2024.12.26	10:21:35.181	1.25292	1.25295			6
2024.12.26	10:21:35.484	1.25291	1.25296			6
2024.12.26	10:21:36.416		1.25295			4
2024.12.26	10:21:44.438		1.25298			4
2024.12.26	10:21:44.753	1.25295				2
2024.12.26	10:21:46.592		1.25299			4
2024.12.26	10:21:47.518	1.25296				2
2024.12.26	10:21:56.444	1.25295				2
2024.12.26	10:21:58.606	1.25292	1.25296			6
2024.12.26	10:22:00.148	1.25292				2
2024.12.26	10:22:00.464	1.25295	1.25299			6
2024.12.26	10:22:02.308		1.25298			4
2024.12.26	10:22:02.616		1.25299			4
2024.12.26	10:22:05.701		1.25298			4
2024.12.26	10:22:06.016	1.25294	1.25300			6
2024.12.26	10:22:09.716	1.25292	1.25298			6
2024.12.26	10:22:14.045		1.25297			4
2024.12.26	10:22:15.281		1.25298			4
2024.12.26	10:22:15.583		1.25297			4
2024.12.26	10:22:18.059	1.25293	1.25299			6
2024.12.26	10:22:18.364	1.25294	1.25300			6
2024.12.26	10:22:23.609		1.25299			4
2024.12.26	10:22:25.448	1.25292	1.25297			6
2024.12.26	10:22:37.700		1.25296			4
2024.12.26	10:22:38.926		1.25298			4
2024.12.26	10:22:45.653		1.25296			4
2024.12.26	10:22:50.864	1.25291				2
2024.12.26	10:23:00.057	1.25291				2
2024.12.26	10:23:00.364	1.25292	1.25297			6
2024.12.26	10:23:01.592		1.25296			4
2024.12.26	10:23:02.205	1.25291	1.25295			6
2024.12.26	10:23:07.107		1.25296			4
2024.12.26	10:23:16.308	1.25290				2
2024.12.26	10:23:17.537	1.25291				2
2024.12.26	10:23:17.843		1.25297			4
2024.12.26	10:23:18.149	1.25292				2
2024.12.26	10:23:21.216	1.25291	1.25296			6
2024.12.26	10:23:23.362		1.25297			4
2024.12.26	10:23:25.197		1.25296			4
2024.12.26	10:23:28.576		1.25297			4
2024.12.26	10:23:29.495		1.25296			4
2024.12.26	10:23:31.335	1.25292				2
2024.12.26	10:23:31.637	1.25288	1.25292			6
2024.12.26	10:23:31.942	1.25287				2
2024.12.26	10:23:32.553		1.25291			4
2024.12.26	10:23:32.858	1.25288	1.25293			6
2024.12.26	10:23:33.164		1.25292			4
2024.12.26	10:23:35.915		1.25293			4
2024.12.26	10:23:36.225	1.25289	1.25295			6
2024.12.26	10:23:36.834		1.25294			4
2024.12.26	10:23:37.452	1.25288				2
2024.12.26	10:23:39.280	1.25289	1.25295			6
2024.12.26	10:23:40.208	1.25290				2
2024.12.26	10:23:45.708	1.25294	1.25297			6
2024.12.26	10:23:46.014	1.25295	1.25300			6
2024.12.26	10:23:50.614	1.25298	1.25302			6
2024.12.26	10:23:50.921	1.25297	1.25303			6
2024.12.26	10:23:51.226	1.25296				2
2024.12.26	10:23:51.842	1.25294	1.25297			6
2024.12.26	10:23:57.362		1.25298			4
2024.12.26	10:24:00.135	1.25294				2
2024.12.26	10:24:01.363	1.25292	1.25295			6
2024.12.26	10:24:05.690	1.25287	1.25292			6
2024.12.26	10:24:05.997	1.25290	1.25294			6
2024.12.26	10:24:06.306	1.25291	1.25295			6
2024.12.26	10:24:07.234	1.25290				2
2024.12.26	10:24:15.865		1.25294			4
2024.12.26	10:24:16.181	1.25291				2
2024.12.26	10:24:16.791		1.25296			4
2024.12.26	10:24:17.098		1.25295			4
2024.12.26	10:24:20.189		1.25294			4
2024.12.26	10:24:22.649		1.25295			4
2024.12.26	10:24:22.953		1.25294			4
2024.12.26	10:24:34.974		1.25296			4
2024.12.26	10:24:36.522		1.25295			4
2024.12.26	10:24:36.822		1.25296			4
2024.12.26	10:24:38.042		1.25295			4
2024.12.26	10:24:38.348		1.25293			4
2024.12.26	10:24:44.533		1.25296			4
2024.12.26	10:24:46.998	1.25292				2
2024.12.26	10:24:50.367		1.25297			4
2024.12.26	10:24:51.903		1.25296			4
2024.12.26	10:24:52.519		1.25295			4
2024.12.26	10:24:54.054	1.25286	1.25288			6
2024.12.26	10:24:54.359	1.25284	1.25287			6
2024.12.26	10:24:55.590		1.25288			4
2024.12.26	10:24:56.199	1.25286	1.25289			6
2024.12.26	10:24:57.123	1.25291	1.25293			6
2024.12.26	10:24:57.424	1.25290				2
2024.12.26	10:24:58.961	1.25289	1.25294			6
2024.12.26	10:24:59.875	1.25288	1.25293			6
2024.12.26	10:25:00.181	1.25288				2
2024.12.26	10:25:01.098	1.25289				2
2024.12.26	10:25:01.403	1.25288				2
2024.12.26	10:25:01.706	1.25287	1.25291			6
2024.12.26	10:25:02.324		1.25290			4
2024.12.26	10:25:03.242	1.25283	1.25288			6
2024.12.26	10:25:04.773	1.25281	1.25283			6
2024.12.26	10:25:05.081		1.25284			4
2024.12.26	10:25:13.032		1.25286			4
2024.12.26	10:25:13.346		1.25284			4
2024.12.26	10:25:20.138		1.25286			4
2024.12.26	10:25:20.448		1.25284			4
2024.12.26	10:25:21.373		1.25286			4
2024.12.26	10:25:22.606		1.25284			4
2024.12.26	10:25:25.077		1.25283			4
2024.12.26	10:25:25.385		1.25284			4
2024.12.26	10:25:26.301		1.25286			4
2024.12.26	10:25:31.214	1.25291	1.25294			6
2024.12.26	10:26:00.079	1.25291				2
2024.12.26	10:26:00.394		1.25293			4
2024.12.26	10:26:05.614	1.25290				2
2024.12.26	10:26:05.921	1.25289				2
2024.12.26	10:26:07.151	1.25296	1.25299			6
2024.12.26	10:26:08.074	1.25295	1.25297			6
2024.12.26	10:26:08.383	1.25296	1.25299			6
2024.12.26	10:26:14.550	1.25295	1.25296			6
2024.12.26	10:26:14.864	1.25296	1.25298			6
2024.12.26	10:26:23.198		1.25299			4
2024.12.26	10:26:25.966	1.25293	1.25296			6
2024.12.26	10:26:26.269	1.25292	1.25295			6
2024.12.26	10:26:26.574		1.25299			4
2024.12.26	10:26:27.803	1.25290	1.25294			6
2024.12.26	10:26:29.023	1.25287	1.25291			6
2024.12.26	10:26:35.159	1.25286	1.25289			6
2024.12.26	10:26:35.461		1.25290			4
2024.12.26	10:26:36.383		1.25289			4
2024.12.26	10:26:36.694		1.25291			4
2024.12.26	10:26:38.229		1.25292			4
2024.12.26	10:26:38.842		1.25290			4
2024.12.26	10:26:39.144		1.25289			4
2024.12.26	10:26:39.445	1.25285	1.25288			6
2024.12.26	10:26:41.295	1.25286	1.25290			6
2024.12.26	10:26:42.519		1.25291			4
2024.12.26	10:26:43.439		1.25290			4
2024.12.26	10:26:44.353		1.25291			4
2024.12.26	10:26:44.657	1.25290	1.25292			6
2024.12.26	10:26:44.961		1.25294			4
2024.12.26	10:26:46.193		1.25295			4
2024.12.26	10:26:46.497	1.25289	1.25293			6
2024.12.26	10:26:47.113		1.25292			4
2024.12.26	10:26:47.725	1.25287	1.25291			6
2024.12.26	10:26:49.572		1.25290			4
2024.12.26	10:26:50.796	1.25288	1.25291			6
2024.12.26	10:26:51.101	1.25291	1.25296			6
2024.12.26	10:26:51.405		1.25295			4
2024.12.26	10:26:54.165	1.25292				2
2024.12.26	10:26:54.466		1.25296			4
2024.12.26	10:26:55.389	1.25291				2
2024.12.26	10:27:00.281	1.25290	1.25295			6
2024.12.26	10:27:00.898	1.25291	1.25296			6
2024.12.26	10:27:02.118		1.25295			4
2024.12.26	10:27:02.426		1.25296			4
2024.12.26	10:27:07.333		1.25295			4
2024.12.26	10:27:07.641		1.25296			4
2024.12.26	10:27:11.317	1.25295	1.25300			6
2024.12.26	10:27:11.622		1.25299			4
2024.12.26	10:27:11.933	1.25294	1.25298			6
2024.12.26	10:27:12.546	1.25295	1.25299			6
2024.12.26	10:27:12.852		1.25298			4
2024.12.26	10:27:13.466		1.25299			4
2024.12.26	10:27:13.773		1.25298			4
2024.12.26	10:27:14.697	1.25294	1.25299			6
2024.12.26	10:27:15.310		1.25298			4
2024.12.26	10:27:19.005		1.25297			4
2024.12.26	10:27:27.325		1.25298			4
2024.12.26	10:27:32.549	1.25297	1.25301			6
2024.12.26	10:27:33.477		1.25300			4
2024.12.26	10:27:40.250		1.25302			4
2024.12.26	10:27:49.801	1.25296				2
2024.12.26	10:27:50.728	1.25297				2
2024.12.26	10:28:00.286	1.25291	1.25295			6
2024.12.26	10:28:05.849	1.25290	1.25294			6
2024.12.26	10:28:06.159	1.25289				2
2024.12.26	10:28:06.462	1.25290				2
2024.12.26	10:28:07.390	1.25288				2
2024.12.26	10:28:07.694		1.25295			4
2024.12.26	10:28:10.465	1.25291	1.25296			6
2024.12.26	10:28:12.320	1.25303	1.25304			6
2024.12.26	10:28:13.240		1.25306			4
2024.12.26	10:28:16.918	1.25302	1.25305			6
2024.12.26	10:28:29.793		1.25306			4
2024.12.26	10:28:33.171	1.25304	1.25308			6
2024.12.26	10:28:33.477	1.25305	1.25309			6
2024.12.26	10:28:33.785	1.25306	1.25310			6
2024.12.26	10:28:36.253	1.25304	1.25306			6
2024.12.26	10:28:36.564	1.25302	1.25307			6
2024.12.26	10:28:38.411		1.25308			4
2024.12.26	10:28:38.716		1.25307			4
2024.12.26	10:28:39.026		1.25308			4
2024.12.26	10:28:40.257	1.25306	1.25310			6
2024.12.26	10:28:40.563	1.25312	1.25316			6
2024.12.26	10:28:41.181	1.25311				2
2024.12.26	10:28:41.487		1.25315			4
2024.12.26	10:28:41.794		1.25316			4
2024.12.26	10:28:42.102		1.25317			4
2024.12.26	10:28:42.720	1.25306	1.25312			6
2024.12.26	10:28:43.641		1.25314			4
2024.12.26	10:28:44.258	1.25307				2
2024.12.26	10:28:45.800		1.25313			4
2024.12.26	10:28:46.102		1.25314			4
2024.12.26	10:28:46.728	1.25306	1.25313			6
2024.12.26	10:28:47.037	1.25305	1.25312			6
2024.12.26	10:28:48.575	1.25304	1.25310			6
2024.12.26	10:28:48.887	1.25305	1.25311			6
2024.12.26	10:28:49.496	1.25304				2
2024.12.26	10:28:50.417	1.25305	1.25312			6
2024.12.26	10:28:50.723	1.25306				2
2024.12.26	10:28:51.034	1.25302	1.25309			6
2024.12.26	10:28:51.956	1.25303	1.25310			6
2024.12.26	10:28:55.339	1.25304				2
2024.12.26	10:28:55.651		1.25311			4
2024.12.26	10:28:57.489		1.25310			4
2024.12.26	10:28:57.803	1.25302	1.25308			6
2024.12.26	10:28:58.111	1.25301				2
2024.12.26	10:28:58.734		1.25307			4
2024.12.26	10:28:59.346		1.25308			4
2024.12.26	10:29:00.271	1.25300	1.25306			6
2024.12.26	10:29:00.576	1.25301	1.25307			6
2024.12.26	10:29:01.193	1.25300	1.25306			6
2024.12.26	10:29:08.581	1.25297	1.25304			6
2024.12.26	10:29:11.351	1.25296	1.25303			6
2024.12.26	10:29:11.661	1.25297	1.25304			6
2024.12.26	10:29:13.201	1.25298				2
2024.12.26	10:29:13.505	1.25299	1.25306			6
2024.12.26	10:29:23.979		1.25305			4
2024.12.26	10:29:25.835	1.25298				2
2024.12.26	10:29:30.756	1.25301				2
2024.12.26	10:29:31.067	1.25298				2
2024.12.26	10:29:32.298		1.25306			4
2024.12.26	10:29:32.604	1.25297	1.25304			6
2024.12.26	10:29:39.042	1.25296	1.25302			6
2024.12.26	10:29:39.659	1.25297				2
2024.12.26	10:29:39.965		1.25304			4
2024.12.26	10:29:40.269		1.25302			4
2024.12.26	10:29:41.504		1.25304			4
2024.12.26	10:29:42.419		1.25303			4
2024.12.26	10:29:43.340		1.25304			4
2024.12.26	10:29:45.494		1.25303			4
2024.12.26	10:29:45.801		1.25304			4
2024.12.26	10:29:46.102		1.25303			4
2024.12.26	10:29:50.091		1.25304			4
2024.12.26	10:29:57.755		1.25303			4
2024.12.26	10:29:58.989		1.25304			4
2024.12.26	10:30:00.224	1.25297				2
2024.12.26	10:30:02.381	1.25296				2
2024.12.26	10:30:04.214	1.25286	1.25288			6
2024.12.26	10:30:04.522		1.25287			4
2024.12.26	10:30:04.825	1.25278	1.25285			6
2024.12.26	10:30:05.443	1.25277	1.25284			6
2024.12.26	10:30:05.745	1.25278	1.25285			6
2024.12.26	10:30:06.367	1.25280	1.25286			6
2024.12.26	10:30:07.593	1.25279				2
2024.12.26	10:30:13.745		1.25285			4
2024.12.26	10:30:14.971	1.25276	1.25282			6
2024.12.26	10:30:16.196	1.25278	1.25283			6
2024.12.26	10:30:18.039	1.25276	1.25282			6
2024.12.26	10:30:19.574	1.25275	1.25281			6
2024.12.26	10:30:32.178		1.25276			4
2024.12.26	10:30:32.486		1.25281			4
2024.12.26	10:30:33.408	1.25278	1.25283			6
2024.12.26	10:30:33.721	1.25276	1.25282			6
2024.12.26	10:30:34.027		1.25283			4
2024.12.26	10:30:35.880	1.25278	1.25284			6
2024.12.26	10:30:36.183	1.25279	1.25285			6
2024.12.26	10:30:38.335		1.25281			4
2024.12.26	10:30:48.478		1.25282			4
2024.12.26	10:30:51.560		1.25281			4
2024.12.26	10:30:57.099		1.25280			4
2024.12.26	10:30:58.332	1.25277	1.25278			6
2024.12.26	10:31:00.176	1.25276				2
2024.12.26	10:31:00.487	1.25275	1.25277			6
2024.12.26	10:31:02.326	1.25276				2
2024.12.26	10:31:03.550	1.25274				2
2024.12.26	10:31:05.091	1.25276				2
2024.12.26	10:31:05.401	1.25270	1.25273			6
2024.12.26	10:31:06.322	1.25271				2
2024.12.26	10:31:07.245	1.25272	1.25274			6
2024.12.26	10:31:07.548	1.25273	1.25276			6
2024.12.26	10:31:10.939	1.25274				2
2024.12.26	10:31:13.398		1.25277			4
2024.12.26	10:31:13.704	1.25275				2
2024.12.26	10:31:19.548	1.25274				2
2024.12.26	10:31:23.242	1.25271	1.25276			6
2024.12.26	10:31:23.860		1.25275			4
2024.12.26	10:31:24.169		1.25276			4
2024.12.26	10:31:24.479		1.25275			4
2024.12.26	10:31:26.923	1.25274	1.25276			6
2024.12.26	10:31:29.369	1.25272				2
2024.12.26	10:31:30.602	1.25274	1.25277			6
2024.12.26	10:31:32.137	1.25273				2
2024.12.26	10:31:33.057	1.25271				2
2024.12.26	10:31:33.675	1.25272				2
2024.12.26	10:31:35.217	1.25271	1.25276			6
2024.12.26	10:31:35.522	1.25273	1.25277			6
2024.12.26	10:31:35.823	1.25274				2
2024.12.26	10:31:37.676	1.25271	1.25275			6
2024.12.26	10:31:37.983		1.25274			4
2024.12.26	10:31:39.504	1.25270	1.25273			6
2024.12.26	10:31:39.808		1.25274			4
2024.12.26	10:31:41.661		1.25275			4
2024.12.26	10:31:43.516	1.25269				2
2024.12.26	10:31:46.896	1.25268				2
2024.12.26	10:31:47.211	1.25269				2
2024.12.26	10:31:47.513	1.25268				2
2024.12.26	10:31:47.821	1.25271				2
2024.12.26	10:31:49.355	1.25269				2
2024.12.26	10:31:49.663	1.25268	1.25274			6
2024.12.26	10:31:49.968	1.25269				2
2024.12.26	10:31:53.049	1.25267				2
2024.12.26	10:31:54.589	1.25268				2
2024.12.26	10:31:57.684		1.25275			4
2024.12.26	10:32:00.155	1.25268				2
2024.12.26	10:32:00.767		1.25274			4
2024.12.26	10:32:01.384	1.25265	1.25271			6
2024.12.26	10:32:01.690	1.25266	1.25272			6
2024.12.26	10:32:06.315		1.25273			4
2024.12.26	10:32:08.785	1.25267	1.25274			6
2024.12.26	10:32:10.628	1.25269	1.25275			6
2024.12.26	10:32:20.338	1.25270				2
2024.12.26	10:32:22.191		1.25276			4
2024.12.26	10:32:22.811		1.25275			4
2024.12.26	10:32:29.300		1.25274			4
2024.12.26	10:32:32.088	1.25269				2
2024.12.26	10:32:33.011		1.25272			4
2024.12.26	10:32:35.479	1.25267	1.25271			6
2024.12.26	10:32:35.786		1.25272			4
2024.12.26	10:32:36.093		1.25271			4
2024.12.26	10:32:37.326	1.25266	1.25270			6
2024.12.26	10:32:37.630		1.25272			4
2024.12.26	10:32:43.802	1.25264	1.25269			6
2024.12.26	10:32:44.112	1.25262	1.25267			6
2024.12.26	10:32:46.884	1.25263	1.25269			6
2024.12.26	10:32:47.187	1.25269	1.25275			6
2024.12.26	10:32:48.728	1.25272	1.25277			6
2024.12.26	10:32:49.030	1.25271				2
2024.12.26	10:32:53.972		1.25276			4
2024.12.26	10:32:55.822	1.25272				2
2024.12.26	10:32:58.902	1.25273				2
2024.12.26	10:33:00.132	1.25273				2
2024.12.26	10:33:00.448	1.25274				2
2024.12.26	10:33:01.061		1.25277			4
2024.12.26	10:33:01.678	1.25273				2
2024.12.26	10:33:01.989	1.25274				2
2024.12.26	10:33:06.002	1.25273				2
2024.12.26	10:33:06.926	1.25274				2
2024.12.26	10:33:08.468	1.25283	1.25285			6
2024.12.26	10:33:09.079		1.25286			4
2024.12.26	10:33:20.502	1.25286	1.25287			6
2024.12.26	10:33:20.816	1.25285				2
2024.12.26	10:33:22.042	1.25286				2
2024.12.26	10:33:22.353	1.25284				2
2024.12.26	10:33:25.435	1.25286	1.25288			6
2024.12.26	10:33:26.054		1.25287			4
2024.12.26	10:33:27.288	1.25285				2
2024.12.26	10:33:27.902		1.25290			4
2024.12.26	10:33:28.209	1.25287	1.25291			6
2024.12.26	10:33:29.139	1.25286	1.25289			6
2024.12.26	10:33:29.443	1.25285	1.25287			6
2024.12.26	10:33:30.376		1.25288			4
2024.12.26	10:33:31.294	1.25286				2
2024.12.26	10:33:32.222	1.25285				2
2024.12.26	10:33:33.457	1.25287	1.25289			6
2024.12.26	10:33:33.771	1.25285				2
2024.12.26	10:33:34.696	1.25286				2
2024.12.26	10:33:35.314	1.25285	1.25287			6
2024.12.26	10:33:35.621		1.25288			4
2024.12.26	10:33:38.402		1.25287			4
2024.12.26	10:33:38.716	1.25286	1.25288			6
2024.12.26	10:33:44.884	1.25284				2
2024.12.26	10:33:46.420	1.25286				2
2024.12.26	10:33:46.723	1.25284				2
2024.12.26	10:33:48.858	1.25287	1.25289			6
2024.12.26	10:33:49.161		1.25291			4
2024.12.26	10:34:00.189	1.25287				2
2024.12.26	10:34:01.094		1.25292			4
2024.12.26	10:34:01.401	1.25290	1.25293			6
2024.12.26	10:34:04.471	1.25291	1.25294			6
2024.12.26	10:34:08.747	1.25293	1.25296			6
2024.12.26	10:34:09.960	1.25292				2
2024.12.26	10:34:10.569	1.25297	1.25300			6
2024.12.26	10:34:10.876	1.25291	1.25292			6
2024.12.26	10:34:11.180	1.25288	1.25291			6
2024.12.26	10:34:11.486	1.25285	1.25288			6
2024.12.26	10:34:11.789	1.25283	1.25286			6
2024.12.26	10:34:12.402	1.25284	1.25287			6
2024.12.26	10:34:12.706	1.25286	1.25289			6
2024.12.26	10:34:13.013	1.25287	1.25291			6
2024.12.26	10:34:15.156		1.25292			4
2024.12.26	10:34:16.690		1.25291			4
2024.12.26	10:34:20.067	1.25285	1.25287			6
2024.12.26	10:34:20.381		1.25286			4
2024.12.26	10:34:21.297	1.25286	1.25287			6
2024.12.26	10:34:21.609	1.25285	1.25288			6
2024.12.26	10:34:21.910	1.25284	1.25286			6
2024.12.26	10:34:22.218	1.25283				2
2024.12.26	10:34:22.526		1.25285			4
2024.12.26	10:34:24.366	1.25282	1.25283			6
2024.12.26	10:34:24.670		1.25284			4
2024.12.26	10:34:25.905		1.25283			4
2024.12.26	10:34:26.212		1.25285			4
2024.12.26	10:34:32.677	1.25283	1.25286			6
2024.12.26	10:34:40.379		1.25285			4
2024.12.26	10:34:45.617	1.25287	1.25289			6
2024.12.26	10:34:45.921	1.25284	1.25288			6
2024.12.26	10:34:46.223	1.25287	1.25290			6
2024.12.26	10:34:46.527	1.25286				2
2024.12.26	10:34:46.832	1.25287				2
2024.12.26	10:34:47.437	1.25286	1.25288			6
2024.12.26	10:34:47.743		1.25289			4
2024.12.26	10:34:48.364	1.25287	1.25290			6
2024.12.26	10:34:49.901		1.25291			4
2024.12.26	10:35:00.053	1.25287				2
2024.12.26	10:35:02.515	1.25288	1.25293			6
2024.12.26	10:35:02.821	1.25292	1.25296			6
2024.12.26	10:35:07.439		1.25295			4
2024.12.26	10:35:08.977	1.25291				2
2024.12.26	10:35:10.516	1.25290				2
2024.12.26	10:35:11.134	1.25291				2
2024.12.26	10:35:11.753	1.25290				2
2024.12.26	10:35:13.292		1.25294			4
2024.12.26	10:35:13.608		1.25295			4
2024.12.26	10:35:16.372		1.25294			4
2024.12.26	10:35:16.676		1.25295			4
2024.12.26	10:35:21.316	1.25291				2
2024.12.26	10:35:22.239	1.25290	1.25294			6
2024.12.26	10:35:29.361	1.25291				2
2024.12.26	10:35:29.662		1.25295			4
2024.12.26	10:35:33.661	1.25290				2
2024.12.26	10:35:38.561	1.25289	1.25294			6
2024.12.26	10:35:38.863	1.25290				2
2024.12.26	10:35:39.178	1.25288	1.25292			6
2024.12.26	10:35:44.698	1.25290	1.25294			6
2024.12.26	10:35:48.685	1.25291				2
2024.12.26	10:35:48.989	1.25292				2
2024.12.26	10:35:54.513		1.25295			4
2024.12.26	10:36:00.034	1.25292				2
2024.12.26	10:36:00.648	1.25294	1.25296			6
2024.12.26	10:36:03.718	1.25293				2
2024.12.26	10:36:17.777		1.25298			4
2024.12.26	10:36:23.906		1.25297			4
2024.12.26	10:36:24.521	1.25294				2
2024.12.26	10:36:26.029		1.25298			4
2024.12.26	10:36:26.958		1.25297			4
2024.12.26	10:36:27.263	1.25293				2
2024.12.26	10:36:27.883	1.25294				2
2024.12.26	10:36:33.384	1.25292				2
2024.12.26	10:36:34.301	1.25295	1.25298			6
2024.12.26	10:36:34.607	1.25294	1.25297			6
2024.12.26	10:36:36.145		1.25299			4
2024.12.26	10:36:36.450		1.25298			4
2024.12.26	10:36:39.209		1.25297			4
2024.12.26	10:36:43.503	1.25293	1.25296			6
2024.12.26	10:36:43.807	1.25292	1.25295			6
2024.12.26	10:36:44.724	1.25293	1.25296			6
2024.12.26	10:36:51.443	1.25291	1.25295			6
2024.12.26	10:36:52.663		1.25296			4
2024.12.26	10:36:53.885		1.25295			4
2024.12.26	10:36:54.196	1.25289	1.25293			6
2024.12.26	10:36:56.639	1.25290				2
2024.12.26	10:36:58.162	1.25292	1.25295			6
2024.12.26	10:37:00.298	1.25292				2
2024.12.26	10:37:01.215	1.25291				2
2024.12.26	10:37:01.518	1.25292	1.25294			6
2024.12.26	10:37:03.035		1.25295			4
2024.12.26	10:37:03.348	1.25290	1.25292			6
2024.12.26	10:37:03.657		1.25293			4
2024.12.26	10:37:04.880	1.25291				2
2024.12.26	10:37:05.183		1.25294			4
2024.12.26	10:37:06.401	1.25289	1.25292			6
2024.12.26	10:37:07.120	1.25290				2
2024.12.26	10:37:07.427	1.25289				2
2024.12.26	10:37:08.337		1.25291			4
2024.12.26	10:37:08.640	1.25288	1.25290			6
2024.12.26	10:37:08.944	1.25285	1.25288			6
2024.12.26	10:37:09.246		1.25289			4
2024.12.26	10:37:09.549		1.25288			4
2024.12.26	10:37:11.710	1.25283	1.25286			6
2024.12.26	10:37:19.365		1.25285			4
2024.12.26	10:37:36.809	1.25282	1.25283			6
2024.12.26	10:37:37.120	1.25293	1.25294			6
2024.12.26	10:37:37.426		1.25295			4
2024.12.26	10:37:37.731		1.25294			4
2024.12.26	10:37:38.038		1.25295			4
2024.12.26	10:37:43.535	1.25291	1.25293			6
2024.12.26	10:37:43.841	1.25283	1.25287			6
2024.12.26	10:37:44.757		1.25288			4
2024.12.26	10:37:46.579		1.25289			4
2024.12.26	10:37:47.193	1.25285				2
2024.12.26	10:37:47.493	1.25286				2
2024.12.26	10:37:49.948	1.25285	1.25288			6
2024.12.26	10:37:50.260	1.25283				2
2024.12.26	10:37:50.567		1.25287			4
2024.12.26	10:37:53.625	1.25282	1.25284			6
2024.12.26	10:37:53.927	1.25281				2
2024.12.26	10:37:59.138		1.25283			4
2024.12.26	10:37:59.447	1.25279				2
2024.12.26	10:37:59.752		1.25284			4
2024.12.26	10:38:00.059	1.25280				2
2024.12.26	10:38:01.283	1.25281	1.25285			6
2024.12.26	10:38:02.202		1.25284			4
2024.12.26	10:38:03.115	1.25282				2
2024.12.26	10:38:03.421	1.25287	1.25290			6
2024.12.26	10:38:05.874	1.25286				2
2024.12.26	10:38:07.410	1.25284	1.25285			6
2024.12.26	10:38:07.712	1.25282	1.25286			6
2024.12.26	10:38:11.111		1.25285			4
2024.12.26	10:38:12.032	1.25281				2
2024.12.26	10:38:14.191	1.25280	1.25282			6
2024.12.26	10:38:25.283	1.25279				2
2024.12.26	10:38:30.842		1.25281			4
2024.12.26	10:38:32.381	1.25278				2
2024.12.26	10:38:38.257	1.25282	1.25284			6
2024.12.26	10:38:48.464	1.25281				2
2024.12.26	10:38:48.769	1.25282				2
2024.12.26	10:38:52.485	1.25280				2
2024.12.26	10:38:52.793	1.25281	1.25283			6
2024.12.26	10:39:00.192	1.25281				2
2024.12.26	10:39:00.495		1.25285			4
2024.12.26	10:39:02.026		1.25284			4
2024.12.26	10:39:02.331		1.25285			4
2024.12.26	10:39:03.559		1.25284			4
2024.12.26	10:39:08.161		1.25285			4
2024.12.26	10:39:10.611		1.25283			4
2024.12.26	10:39:11.224	1.25279				2
2024.12.26	10:39:12.456	1.25280				2
2024.12.26	10:39:12.763		1.25284			4
2024.12.26	10:39:14.311	1.25281	1.25285			6
2024.12.26	10:39:14.615		1.25284			4
2024.12.26	10:39:24.494		1.25285			4
2024.12.26	10:39:26.335		1.25287			4
2024.12.26	10:39:26.637		1.25283			4
2024.12.26	10:39:36.752	1.25279	1.25281			6
2024.12.26	10:39:39.496	1.25278	1.25280			6
2024.12.26	10:39:39.803	1.25275	1.25278			6
2024.12.26	10:39:42.856	1.25276				2
2024.12.26	10:39:46.231	1.25275	1.25277			6
2024.12.26	10:39:46.538	1.25272	1.25276			6
2024.12.26	10:39:46.852		1.25275			4
2024.12.26	10:39:49.600	1.25276	1.25278			6
2024.12.26	10:39:56.639		1.25279			4
2024.12.26	10:39:57.855	1.25275				2
2024.12.26	10:39:58.465	1.25276				2
2024.12.26	10:39:59.384	1.25272	1.25276			6
2024.12.26	10:40:00.298	1.25272				2
2024.12.26	10:40:03.664		1.25275			4
2024.12.26	10:40:05.194	1.25270				2
2024.12.26	10:40:10.697	1.25269				2
2024.12.26	10:40:11.004	1.25268	1.25273			6
2024.12.26	10:40:12.223	1.25267				2
2024.12.26	10:40:13.446	1.25270	1.25274			6
2024.12.26	10:40:13.753	1.25268	1.25273			6
2024.12.26	10:40:16.501	1.25266	1.25270			6
2024.12.26	10:40:16.807	1.25264	1.25267			6
2024.12.26	10:40:17.118	1.25261				2
2024.12.26	10:40:20.564	1.25260	1.25266			6
2024.12.26	10:40:21.489	1.25261				2
2024.12.26	10:40:21.801	1.25260				2
2024.12.26	10:40:24.271	1.25261				2
2024.12.26	10:40:24.583	1.25260				2
2024.12.26	10:40:26.424	1.25261				2
2024.12.26	10:40:26.725	1.25260				2
2024.12.26	10:40:27.347	1.25261				2
2024.12.26	10:40:28.872	1.25260	1.25265			6
2024.12.26	10:40:29.177	1.25261	1.25266			6
2024.12.26	10:40:29.782	1.25260	1.25265			6
2024.12.26	10:40:39.362	1.25261				2
2024.12.26	10:40:39.665	1.25264	1.25267			6
2024.12.26	10:40:40.272	1.25263				2
2024.12.26	10:40:40.885		1.25268			4
2024.12.26	10:40:41.187		1.25267			4
2024.12.26	10:40:42.405	1.25261	1.25266			6
2024.12.26	10:40:45.473		1.25265			4
2024.12.26	10:40:45.780		1.25266			4
2024.12.26	10:40:48.221		1.25265			4
2024.12.26	10:40:49.451	1.25262	1.25266			6
2024.12.26	10:40:51.590	1.25263	1.25267			6
2024.12.26	10:40:52.197	1.25261	1.25265			6
2024.12.26	10:40:52.808	1.25263	1.25267			6
2024.12.26	10:40:53.113	1.25262	1.25266			6
2024.12.26	10:40:53.719	1.25263	1.25267			6
2024.12.26	10:40:54.020	1.25264	1.25268			6
2024.12.26	10:40:54.326	1.25272	1.25276			6
2024.12.26	10:40:54.945	1.25271	1.25275			6
2024.12.26	10:40:55.250	1.25270	1.25277			6
2024.12.26	10:40:56.790	1.25269	1.25276			6
2024.12.26	10:40:57.099		1.25275			4
2024.12.26	10:41:00.178	1.25269				2
2024.12.26	10:41:01.109	1.25271	1.25276			6
2024.12.26	10:41:02.961	1.25269	1.25275			6
2024.12.26	10:41:08.482		1.25276			4
2024.12.26	10:41:13.088		1.25275			4
2024.12.26	10:41:19.841	1.25270				2
2024.12.26	10:41:30.261	1.25274	1.25277			6
2024.12.26	10:41:30.567	1.25276	1.25280			6
2024.12.26	10:41:30.873	1.25275	1.25279			6
2024.12.26	10:41:31.482	1.25274	1.25278			6
2024.12.26	10:41:31.790	1.25275	1.25279			6
2024.12.26	10:41:32.093	1.25274	1.25278			6
2024.12.26	10:41:33.922	1.25276	1.25279			6
2024.12.26	10:41:34.533	1.25272	1.25277			6
2024.12.26	10:41:34.841	1.25271	1.25276			6
2024.12.26	10:41:35.760		1.25277			4
2024.12.26	10:41:37.296		1.25276			4
2024.12.26	10:41:37.599		1.25277			4
2024.12.26	10:41:37.903	1.25273	1.25278			6
2024.12.26	10:41:38.212	1.25274				2
2024.12.26	10:41:38.517	1.25272				2
2024.12.26	10:41:38.823	1.25274				2
2024.12.26	10:41:39.437	1.25273				2
2024.12.26	10:41:40.971	1.25275	1.25279			6
2024.12.26	10:41:41.884		1.25278			4
2024.12.26	10:41:43.418	1.25274				2
2024.12.26	10:41:54.440	1.25275				2
2024.12.26	10:41:54.744	1.25274				2
2024.12.26	10:42:00.263	1.25274				2
2024.12.26	10:42:00.878	1.25276	1.25280			6
2024.12.26	10:42:01.490	1.25275	1.25278			6
2024.12.26	10:42:01.796	1.25281	1.25284			6
2024.12.26	10:42:02.413	1.25280	1.25283			6
2024.12.26	10:42:03.022		1.25284			4
2024.12.26	10:42:03.939		1.25283			4
2024.12.26	10:42:07.915	1.25281	1.25284			6
2024.12.26	10:42:09.754	1.25280				2
2024.12.26	10:42:12.305		1.25283			4
2024.12.26	10:42:16.294		1.25284			4
2024.12.26	10:42:20.886		1.25283			4
2024.12.26	10:42:21.500		1.25284			4
2024.12.26	10:42:25.155		1.25283			4
2024.12.26	10:42:26.080		1.25282			4
2024.12.26	10:42:27.305		1.25283			4
2024.12.26	10:42:27.610		1.25282			4
2024.12.26	10:42:28.526		1.25283			4
2024.12.26	10:42:31.583	1.25276	1.25279			6
2024.12.26	10:42:32.204	1.25274	1.25277			6
2024.12.26	10:42:32.513	1.25273				2
2024.12.26	10:42:32.818	1.25272	1.25276			6
2024.12.26	10:42:33.436		1.25275			4
2024.12.26	10:42:45.947	1.25273	1.25276			6
2024.12.26	10:42:46.256		1.25275			4
2024.12.26	10:42:47.770	1.25275	1.25278			6
2024.12.26	10:42:48.373		1.25279			4
2024.12.26	10:42:51.209		1.25278			4
2024.12.26	10:42:52.127	1.25274	1.25276			6
2024.12.26	10:42:52.431		1.25277			4
2024.12.26	10:42:54.561	1.25273	1.25276			6
2024.12.26	10:42:54.862	1.25275	1.25278			6
2024.12.26	10:42:57.300	1.25276				2
2024.12.26	10:42:59.133	1.25278	1.25280			6
2024.12.26	10:42:59.744	1.25277				2
2024.12.26	10:43:00.058	1.25277				2
2024.12.26	10:43:01.591	1.25274	1.25277			6
2024.12.26	10:43:01.896	1.25272	1.25275			6
2024.12.26	10:43:02.200	1.25270				2
2024.12.26	10:43:02.505	1.25271				2
2024.12.26	10:43:03.732	1.25270	1.25273			6
2024.12.26	10:43:11.721	1.25269				2
2024.12.26	10:43:12.025	1.25268	1.25270			6
2024.12.26	10:43:12.342	1.25267				2
2024.12.26	10:43:15.409	1.25268	1.25272			6
2024.12.26	10:43:16.325	1.25263	1.25267			6
2024.12.26	10:43:16.628	1.25264	1.25268			6
2024.12.26	10:43:16.942	1.25265				2
2024.12.26	10:43:17.870	1.25268	1.25271			6
2024.12.26	10:43:18.486	1.25267				2
2024.12.26	10:43:19.096	1.25268				2
2024.12.26	10:43:20.015	1.25267	1.25270			6
2024.12.26	10:43:32.246		1.25269			4
2024.12.26	10:44:00.032	1.25267				2
2024.12.26	10:44:04.930	1.25268	1.25270			6
2024.12.26	10:44:08.899		1.25269			4
2024.12.26	10:44:14.115	1.25270	1.25271			6
2024.12.26	10:44:14.727	1.25271	1.25272			6
2024.12.26	10:44:15.334	1.25269	1.25271			6
2024.12.26	10:44:20.550	1.25268	1.25270			6
2024.12.26	10:44:27.881	1.25269				2
2024.12.26	10:44:28.184		1.25271			4
2024.12.26	10:44:43.479	1.25270	1.25272			6
2024.12.26	10:44:43.781	1.25269	1.25271			6
2024.12.26	10:44:44.091	1.25272	1.25273			6
2024.12.26	10:44:54.161	1.25273	1.25274			6
2024.12.26	10:44:56.309	1.25274	1.25276			6
2024.12.26	10:44:58.752	1.25269	1.25271			6
2024.12.26	10:45:00.273	1.25269				2
2024.12.26	10:45:00.885	1.25270				2
2024.12.26	10:45:01.189	1.25276	1.25277			6
2024.12.26	10:45:08.380	1.25273	1.25274			6
2024.12.26	10:45:09.601		1.25275			4
2024.12.26	10:45:10.521	1.25274	1.25276			6
2024.12.26	10:45:16.965	1.25276	1.25278			6
2024.12.26	10:45:17.275	1.25277	1.25279			6
2024.12.26	10:45:18.195	1.25273	1.25274			6
2024.12.26	10:45:18.506	1.25271	1.25273			6
2024.12.26	10:45:19.119	1.25270				2
2024.12.26	10:45:19.735	1.25272				2
2024.12.26	10:45:20.050		1.25275			4
2024.12.26	10:45:22.204		1.25274			4
2024.12.26	10:45:22.821		1.25275			4
2024.12.26	10:45:25.280		1.25274			4
2024.12.26	10:45:26.205		1.25275			4
2024.12.26	10:45:29.295		1.25274			4
2024.12.26	10:45:35.142		1.25273			4
2024.12.26	10:45:38.518	1.25271				2
2024.12.26	10:45:40.052	1.25272	1.25274			6
2024.12.26	10:45:45.298	1.25273	1.25275			6
2024.12.26	10:45:49.013	1.25272	1.25274			6
2024.12.26	10:45:53.023	1.25273	1.25275			6
2024.12.26	10:45:58.903	1.25272	1.25274			6
2024.12.26	10:45:59.218	1.25273	1.25275			6
2024.12.26	10:46:00.136	1.25273				2
2024.12.26	10:46:10.931	1.25274	1.25276			6
2024.12.26	10:46:15.564	1.25275	1.25277			6
2024.12.26	10:46:22.121	1.25276	1.25278			6
2024.12.26	10:46:23.354	1.25275	1.25276			6
2024.12.26	10:46:23.662	1.25273	1.25275			6
2024.12.26	10:46:24.901	1.25274	1.25276			6
2024.12.26	10:46:25.206		1.25275			4
2024.12.26	10:46:25.824	1.25272	1.25274			6
2024.12.26	10:46:26.132	1.25273	1.25275			6
2024.12.26	10:46:26.444	1.25272	1.25274			6
2024.12.26	10:46:31.692	1.25275	1.25277			6
2024.12.26	10:46:32.304		1.25276			4
2024.12.26	10:46:32.619	1.25274				2
2024.12.26	10:46:32.924	1.25273	1.25275			6
2024.12.26	10:46:33.232	1.25272	1.25274			6
2024.12.26	10:46:38.797	1.25270	1.25272			6
2024.12.26	10:46:39.098	1.25271				2
2024.12.26	10:46:39.409		1.25273			4
2024.12.26	10:46:48.360	1.25272	1.25274			6
2024.12.26	10:46:48.971	1.25271	1.25273			6
2024.12.26	10:46:49.280	1.25272	1.25274			6
2024.12.26	10:46:49.586	1.25271	1.25273			6
2024.12.26	10:46:50.508	1.25272				2
2024.12.26	10:46:50.814	1.25273	1.25275			6
2024.12.26	10:46:52.962	1.25271	1.25273			6
2024.12.26	10:46:57.266	1.25272	1.25274			6
2024.12.26	10:46:57.572	1.25273	1.25275			6
2024.12.26	10:46:57.882	1.25272	1.25274			6
2024.12.26	10:46:58.495	1.25273	1.25275			6
2024.12.26	10:46:58.798	1.25272	1.25274			6
2024.12.26	10:46:59.104	1.25273	1.25275			6
2024.12.26	10:46:59.415	1.25272	1.25274			6
2024.12.26	10:47:00.026	1.25273	1.25275			6
2024.12.26	10:47:01.560	1.25274	1.25276			6
2024.12.26	10:47:01.863	1.25275	1.25277			6
2024.12.26	10:47:02.180	1.25274	1.25276			6
2024.12.26	10:47:04.013	1.25275	1.25277			6
2024.12.26	10:47:05.556	1.25274	1.25276			6
2024.12.26	10:47:07.082	1.25275				2
2024.12.26	10:47:07.692	1.25274				2
2024.12.26	10:47:08.004	1.25273	1.25275			6
2024.12.26	10:47:13.832	1.25276	1.25277			6
2024.12.26	10:47:14.141	1.25281	1.25282			6
2024.12.26	10:47:15.669	1.25282	1.25283			6
2024.12.26	10:47:15.974	1.25283	1.25284			6
2024.12.26	10:47:16.281		1.25285			4
2024.12.26	10:47:16.586	1.25288	1.25289			6
2024.12.26	10:47:16.892	1.25287	1.25288			6
2024.12.26	10:47:17.197	1.25286				2
2024.12.26	10:47:18.418		1.25287			4
2024.12.26	10:47:18.722	1.25284	1.25285			6
2024.12.26	10:47:20.256	1.25285	1.25287			6
2024.12.26	10:47:20.562		1.25288			4
2024.12.26	10:47:24.248	1.25286				2
2024.12.26	10:47:27.928	1.25291	1.25292			6
2024.12.26	10:47:28.235	1.25290				2
2024.12.26	10:47:43.703	1.25291				2
2024.12.26	10:47:48.910	1.25289	1.25291			6
2024.12.26	10:47:50.445	1.25290				2
2024.12.26	10:47:54.127	1.25289				2
2024.12.26	10:48:00.245	1.25289				2
2024.12.26	10:48:00.862	1.25288	1.25290			6
2024.12.26	10:48:07.590	1.25291	1.25292			6
2024.12.26	10:48:11.263	1.25289	1.25291			6
2024.12.26	10:48:15.850	1.25288	1.25290			6
2024.12.26	10:48:22.924	1.25289				2
2024.12.26	10:48:23.847	1.25291	1.25292			6
2024.12.26	10:48:25.076	1.25292	1.25293			6
2024.12.26	10:48:26.306	1.25291	1.25292			6
2024.12.26	10:48:29.679	1.25289	1.25290			6
2024.12.26	10:48:30.914	1.25290	1.25292			6
2024.12.26	10:48:32.455		1.25291			4
2024.12.26	10:48:40.166	1.25289	1.25290			6
2024.12.26	10:48:45.988	1.25291	1.25292			6
2024.12.26	10:48:53.960	1.25290	1.25291			6
2024.12.26	10:49:00.085	1.25290				2
2024.12.26	10:49:00.393	1.25291	1.25292			6
2024.12.26	10:49:02.225	1.25289	1.25291			6
2024.12.26	10:49:05.588	1.25290				2
2024.12.26	10:49:07.115	1.25291	1.25292			6
2024.12.26	10:49:07.424	1.25290	1.25291			6
2024.12.26	10:49:12.634	1.25289				2
2024.12.26	10:49:13.859		1.25290			4
2024.12.26	10:49:15.381	1.25287	1.25289			6
2024.12.26	10:49:17.212	1.25288	1.25290			6
2024.12.26	10:49:20.882	1.25287	1.25289			6
2024.12.26	10:49:21.186	1.25288	1.25290			6
2024.12.26	10:49:22.407	1.25287	1.25289			6
2024.12.26	10:49:25.162	1.25288	1.25290			6
2024.12.26	10:49:27.622	1.25285	1.25286			6
2024.12.26	10:49:27.926	1.25277	1.25278			6
2024.12.26	10:49:28.236	1.25278	1.25279			6
2024.12.26	10:49:28.853	1.25277	1.25278			6
2024.12.26	10:49:29.770	1.25278	1.25279			6
2024.12.26	10:49:30.685	1.25280	1.25281			6
2024.12.26	10:49:37.127	1.25279				2
2024.12.26	10:49:48.171	1.25278	1.25280			6
2024.12.26	10:49:48.486	1.25279				2
2024.12.26	10:49:50.949	1.25278				2
2024.12.26	10:49:51.869	1.25279				2
2024.12.26	10:49:52.176	1.25277	1.25279			6
2024.12.26	10:49:53.413	1.25276	1.25277			6
2024.12.26	10:49:53.720	1.25275				2
2024.12.26	10:49:56.495	1.25276				2
2024.12.26	10:50:00.189	1.25276				2
2024.12.26	10:50:02.040	1.25278	1.25280			6
2024.12.26	10:50:02.345	1.25281	1.25282			6
2024.12.26	10:50:06.968	1.25283	1.25284			6
2024.12.26	10:50:12.202	1.25282	1.25283			6
2024.12.26	10:50:12.505	1.25281				2
2024.12.26	10:50:13.132	1.25282				2
2024.12.26	10:50:20.229	1.25286	1.25288			6
2024.12.26	10:50:25.473	1.25287				2
2024.12.26	10:50:26.398		1.25289			4
2024.12.26	10:50:31.636	1.25286	1.25287			6
2024.12.26	10:50:33.480	1.25287	1.25289			6
2024.12.26	10:50:35.335	1.25286	1.25287			6
2024.12.26	10:50:42.423	1.25284	1.25285			6
2024.12.26	10:50:45.500	1.25281	1.25283			6
2024.12.26	10:50:47.032	1.25280	1.25282			6
2024.12.26	10:50:47.335	1.25279	1.25281			6
2024.12.26	10:50:48.262	1.25280	1.25282			6
2024.12.26	10:50:50.726	1.25279	1.25281			6
2024.12.26	10:50:51.034	1.25281	1.25282			6
2024.12.26	10:50:51.652	1.25282	1.25283			6
2024.12.26	10:50:56.879	1.25283	1.25284			6
2024.12.26	10:51:00.263	1.25283				2
2024.12.26	10:51:09.507	1.25284	1.25285			6
2024.12.26	10:51:18.404	1.25283	1.25284			6
2024.12.26	10:51:20.246	1.25282	1.25283			6
2024.12.26	10:51:24.252		1.25284			4
2024.12.26	10:51:27.330	1.25283				2
2024.12.26	10:51:46.435	1.25287	1.25288			6
2024.12.26	10:51:46.739	1.25286				2
2024.12.26	10:51:48.885		1.25287			4
2024.12.26	10:51:50.426	1.25284	1.25285			6
2024.12.26	10:51:50.739	1.25283				2
2024.12.26	10:51:55.043	1.25287	1.25288			6
2024.12.26	10:51:56.888	1.25285	1.25286			6
2024.12.26	10:51:58.118	1.25283	1.25284			6
2024.12.26	10:52:00.274	1.25283				2
2024.12.26	10:52:03.659	1.25282	1.25283			6
2024.12.26	10:52:35.092	1.25283	1.25285			6
2024.12.26	10:52:35.395	1.25284				2
2024.12.26	10:52:35.714	1.25286	1.25287			6
2024.12.26	10:52:36.021	1.25287	1.25288			6
2024.12.26	10:52:36.632	1.25286	1.25287			6
2024.12.26	10:52:36.938	1.25285	1.25286			6
2024.12.26	10:52:37.555	1.25282	1.25284			6
2024.12.26	10:52:38.480	1.25284	1.25285			6
2024.12.26	10:52:38.780		1.25286			4
2024.12.26	10:52:39.702	1.25283	1.25285			6
2024.12.26	10:52:40.009		1.25284			4
2024.12.26	10:52:40.330		1.25285			4
2024.12.26	10:52:42.484	1.25282	1.25284			6
2024.12.26	10:52:45.563	1.25279	1.25281			6
2024.12.26	10:52:49.560	1.25280	1.25282			6
2024.12.26	10:52:52.631	1.25281	1.25283			6
2024.12.26	10:52:54.479	1.25282	1.25284			6
2024.12.26	10:52:56.325	1.25279	1.25281			6
2024.12.26	10:53:00.024	1.25279				2
2024.12.26	10:53:02.171	1.25278	1.25279			6
2024.12.26	10:53:02.473	1.25277	1.25278			6
2024.12.26	10:53:04.327		1.25279			4
2024.12.26	10:53:04.635	1.25276	1.25278			6
2024.12.26	10:53:04.948	1.25277	1.25279			6
2024.12.26	10:53:06.168	1.25278	1.25280			6
2024.12.26	10:53:06.478	1.25276	1.25278			6
2024.12.26	10:53:08.022	1.25277	1.25279			6
2024.12.26	10:53:10.478	1.25278	1.25280			6
2024.12.26	10:53:12.330	1.25277	1.25279			6
2024.12.26	10:53:23.091	1.25278	1.25280			6
2024.12.26	10:53:25.232	1.25282	1.25284			6
2024.12.26	10:53:29.824	1.25281	1.25283			6
2024.12.26	10:53:34.733	1.25282	1.25284			6
2024.12.26	10:53:37.795	1.25281	1.25283			6
2024.12.26	10:53:38.105	1.25282	1.25284			6
2024.12.26	10:53:40.238	1.25281	1.25283			6
2024.12.26	10:53:40.542	1.25282	1.25284			6
2024.12.26	10:53:41.149	1.25283	1.25285			6
2024.12.26	10:53:42.093	1.25282	1.25284			6
2024.12.26	10:54:00.158	1.25282				2
2024.12.26	10:54:04.747	1.25283	1.25285			6
2024.12.26	10:54:05.669	1.25282	1.25284			6
2024.12.26	10:54:11.191	1.25283	1.25285			6
2024.12.26	10:54:19.141	1.25278	1.25280			6
2024.12.26	10:54:19.754	1.25280	1.25282			6
2024.12.26	10:54:34.732	1.25281	1.25283			6
2024.12.26	10:54:42.381	1.25280	1.25282			6
2024.12.26	10:55:00.135	1.25280				2
2024.12.26	10:55:09.308	1.25279	1.25281			6
2024.12.26	10:55:09.617	1.25278	1.25280			6
2024.12.26	10:55:10.536	1.25276	1.25278			6
2024.12.26	10:55:11.759	1.25275	1.25277			6
2024.12.26	10:55:12.980	1.25280	1.25282			6
2024.12.26	10:55:24.372	1.25281	1.25283			6
2024.12.26	10:55:24.679	1.25282	1.25284			6
2024.12.26	10:55:28.699	1.25283	1.25285			6
2024.12.26	10:55:29.000	1.25282	1.25284			6
2024.12.26	10:55:45.951	1.25285	1.25287			6
2024.12.26	10:55:46.261	1.25288	1.25290			6
2024.12.26	10:55:46.563	1.25287	1.25289			6
2024.12.26	10:55:47.183	1.25288	1.25290			6
2024.12.26	10:55:53.346	1.25286	1.25288			6
2024.12.26	10:56:00.125	1.25286				2
2024.12.26	10:56:02.583	1.25280	1.25282			6
2024.12.26	10:56:02.895	1.25281	1.25283			6
2024.12.26	10:56:09.669	1.25282	1.25284			6
2024.12.26	10:56:16.455	1.25281	1.25283			6
2024.12.26	10:56:16.764	1.25280	1.25282			6
2024.12.26	10:56:17.072	1.25281	1.25283			6
2024.12.26	10:56:24.161	1.25280	1.25282			6
2024.12.26	10:56:25.391	1.25284	1.25286			6
2024.12.26	10:56:32.466	1.25283	1.25285			6
2024.12.26	10:56:35.244	1.25284	1.25286			6
2024.12.26	10:56:35.554	1.25283	1.25285			6
2024.12.26	10:56:37.409	1.25282	1.25284			6
2024.12.26	10:56:40.795	1.25281	1.25283			6
2024.12.26	10:56:41.729	1.25282	1.25284			6
2024.12.26	10:56:42.952	1.25284	1.25286			6
2024.12.26	10:56:44.185	1.25283	1.25285			6
2024.12.26	10:56:51.565	1.25286	1.25288			6
2024.12.26	10:56:53.735	1.25284	1.25286			6
2024.12.26	10:56:54.654	1.25285	1.25287			6
2024.12.26	10:56:55.892	1.25284	1.25286			6
2024.12.26	10:57:00.193	1.25284				2
2024.12.26	10:57:03.575	1.25285	1.25287			6
2024.12.26	10:57:03.884	1.25284	1.25286			6
2024.12.26	10:57:05.418	1.25286	1.25288			6
2024.12.26	10:57:05.728	1.25285	1.25287			6
2024.12.26	10:57:08.481	1.25284	1.25286			6
2024.12.26	10:57:17.651	1.25285	1.25287			6
2024.12.26	10:57:21.330	1.25286	1.25288			6
2024.12.26	10:57:24.389	1.25285	1.25287			6
2024.12.26	10:57:24.698	1.25286	1.25288			6
2024.12.26	10:57:25.000	1.25285	1.25287			6
2024.12.26	10:57:25.309	1.25284	1.25286			6
2024.12.26	10:57:30.859	1.25285	1.25287			6
2024.12.26	10:57:31.479	1.25286	1.25288			6
2024.12.26	10:57:32.712	1.25287	1.25289			6
2024.12.26	10:57:33.933	1.25285	1.25287			6
2024.12.26	10:57:36.071	1.25286	1.25288			6
2024.12.26	10:57:36.985	1.25287	1.25289			6
2024.12.26	10:57:37.291	1.25288	1.25290			6
2024.12.26	10:57:37.903	1.25287	1.25289			6
2024.12.26	10:57:38.820	1.25288	1.25290			6
2024.12.26	10:57:39.433	1.25287	1.25289			6
2024.12.26	10:57:39.741	1.25288	1.25290			6
2024.12.26	10:57:40.352	1.25287	1.25289			6
2024.12.26	10:57:44.943	1.25288	1.25290			6
2024.12.26	10:57:49.220	1.25287	1.25289			6
2024.12.26	10:57:52.588	1.25288	1.25290			6
2024.12.26	10:58:00.236	1.25288				2
2024.12.26	10:58:01.457	1.25287	1.25289			6
2024.12.26	10:58:01.763	1.25288	1.25290			6
2024.12.26	10:58:10.663	1.25287	1.25289			6
2024.12.26	10:58:12.502	1.25290	1.25291			6
2024.12.26	10:58:12.811		1.25292			4
2024.12.26	10:58:13.120	1.25281	1.25283			6
2024.12.26	10:58:14.655	1.25280	1.25282			6
2024.12.26	10:58:16.801	1.25281	1.25283			6
2024.12.26	10:58:18.340	1.25280	1.25282			6
2024.12.26	10:58:18.955	1.25281	1.25283			6
2024.12.26	10:58:19.867	1.25280	1.25282			6
2024.12.26	10:58:20.789	1.25281	1.25283			6
2024.12.26	10:58:27.825	1.25278	1.25280			6
2024.12.26	10:58:28.449	1.25280	1.25282			6
2024.12.26	10:58:28.757	1.25281	1.25283			6
2024.12.26	10:58:46.211	1.25282	1.25284			6
2024.12.26	10:58:46.519	1.25279	1.25281			6
2024.12.26	10:58:47.126	1.25278	1.25280			6
2024.12.26	10:58:50.511	1.25279	1.25281			6
2024.12.26	10:58:51.124	1.25280	1.25282			6
2024.12.26	10:58:52.044	1.25279	1.25281			6
2024.12.26	10:58:52.354	1.25278	1.25280			6
2024.12.26	10:58:55.751	1.25279	1.25281			6
2024.12.26	10:58:57.603	1.25277	1.25279			6
2024.12.26	10:58:57.910	1.25276	1.25278			6
2024.12.26	10:58:58.831	1.25277	1.25279			6
2024.12.26	10:59:00.068	1.25277				2
2024.12.26	10:59:00.685	1.25276	1.25278			6
2024.12.26	10:59:00.987	1.25277	1.25279			6
2024.12.26	10:59:04.698	1.25276	1.25278			6
2024.12.26	10:59:05.014	1.25277	1.25279			6
2024.12.26	10:59:06.862	1.25278	1.25280			6
2024.12.26	10:59:07.170	1.25277	1.25279			6
2024.12.26	10:59:10.257	1.25276	1.25277			6
2024.12.26	10:59:10.565	1.25277	1.25279			6
2024.12.26	10:59:10.872	1.25278	1.25280			6
2024.12.26	10:59:11.491	1.25277	1.25279			6
2024.12.26	10:59:12.410	1.25281	1.25283			6
2024.12.26	10:59:12.721	1.25280	1.25282			6
2024.12.26	10:59:13.633	1.25281	1.25283			6
2024.12.26	10:59:14.248		1.25284			4
2024.12.26	10:59:14.559	1.25280	1.25283			6
2024.12.26	10:59:17.629	1.25277	1.25279			6
2024.12.26	10:59:18.241		1.25280			4
2024.12.26	10:59:18.853	1.25279	1.25282			6
2024.12.26	10:59:19.777	1.25277	1.25280			6
2024.12.26	10:59:20.086	1.25276	1.25279			6
2024.12.26	10:59:20.999	1.25277	1.25280			6
2024.12.26	10:59:22.529	1.25276	1.25279			6
2024.12.26	10:59:28.026	1.25277	1.25280			6
2024.12.26	10:59:29.249	1.25276	1.25279			6
2024.12.26	10:59:29.558	1.25275	1.25277			6
2024.12.26	10:59:29.862	1.25276	1.25279			6
2024.12.26	10:59:31.086	1.25277	1.25280			6
2024.12.26	10:59:32.311	1.25276	1.25279			6
2024.12.26	10:59:35.974	1.25275	1.25278			6
2024.12.26	10:59:37.515	1.25276	1.25279			6
2024.12.26	10:59:39.968	1.25277	1.25280			6
2024.12.26	10:59:40.279	1.25278	1.25281			6
2024.12.26	10:59:44.274	1.25276	1.25279			6
2024.12.26	10:59:44.583	1.25277	1.25280			6
2024.12.26	10:59:47.644	1.25278	1.25281			6
2024.12.26	10:59:47.955	1.25277	1.25280			6
2024.12.26	10:59:49.791	1.25276	1.25279			6
2024.12.26	10:59:50.098	1.25277	1.25280			6
2024.12.26	10:59:52.227	1.25278				2
2024.12.26	10:59:55.282	1.25277	1.25279			6
2024.12.26	10:59:55.591	1.25278	1.25280			6
2024.12.26	10:59:55.896	1.25277	1.25279			6
2024.12.26	10:59:56.202	1.25278	1.25280			6
2024.12.26	10:59:57.724	1.25279	1.25281			6
2024.12.26	10:59:58.028	1.25278	1.25280			6
2024.12.26	11:00:00.173	1.25277	1.25279			6
2024.12.26	11:00:00.480	1.25276	1.25278			6
2024.12.26	11:00:00.784	1.25269	1.25271			6
2024.12.26	11:00:01.404	1.25272	1.25274			6
2024.12.26	11:00:02.020	1.25271	1.25273			6
2024.12.26	11:00:02.324	1.25270	1.25274			6
2024.12.26	11:00:08.471	1.25271				2
2024.12.26	11:00:11.241	1.25269	1.25272			6
2024.12.26	11:00:12.169		1.25273			4
2024.12.26	11:00:14.321		1.25272			4
2024.12.26	11:00:15.856	1.25267	1.25270			6
2024.12.26	11:00:16.161	1.25264	1.25267			6
2024.12.26	11:00:16.466	1.25263	1.25266			6
2024.12.26	11:00:17.393	1.25262				2
2024.12.26	11:00:17.703	1.25263	1.25267			6
2024.12.26	11:00:18.005	1.25265	1.25270			6
2024.12.26	11:00:19.239		1.25271			4
2024.12.26	11:00:20.161		1.25270			4
2024.12.26	11:00:21.085	1.25264	1.25268			6
2024.12.26	11:00:22.008	1.25263	1.25266			6
2024.12.26	11:00:22.934	1.25262	1.25267			6
2024.12.26	11:00:23.551		1.25266			4
2024.12.26	11:00:26.310	1.25261				2
2024.12.26	11:00:28.767		1.25265			4
2024.12.26	11:00:36.421	1.25262	1.25266			6
2024.12.26	11:00:36.732	1.25261				2
2024.12.26	11:00:38.261	1.25262				2
2024.12.26	11:00:38.571	1.25261				2
2024.12.26	11:00:38.877	1.25262				2
2024.12.26	11:00:39.485	1.25265	1.25270			6
2024.12.26	11:00:42.546		1.25269			4
2024.12.26	11:00:42.851	1.25262	1.25267			6
2024.12.26	11:00:43.153	1.25261	1.25266			6
2024.12.26	11:00:44.990	1.25260				2
2024.12.26	11:00:45.302	1.25261				2
2024.12.26	11:00:51.122	1.25260				2
2024.12.26	11:00:51.428	1.25261				2
2024.12.26	11:00:52.346	1.25262	1.25268			6
2024.12.26	11:00:52.647	1.25264	1.25269			6
2024.12.26	11:00:54.801	1.25263				2
2024.12.26	11:00:55.411		1.25268			4
2024.12.26	11:00:55.721	1.25262	1.25267			6
2024.12.26	11:00:57.251	1.25263				2
2024.12.26	11:00:57.558	1.25262				2
2024.12.26	11:01:00.010	1.25264	1.25268			6
2024.12.26	11:01:00.318		1.25269			4
2024.12.26	11:01:02.460	1.25265				2
2024.12.26	11:01:04.296	1.25266	1.25270			6
2024.12.26	11:01:04.604	1.25265				2
2024.12.26	11:01:07.357	1.25260	1.25265			6
2024.12.26	11:01:08.278	1.25259				2
2024.12.26	11:01:12.260	1.25258	1.25263			6
2024.12.26	11:01:12.569	1.25257				2
2024.12.26	11:01:16.248	1.25258				2
2024.12.26	11:01:20.534	1.25259	1.25265			6
2024.12.26	11:01:23.286	1.25258				2
2024.12.26	11:01:26.647	1.25254	1.25260			6
2024.12.26	11:01:26.952		1.25261			4
2024.12.26	11:01:27.870	1.25253	1.25259			6
2024.12.26	11:01:28.173	1.25250	1.25257			6
2024.12.26	11:01:29.393	1.25249				2
2024.12.26	11:01:30.920	1.25250	1.25258			6
2024.12.26	11:01:31.222	1.25253	1.25260			6
2024.12.26	11:01:31.525	1.25254				2
2024.12.26	11:01:32.447		1.25262			4
2024.12.26	11:01:34.903		1.25260			4
2024.12.26	11:01:39.841	1.25255	1.25261			6
2024.12.26	11:01:41.063		1.25260			4
2024.12.26	11:01:41.371	1.25254				2
2024.12.26	11:01:48.444	1.25253				2
2024.12.26	11:01:51.833	1.25254				2
2024.12.26	11:01:53.370	1.25251	1.25258			6
2024.12.26	11:01:54.600	1.25252				2
2024.12.26	11:01:54.909		1.25259			4
2024.12.26	11:01:55.217	1.25251	1.25258			6
2024.12.26	11:01:56.753		1.25257			4
2024.12.26	11:01:57.059	1.25248	1.25255			6
2024.12.26	11:01:59.848	1.25247				2
2024.12.26	11:02:00.162	1.25247	1.25253			6
2024.12.26	11:02:00.465	1.25244	1.25252			6
2024.12.26	11:02:02.319	1.25243	1.25250			6
2024.12.26	11:02:02.624	1.25242	1.25249			6
2024.12.26	11:02:04.161		1.25250			4
2024.12.26	11:02:04.469	1.25243				2
2024.12.26	11:02:04.778	1.25242				2
2024.12.26	11:02:05.079		1.25249			4
2024.12.26	11:02:05.383	1.25239	1.25247			6
2024.12.26	11:02:07.220	1.25240	1.25248			6
2024.12.26	11:02:07.530	1.25241	1.25249			6
2024.12.26	11:02:11.837	1.25242				2
2024.12.26	11:02:12.139	1.25241				2
2024.12.26	11:02:14.589	1.25240	1.25248			6
2024.12.26	11:02:14.898		1.25247			4
2024.12.26	11:02:25.617	1.25239	1.25246			6
2024.12.26	11:02:26.533		1.25247			4
2024.12.26	11:02:27.141	1.25238	1.25246			6
2024.12.26	11:02:30.207	1.25241	1.25248			6
2024.12.26	11:02:30.513	1.25243	1.25249			6
2024.12.26	11:02:35.103	1.25241	1.25247			6
2024.12.26	11:02:35.412	1.25240	1.25246			6
2024.12.26	11:02:38.490		1.25247			4
2024.12.26	11:02:39.710		1.25246			4
2024.12.26	11:02:41.360	1.25243	1.25248			6
2024.12.26	11:02:42.877	1.25245	1.25250			6
2024.12.26	11:02:44.102	1.25247	1.25254			6
2024.12.26	11:02:45.020	1.25248				2
2024.12.26	11:02:54.516	1.25246				2
2024.12.26	11:02:56.041	1.25247				2
2024.12.26	11:02:56.649		1.25253			4
2024.12.26	11:03:00.017	1.25247				2
2024.12.26	11:03:01.242	1.25246				2
2024.12.26	11:03:03.384	1.25245	1.25250			6
2024.12.26	11:03:04.310	1.25243				2
2024.12.26	11:03:05.535	1.25244				2
2024.12.26	11:03:08.299	1.25243	1.25249			6
2024.12.26	11:03:08.604		1.25248			4
2024.12.26	11:03:13.222		1.25249			4
2024.12.26	11:03:13.530	1.25244	1.25250			6
2024.12.26	11:03:15.682	1.25245	1.25251			6
2024.12.26	11:03:16.291		1.25252			4
2024.12.26	11:03:16.915		1.25251			4
2024.12.26	11:03:19.989	1.25248	1.25253			6
2024.12.26	11:03:20.612	1.25247				2
2024.12.26	11:03:22.449	1.25248				2
2024.12.26	11:03:25.217	1.25247				2
2024.12.26	11:03:25.523	1.25248				2
2024.12.26	11:03:27.682	1.25249				2
2024.12.26	11:03:27.990	1.25247				2
2024.12.26	11:03:28.297	1.25249	1.25255			6
2024.12.26	11:03:29.220		1.25256			4
2024.12.26	11:03:29.530	1.25250				2
2024.12.26	11:03:30.761	1.25249				2
2024.12.26	11:03:31.076	1.25250				2
2024.12.26	11:03:32.609	1.25252	1.25258			6
2024.12.26	11:03:36.312	1.25253				2
2024.12.26	11:03:36.622	1.25255	1.25259			6
2024.12.26	11:03:39.083		1.25258			4
2024.12.26	11:03:39.388		1.25259			4
2024.12.26	11:03:40.734		1.25258			4
2024.12.26	11:03:41.342		1.25259			4
2024.12.26	11:03:41.650		1.25258			4
2024.12.26	11:03:42.270	1.25257	1.25262			6
2024.12.26	11:03:42.573	1.25264	1.25269			6
2024.12.26	11:03:42.878	1.25263	1.25268			6
2024.12.26	11:03:43.194		1.25267			4
2024.12.26	11:03:53.046	1.25261				2
2024.12.26	11:03:54.284	1.25263				2
2024.12.26	11:03:55.518	1.25262				2
2024.12.26	11:03:56.131	1.25261	1.25265			6
2024.12.26	11:03:56.441	1.25260	1.25266			6
2024.12.26	11:03:58.291	1.25258				2
2024.12.26	11:03:59.219	1.25260				2
2024.12.26	11:03:59.525		1.25267			4
2024.12.26	11:04:00.144	1.25260				2
2024.12.26	11:04:03.226	1.25262	1.25268			6
2024.12.26	11:04:07.548	1.25261	1.25267			6
2024.12.26	11:04:16.185		1.25265			4
2024.12.26	11:04:16.488		1.25267			4
2024.12.26	11:04:20.201	1.25259	1.25265			6
2024.12.26	11:04:21.107	1.25261	1.25267			6
2024.12.26	11:04:21.416	1.25260	1.25266			6
2024.12.26	11:04:22.947		1.25265			4
2024.12.26	11:04:23.857	1.25257	1.25264			6
2024.12.26	11:04:24.769	1.25258	1.25265			6
2024.12.26	11:04:26.606	1.25257	1.25263			6
2024.12.26	11:04:26.908	1.25258	1.25264			6
2024.12.26	11:04:33.350	1.25257				2
2024.12.26	11:04:34.270		1.25263			4
2024.12.26	11:04:41.129		1.25264			4
2024.12.26	11:04:43.893	1.25259				2
2024.12.26	11:04:50.655	1.25257				2
2024.12.26	11:04:53.737	1.25256	1.25263			6
2024.12.26	11:04:54.044	1.25257	1.25264			6
2024.12.26	11:04:55.888	1.25256	1.25262			6
2024.12.26	11:04:56.197		1.25258			4
2024.12.26	11:04:56.503	1.25254				2
2024.12.26	11:04:57.123	1.25255				2
2024.12.26	11:04:57.425	1.25254				2
2024.12.26	11:04:57.735	1.25255				2
2024.12.26	11:04:58.357	1.25253				2
2024.12.26	11:05:00.209	1.25253				2
2024.12.26	11:05:00.823	1.25256				2
2024.12.26	11:05:01.134	1.25255				2
2024.12.26	11:05:02.056	1.25254	1.25257			6
2024.12.26	11:05:05.450	1.25252	1.25256			6
2024.12.26	11:05:06.990	1.25250	1.25255			6
2024.12.26	11:05:10.383		1.25256			4
2024.12.26	11:05:11.624	1.25252				2
2024.12.26	11:05:35.953	1.25255	1.25257			6
2024.12.26	11:05:37.182	1.25254	1.25256			6
2024.12.26	11:05:38.422	1.25255	1.25257			6
2024.12.26	11:05:38.726	1.25253	1.25256			6
2024.12.26	11:05:43.664	1.25252	1.25255			6
2024.12.26	11:05:46.117	1.25251	1.25254			6
2024.12.26	11:05:46.420	1.25250				2
2024.12.26	11:05:47.023	1.25247	1.25250			6
2024.12.26	11:05:48.243	1.25248	1.25251			6
2024.12.26	11:05:51.946	1.25247	1.25249			6
2024.12.26	11:05:52.563		1.25248			4
2024.12.26	11:05:54.718	1.25254	1.25259			6
2024.12.26	11:05:55.024	1.25255	1.25260			6
2024.12.26	11:05:55.337		1.25259			4
2024.12.26	11:05:56.262		1.25261			4
2024.12.26	11:05:56.875	1.25256	1.25264			6
2024.12.26	11:05:57.190	1.25260	1.25267			6
2024.12.26	11:05:57.492	1.25261	1.25266			6
2024.12.26	11:05:58.108	1.25259				2
2024.12.26	11:05:58.411		1.25265			4
2024.12.26	11:05:58.720		1.25266			4
2024.12.26	11:05:59.340	1.25261	1.25267			6
2024.12.26	11:06:00.260	1.25261				2
2024.12.26	11:06:00.883		1.25266			4
2024.12.26	11:06:02.419	1.25259				2
2024.12.26	11:06:04.261	1.25258				2
2024.12.26	11:06:09.805	1.25257	1.25262			6
2024.12.26	11:06:10.108	1.25259	1.25265			6
2024.12.26	11:06:11.040		1.25266			4
2024.12.26	11:06:12.576	1.25258	1.25265			6
2024.12.26	11:06:16.580		1.25264			4
2024.12.26	11:06:16.886		1.25265			4
2024.12.26	11:06:17.501	1.25256	1.25259			6
2024.12.26	11:06:17.806		1.25261			4
2024.12.26	11:06:26.119		1.25262			4
2024.12.26	11:06:26.422		1.25261			4
2024.12.26	11:06:30.417	1.25255	1.25260			6
2024.12.26	11:06:30.720	1.25248	1.25252			6
2024.12.26	11:06:31.336	1.25244	1.25248			6
2024.12.26	11:06:31.952	1.25246	1.25251			6
2024.12.26	11:06:32.881	1.25247	1.25252			6
2024.12.26	11:06:33.493	1.25248	1.25253			6
2024.12.26	11:06:34.727	1.25247				2
2024.12.26	11:06:35.350		1.25252			4
2024.12.26	11:06:35.652	1.25248				2
2024.12.26	11:06:36.880	1.25247	1.25253			6
2024.12.26	11:06:37.802	1.25248				2
2024.12.26	11:06:38.108		1.25251			4
2024.12.26	11:06:38.417	1.25245				2
2024.12.26	11:06:40.272	1.25246				2
2024.12.26	11:06:40.881	1.25247	1.25252			6
2024.12.26	11:06:43.344		1.25253			4
2024.12.26	11:06:43.960		1.25252			4
2024.12.26	11:06:45.501		1.25255			4
2024.12.26	11:06:45.807		1.25253			4
2024.12.26	11:06:46.113		1.25255			4
2024.12.26	11:06:46.424	1.25250	1.25257			6
2024.12.26	11:06:46.735		1.25256			4
2024.12.26	11:06:50.440		1.25257			4
2024.12.26	11:06:50.750		1.25256			4
2024.12.26	11:06:52.293		1.25257			4
2024.12.26	11:06:52.602	1.25251	1.25256			6
2024.12.26	11:06:54.142		1.25255			4
2024.12.26	11:06:54.447	1.25250	1.25254			6
2024.12.26	11:07:00.303	1.25250				2
2024.12.26	11:07:03.385	1.25247	1.25253			6
2024.12.26	11:07:04.924	1.25249	1.25254			6
2024.12.26	11:07:05.539		1.25255			4
2024.12.26	11:07:07.695	1.25250	1.25256			6
2024.12.26	11:07:08.613		1.25255			4
2024.12.26	11:07:14.463	1.25247				2
2024.12.26	11:07:15.074	1.25249				2
2024.12.26	11:07:19.071	1.25245	1.25249			6
2024.12.26	11:07:19.382		1.25250			4
2024.12.26	11:07:19.994	1.25244	1.25249			6
2024.12.26	11:07:20.921	1.25243	1.25247			6
2024.12.26	11:07:21.222	1.25242	1.25246			6
2024.12.26	11:07:23.056	1.25241				2
2024.12.26	11:07:23.978		1.25245			4
2024.12.26	11:07:26.434		1.25246			4
2024.12.26	11:07:29.817	1.25242				2
2024.12.26	11:07:36.906	1.25243				2
2024.12.26	11:07:39.366		1.25245			4
2024.12.26	11:07:39.670	1.25242				2
2024.12.26	11:07:43.047	1.25241				2
2024.12.26	11:07:43.353	1.25239	1.25246			6
2024.12.26	11:07:43.661	1.25238	1.25242			6
2024.12.26	11:07:43.966		1.25245			4
2024.12.26	11:07:45.183	1.25240	1.25246			6
2024.12.26	11:07:46.413		1.25245			4
2024.12.26	11:07:46.721		1.25244			4
2024.12.26	11:07:47.024	1.25239	1.25246			6
2024.12.26	11:07:52.256	1.25242	1.25245			6
2024.12.26	11:07:54.410		1.25246			4
2024.12.26	11:07:56.259	1.25241				2
2024.12.26	11:08:00.270	1.25241	1.25245			6
2024.12.26	11:08:02.437	1.25243	1.25248			6
2024.12.26	11:08:03.361		1.25247			4
2024.12.26	11:08:04.289	1.25244				2
2024.12.26	11:08:04.592		1.25246			4
2024.12.26	11:08:06.134		1.25249			4
2024.12.26	11:08:08.289	1.25246	1.25250			6
2024.12.26	11:08:09.522	1.25243	1.25246			6
2024.12.26	11:08:09.829	1.25244	1.25249			6
2024.12.26	11:08:11.061	1.25246				2
2024.12.26	11:08:13.215	1.25244				2
2024.12.26	11:08:15.075	1.25242				2
2024.12.26	11:08:16.000	1.25243	1.25248			6
2024.12.26	11:08:16.302	1.25245	1.25250			6
2024.12.26	11:08:19.689		1.25251			4
2024.12.26	11:08:29.858	1.25244	1.25248			6
2024.12.26	11:08:31.399	1.25243	1.25249			6
2024.12.26	11:08:32.013		1.25248			4
2024.12.26	11:08:32.321		1.25249			4
2024.12.26	11:08:34.481		1.25248			4
2024.12.26	11:08:37.265	1.25244				2
2024.12.26	11:08:40.040	1.25243				2
2024.12.26	11:08:40.655	1.25250	1.25255			6
2024.12.26	11:08:41.274	1.25251	1.25257			6
2024.12.26	11:08:44.053	1.25252	1.25259			6
2024.12.26	11:08:44.980	1.25251				2
2024.12.26	11:08:45.902	1.25250	1.25256			6
2024.12.26	11:08:51.430		1.25257			4
2024.12.26	11:08:54.505	1.25259	1.25266			6
2024.12.26	11:08:54.807		1.25265			4
2024.12.26	11:08:55.114	1.25262	1.25267			6
2024.12.26	11:08:56.041		1.25266			4
2024.12.26	11:08:56.661	1.25261	1.25264			6
2024.12.26	11:08:57.895	1.25260				2
2024.12.26	11:08:59.120	1.25262	1.25266			6
2024.12.26	11:09:00.047	1.25262				2
2024.12.26	11:09:00.353	1.25261				2
2024.12.26	11:09:05.271	1.25265	1.25271			6
2024.12.26	11:09:05.580	1.25266	1.25270			6
2024.12.26	11:09:06.506	1.25265				2
2024.12.26	11:09:07.733	1.25268	1.25274			6
2024.12.26	11:09:08.039	1.25269	1.25276			6
2024.12.26	11:09:08.345	1.25270				2
2024.12.26	11:09:09.266	1.25266	1.25270			6
2024.12.26	11:09:09.568	1.25265	1.25271			6
2024.12.26	11:09:10.488	1.25268	1.25274			6
2024.12.26	11:09:11.716	1.25267				2
2024.12.26	11:09:12.327	1.25269	1.25275			6
2024.12.26	11:09:18.452	1.25270	1.25276			6
2024.12.26	11:09:19.382		1.25275			4
2024.12.26	11:09:21.218	1.25266	1.25273			6
2024.12.26	11:09:21.523	1.25270	1.25274			6
2024.12.26	11:09:23.671		1.25275			4
2024.12.26	11:09:26.128	1.25271				2
2024.12.26	11:09:27.660		1.25276			4
2024.12.26	11:09:38.704	1.25275	1.25280			6
2024.12.26	11:09:39.006	1.25271	1.25275			6
2024.12.26	11:09:39.309	1.25267	1.25273			6
2024.12.26	11:09:40.237	1.25266	1.25274			6
2024.12.26	11:09:40.543	1.25267	1.25273			6
2024.12.26	11:09:40.852		1.25275			4
2024.12.26	11:09:43.617	1.25269				2
2024.12.26	11:09:44.531	1.25271				2
2024.12.26	11:09:45.757		1.25276			4
2024.12.26	11:10:00.171	1.25271				2
2024.12.26	11:10:04.465		1.25275			4
2024.12.26	11:10:05.379	1.25270				2
2024.12.26	11:10:12.739	1.25271				2
2024.12.26	11:10:13.047	1.25277	1.25282			6
2024.12.26	11:10:13.352	1.25276				2
2024.12.26	11:10:13.657	1.25277				2
2024.12.26	11:10:14.892	1.25276				2
2024.12.26	11:10:18.582	1.25275				2
2024.12.26	11:10:21.337		1.25281			4
2024.12.26	11:10:22.257		1.25282			4
2024.12.26	11:10:26.540	1.25277				2
2024.12.26	11:10:27.153	1.25275	1.25281			6
2024.12.26	11:10:34.797	1.25277				2
2024.12.26	11:10:35.104	1.25275				2
2024.12.26	11:10:36.940	1.25274				2
2024.12.26	11:10:38.473	1.25275				2
2024.12.26	11:10:40.312		1.25280			4
2024.12.26	11:10:45.248		1.25281			4
2024.12.26	11:10:46.176		1.25280			4
2024.12.26	11:10:46.481	1.25274				2
2024.12.26	11:10:46.795	1.25275				2
2024.12.26	11:10:47.721		1.25281			4
2024.12.26	11:11:00.050	1.25275				2
2024.12.26	11:11:00.976	1.25274	1.25280			6
2024.12.26	11:11:01.284		1.25279			4
2024.12.26	11:11:03.744		1.25280			4
2024.12.26	11:11:04.664		1.25281			4
2024.12.26	11:11:05.294	1.25275				2
2024.12.26	11:11:05.903		1.25280			4
2024.12.26	11:11:08.059		1.25281			4
2024.12.26	11:11:12.677	1.25276	1.25282			6
2024.12.26	11:11:12.984	1.25283	1.25289			6
2024.12.26	11:11:13.292	1.25285	1.25290			6
2024.12.26	11:11:13.908		1.25289			4
2024.12.26	11:11:14.217	1.25283	1.25288			6
2024.12.26	11:11:15.748	1.25284	1.25289			6
2024.12.26	11:11:16.677	1.25283	1.25288			6
2024.12.26	11:11:18.211	1.25282				2
2024.12.26	11:11:20.054	1.25284	1.25289			6
2024.12.26	11:11:20.666	1.25285				2
2024.12.26	11:11:24.966		1.25288			4
2024.12.26	11:11:25.272	1.25283	1.25290			6
2024.12.26	11:11:25.574	1.25284				2
2024.12.26	11:11:28.960	1.25283				2
2024.12.26	11:11:34.194		1.25291			4
2024.12.26	11:11:34.506	1.25284				2
2024.12.26	11:11:37.573	1.25283	1.25290			6
2024.12.26	11:11:37.881	1.25281	1.25289			6
2024.12.26	11:11:38.190		1.25288			4
2024.12.26	11:11:38.494	1.25280				2
2024.12.26	11:11:43.720	1.25279	1.25287			6
2024.12.26	11:11:44.643	1.25280				2
2024.12.26	11:11:50.772	1.25279				2
2024.12.26	11:11:51.075	1.25280	1.25288			6
2024.12.26	11:12:00.277	1.25284	1.25290			6
2024.12.26	11:12:00.586		1.25291			4
2024.12.26	11:12:02.125		1.25290			4
2024.12.26	11:12:02.737		1.25291			4
2024.12.26	11:12:04.887		1.25290			4
2024.12.26	11:12:06.114	1.25283				2
2024.12.26	11:12:12.840	1.25281	1.25288			6
2024.12.26	11:12:13.144		1.25289			4
2024.12.26	11:12:13.456	1.25280	1.25287			6
2024.12.26	11:12:16.205	1.25281	1.25289			6
2024.12.26	11:12:16.514	1.25283				2
2024.12.26	11:12:17.740	1.25281	1.25288			6
2024.12.26	11:12:23.867	1.25283	1.25289			6
2024.12.26	11:12:24.179	1.25284				2
2024.12.26	11:12:32.473		1.25290			4
2024.12.26	11:12:33.394		1.25291			4
2024.12.26	11:12:38.913		1.25292			4
2024.12.26	11:12:43.517	1.25285	1.25293			6
2024.12.26	11:12:44.742	1.25284	1.25289			6
2024.12.26	11:12:45.045		1.25290			4
2024.12.26	11:12:47.812		1.25289			4
2024.12.26	11:12:49.653		1.25290			4
2024.12.26	11:12:51.497		1.25288			4
2024.12.26	11:12:53.655		1.25289			4
2024.12.26	11:12:56.101	1.25285	1.25293			6
2024.12.26	11:12:56.409	1.25288	1.25295			6
2024.12.26	11:12:57.021	1.25285	1.25293			6
2024.12.26	11:12:59.793		1.25292			4
2024.12.26	11:13:00.097	1.25286	1.25293			6
2024.12.26	11:13:00.404	1.25285				2
2024.12.26	11:13:01.012	1.25287				2
2024.12.26	11:13:01.321	1.25285	1.25292			6
2024.12.26	11:13:01.626		1.25291			4
2024.12.26	11:13:07.758	1.25287				2
2024.12.26	11:13:12.058	1.25288	1.25292			6
2024.12.26	11:13:19.729	1.25286	1.25288			6
2024.12.26	11:13:20.653	1.25287	1.25290			6
2024.12.26	11:13:21.268		1.25291			4
2024.12.26	11:13:28.329	1.25286	1.25289			6
2024.12.26	11:13:28.634		1.25287			4
2024.12.26	11:13:29.551		1.25288			4
2024.12.26	11:13:35.392		1.25287			4
2024.12.26	11:13:35.702	1.25287	1.25290			6
2024.12.26	11:13:36.933	1.25288	1.25291			6
2024.12.26	11:13:37.236	1.25292	1.25295			6
2024.12.26	11:13:42.749	1.25294	1.25296			6
2024.12.26	11:13:45.196	1.25297	1.25303			6
2024.12.26	11:13:45.507		1.25302			4
2024.12.26	11:13:46.119	1.25298	1.25304			6
2024.12.26	11:13:47.352		1.25301			4
2024.12.26	11:13:47.964		1.25303			4
2024.12.26	11:13:48.892	1.25297	1.25300			6
2024.12.26	11:13:51.973		1.25301			4
2024.12.26	11:13:57.817		1.25303			4
2024.12.26	11:13:58.440	1.25298				2
2024.12.26	11:13:58.742	1.25297				2
2024.12.26	11:13:59.047	1.25300				2
2024.12.26	11:13:59.361		1.25304			4
2024.12.26	11:13:59.671		1.25303			4
2024.12.26	11:14:00.278	1.25302	1.25305			6
2024.12.26	11:14:00.589		1.25304			4
2024.12.26	11:14:00.896	1.25301				2
2024.12.26	11:14:02.123	1.25297	1.25301			6
2024.12.26	11:14:02.429		1.25303			4
2024.12.26	11:14:04.900		1.25301			4
2024.12.26	11:14:05.204		1.25304			4
2024.12.26	11:14:08.605		1.25303			4
2024.12.26	11:14:08.908	1.25296	1.25298			6
2024.12.26	11:14:09.219	1.25295				2
2024.12.26	11:14:14.457		1.25296			4
2024.12.26	11:14:16.000	1.25296	1.25297			6
2024.12.26	11:14:16.307	1.25295	1.25296			6
2024.12.26	11:14:25.546		1.25297			4
2024.12.26	11:14:25.856	1.25298	1.25301			6
2024.12.26	11:14:26.470	1.25297	1.25299			6
2024.12.26	11:14:27.091	1.25296				2
2024.12.26	11:14:30.165		1.25300			4
2024.12.26	11:14:31.092		1.25299			4
2024.12.26	11:14:31.703	1.25292	1.25295			6
2024.12.26	11:14:32.631		1.25294			4
2024.12.26	11:14:36.327	1.25290	1.25293			6
2024.12.26	11:14:37.871	1.25291				2
2024.12.26	11:14:38.181	1.25289	1.25292			6
2024.12.26	11:14:38.483	1.25288	1.25289			6
2024.12.26	11:14:38.785	1.25287	1.25290			6
2024.12.26	11:14:41.550	1.25294	1.25298			6
2024.12.26	11:14:41.863		1.25297			4
2024.12.26	11:14:43.402	1.25297	1.25300			6
2024.12.26	11:14:43.705	1.25294	1.25295			6
2024.12.26	11:14:44.006	1.25293	1.25294			6
2024.12.26	11:14:44.311		1.25295			4
2024.12.26	11:14:45.233	1.25291	1.25293			6
2024.12.26	11:14:47.071	1.25290				2
2024.12.26	11:14:48.000	1.25288	1.25294			6
2024.12.26	11:14:48.621	1.25290	1.25293			6
2024.12.26	11:14:48.922	1.25288	1.25294			6
2024.12.26	11:14:50.461	1.25292				2
2024.12.26	11:14:50.772	1.25293				2
2024.12.26	11:14:51.385		1.25295			4
2024.12.26	11:14:52.620		1.25297			4
2024.12.26	11:14:55.083		1.25296			4
2024.12.26	11:14:55.388		1.25295			4
2024.12.26	11:14:56.001	1.25292				2
2024.12.26	11:14:56.613	1.25291				2
2024.12.26	11:14:57.235	1.25290	1.25293			6
2024.12.26	11:14:57.548		1.25294			4
2024.12.26	11:14:57.851		1.25293			4
2024.12.26	11:14:58.158		1.25294			4
2024.12.26	11:14:58.466		1.25293			4
2024.12.26	11:14:59.694	1.25286	1.25290			6
2024.12.26	11:15:00.003	1.25287	1.25289			6
2024.12.26	11:15:01.545		1.25288			4
2024.12.26	11:15:10.494	1.25285	1.25287			6
2024.12.26	11:15:10.802	1.25284	1.25285			6
2024.12.26	11:15:11.109	1.25276	1.25278			6
2024.12.26	11:15:12.032	1.25278	1.25280			6
2024.12.26	11:15:12.954	1.25281	1.25282			6
2024.12.26	11:15:13.262	1.25280				2
2024.12.26	11:15:13.565		1.25281			4
2024.12.26	11:15:16.647	1.25279				2
2024.12.26	11:15:16.954	1.25280				2
2024.12.26	11:15:22.489	1.25281	1.25282			6
2024.12.26	11:15:22.794	1.25280				2
2024.12.26	11:15:25.873		1.25281			4
2024.12.26	11:15:26.178	1.25274	1.25275			6
2024.12.26	11:15:26.485	1.25272	1.25274			6
2024.12.26	11:15:27.719	1.25277	1.25278			6
2024.12.26	11:15:28.024		1.25280			4
2024.12.26	11:15:43.409		1.25278			4
2024.12.26	11:15:46.489	1.25278	1.25279			6
2024.12.26	11:15:51.426	1.25272	1.25274			6
2024.12.26	11:15:52.346	1.25276	1.25277			6
2024.12.26	11:15:53.275	1.25273	1.25275			6
2024.12.26	11:15:57.278	1.25269	1.25272			6
2024.12.26	11:15:57.586	1.25270	1.25273			6
2024.12.26	11:16:00.041	1.25270				2
2024.12.26	11:16:01.274	1.25272	1.25274			6
2024.12.26	11:16:01.581	1.25273				2
2024.12.26	11:16:01.891	1.25272				2
2024.12.26	11:16:02.200	1.25273				2
2024.12.26	11:16:02.812	1.25272				2
2024.12.26	11:16:03.123	1.25273				2
2024.12.26	11:16:04.350	1.25271				2
2024.12.26	11:16:07.432	1.25273	1.25276			6
2024.12.26	11:16:15.752	1.25272	1.25275			6
2024.12.26	11:16:20.669	1.25271	1.25273			6
2024.12.26	11:16:22.519	1.25272	1.25275			6
2024.12.26	11:16:22.825	1.25274	1.25277			6
2024.12.26	11:16:23.134	1.25277	1.25279			6
2024.12.26	11:16:23.438	1.25276				2
2024.12.26	11:16:25.597	1.25275	1.25277			6
2024.12.26	11:16:25.907		1.25276			4
2024.12.26	11:16:29.605	1.25276	1.25278			6
2024.12.26	11:16:32.690		1.25277			4
2024.12.26	11:16:33.917		1.25278			4
2024.12.26	11:16:34.845	1.25277	1.25279			6
2024.12.26	11:16:40.081	1.25276	1.25278			6
2024.12.26	11:16:40.384	1.25272	1.25274			6
2024.12.26	11:16:40.689	1.25271	1.25273			6
2024.12.26	11:16:43.471	1.25275	1.25276			6
2024.12.26	11:16:44.392	1.25274				2
2024.12.26	11:16:44.697	1.25272	1.25275			6
2024.12.26	11:16:46.851	1.25273				2
2024.12.26	11:16:47.776	1.25272				2
2024.12.26	11:16:49.309	1.25273				2
2024.12.26	11:16:50.539	1.25272				2
2024.12.26	11:16:59.130	1.25271	1.25274			6
2024.12.26	11:16:59.441	1.25269	1.25272			6
2024.12.26	11:16:59.751	1.25268				2
2024.12.26	11:17:00.055	1.25268				2
2024.12.26	11:17:00.672	1.25259	1.25265			6
2024.12.26	11:17:00.974		1.25264			4
2024.12.26	11:17:01.583	1.25261	1.25265			6
2024.12.26	11:17:01.886		1.25264			4
2024.12.26	11:17:20.347		1.25263			4
2024.12.26	11:17:21.583	1.25260	1.25261			6
2024.12.26	11:17:21.892		1.25262			4
2024.12.26	11:17:22.503		1.25261			4
2024.12.26	11:17:22.811	1.25259				2
2024.12.26	11:17:23.741	1.25261	1.25263			6
2024.12.26	11:17:24.049	1.25262				2
2024.12.26	11:17:24.666	1.25261				2
2024.12.26	11:17:27.443	1.25260	1.25261			6
2024.12.26	11:17:30.828		1.25263			4
2024.12.26	11:17:32.354		1.25264			4
2024.12.26	11:17:32.967		1.25263			4
2024.12.26	11:17:44.316	1.25259	1.25262			6
2024.12.26	11:17:53.202	1.25257	1.25260			6
2024.12.26	11:17:55.955	1.25250	1.25253			6
2024.12.26	11:17:57.184	1.25252	1.25255			6
2024.12.26	11:17:59.349		1.25256			4
2024.12.26	11:18:00.268	1.25252				2
2024.12.26	11:18:00.569	1.25258	1.25261			6
2024.12.26	11:18:00.878	1.25257	1.25260			6
2024.12.26	11:18:02.109		1.25261			4
2024.12.26	11:18:04.257	1.25255	1.25259			6
2024.12.26	11:18:04.562	1.25253	1.25258			6
2024.12.26	11:18:04.874		1.25256			4
2024.12.26	11:18:05.187	1.25252	1.25258			6
2024.12.26	11:18:05.489	1.25253	1.25257			6
2024.12.26	11:18:05.794	1.25251	1.25256			6
2024.12.26	11:18:06.410	1.25250	1.25254			6
2024.12.26	11:18:07.027		1.25253			4
2024.12.26	11:18:11.646	1.25251	1.25254			6
2024.12.26	11:18:12.270	1.25248				2
2024.12.26	11:18:12.580	1.25251				2
2024.12.26	11:18:21.197	1.25249	1.25251			6
2024.12.26	11:18:21.813	1.25247	1.25250			6
2024.12.26	11:18:22.122	1.25248				2
2024.12.26	11:18:22.744	1.25247				2
2024.12.26	11:18:26.129	1.25249	1.25252			6
2024.12.26	11:18:34.746	1.25251	1.25253			6
2024.12.26	11:18:38.447	1.25255	1.25258			6
2024.12.26	11:18:40.606	1.25258	1.25260			6
2024.12.26	11:18:42.457	1.25259	1.25262			6
2024.12.26	11:18:44.906	1.25256	1.25259			6
2024.12.26	11:18:45.834	1.25258	1.25260			6
2024.12.26	11:18:50.142	1.25259	1.25261			6
2024.12.26	11:18:55.371	1.25260	1.25263			6
2024.12.26	11:18:59.970	1.25261	1.25264			6
2024.12.26	11:19:00.276	1.25261				2
2024.12.26	11:19:06.425	1.25263	1.25266			6
2024.12.26	11:19:06.740	1.25264	1.25267			6
2024.12.26	11:19:07.657	1.25263	1.25266			6
2024.12.26	11:19:11.946	1.25262	1.25265			6
2024.12.26	11:19:12.248	1.25261	1.25264			6
2024.12.26	11:19:13.481	1.25256	1.25259			6
2024.12.26	11:19:14.712	1.25260	1.25262			6
2024.12.26	11:19:25.128	1.25259	1.25261			6
2024.12.26	11:19:28.497	1.25260	1.25263			6
2024.12.26	11:19:30.952	1.25258	1.25261			6
2024.12.26	11:19:45.664	1.25257	1.25260			6
2024.12.26	11:19:46.587	1.25255	1.25258			6
2024.12.26	11:19:53.955	1.25256	1.25259			6
2024.12.26	11:19:54.563	1.25258	1.25260			6
2024.12.26	11:20:00.099	1.25258				2
2024.12.26	11:20:18.263	1.25259	1.25262			6
2024.12.26	11:20:34.184	1.25256	1.25259			6
2024.12.26	11:20:35.107	1.25257	1.25260			6
2024.12.26	11:20:39.705	1.25253	1.25256			6
2024.12.26	11:20:42.782	1.25252	1.25254			6
2024.12.26	11:20:46.173	1.25253	1.25255			6
2024.12.26	11:20:47.720	1.25255	1.25258			6
2024.12.26	11:21:00.036	1.25255				2
2024.12.26	11:21:00.338	1.25252	1.25255			6
2024.12.26	11:21:00.951	1.25251	1.25253			6
2024.12.26	11:21:01.566	1.25252	1.25254			6
2024.12.26	11:21:03.405	1.25254	1.25256			6
2024.12.26	11:21:04.645	1.25253				2
2024.12.26	11:21:05.259	1.25254				2
2024.12.26	11:21:06.186	1.25253				2
2024.12.26	11:21:07.108	1.25254				2
2024.12.26	11:21:07.725		1.25257			4
2024.12.26	11:21:08.038	1.25260	1.25262			6
2024.12.26	11:21:08.344	1.25258	1.25261			6
2024.12.26	11:21:09.885	1.25259	1.25262			6
2024.12.26	11:21:21.614	1.25258	1.25261			6
2024.12.26	11:21:24.775	1.25259	1.25262			6
2024.12.26	11:21:44.158	1.25261	1.25263			6
2024.12.26	11:21:44.464	1.25265	1.25267			6
2024.12.26	11:21:51.218	1.25264	1.25266			6
2024.12.26	11:21:51.526	1.25263				2
2024.12.26	11:21:52.447	1.25261	1.25264			6
2024.12.26	11:21:58.606	1.25262	1.25265			6
2024.12.26	11:22:00.124	1.25262				2
2024.12.26	11:22:16.928	1.25261	1.25264			6
2024.12.26	11:22:22.107	1.25262				2
2024.12.26	11:22:27.289	1.25263	1.25266			6
2024.12.26	11:22:30.350	1.25264	1.25267			6
2024.12.26	11:22:40.113	1.25265				2
2024.12.26	11:22:43.169	1.25266	1.25268			6
2024.12.26	11:22:45.622	1.25267	1.25269			6
2024.12.26	11:22:50.265	1.25261	1.25263			6
2024.12.26	11:22:50.568	1.25262	1.25264			6
2024.12.26	11:22:52.094	1.25261				2
2024.12.26	11:22:54.232	1.25262	1.25265			6
2024.12.26	11:23:00.054	1.25262				2
2024.12.26	11:23:06.169	1.25263				2
2024.12.26	11:23:09.541	1.25264				2
2024.12.26	11:23:12.601	1.25262	1.25264			6
2024.12.26	11:23:21.465	1.25263	1.25265			6
2024.12.26	11:23:22.382	1.25257	1.25259			6
2024.12.26	11:23:22.684	1.25258	1.25260			6
2024.12.26	11:23:23.291	1.25257				2
2024.12.26	11:23:23.606	1.25258	1.25261			6
2024.12.26	11:23:24.223	1.25259	1.25262			6
2024.12.26	11:23:24.536	1.25260	1.25263			6
2024.12.26	11:23:27.287	1.25259	1.25262			6
2024.12.26	11:23:28.199	1.25261	1.25264			6
2024.12.26	11:23:34.305	1.25260	1.25262			6
2024.12.26	11:23:34.615	1.25261	1.25264			6
2024.12.26	11:23:42.829	1.25262	1.25265			6
2024.12.26	11:23:44.048	1.25261	1.25264			6
2024.12.26	11:23:50.155		1.25263			4
2024.12.26	11:23:51.985	1.25262	1.25264			6
2024.12.26	11:23:54.431	1.25264	1.25266			6
2024.12.26	11:24:00.237	1.25264				2
2024.12.26	11:24:05.135	1.25268	1.25270			6
2024.12.26	11:24:05.438	1.25267	1.25269			6
2024.12.26	11:24:12.145	1.25266	1.25268			6
2024.12.26	11:24:19.491	1.25267	1.25269			6
2024.12.26	11:24:33.250	1.25273	1.25275			6
2024.12.26	11:24:33.558	1.25275	1.25277			6
2024.12.26	11:24:33.860	1.25274	1.25276			6
2024.12.26	11:24:34.167		1.25277			4
2024.12.26	11:24:35.400	1.25271	1.25274			6
2024.12.26	11:24:36.314	1.25272	1.25275			6
2024.12.26	11:24:38.452	1.25271				2
2024.12.26	11:24:39.988	1.25272				2
2024.12.26	11:24:42.137		1.25273			4
2024.12.26	11:24:43.668		1.25275			4
2024.12.26	11:24:57.761	1.25273				2
2024.12.26	11:24:58.066	1.25274				2
2024.12.26	11:24:58.380	1.25273				2
2024.12.26	11:25:00.206	1.25273				2
2024.12.26	11:25:01.740	1.25274	1.25277			6
2024.12.26	11:25:02.966	1.25273	1.25276			6
2024.12.26	11:25:03.273	1.25274				2
2024.12.26	11:25:13.996	1.25275				2
2024.12.26	11:25:14.909	1.25274				2
2024.12.26	11:25:29.553	1.25277	1.25279			6
2024.12.26	11:25:29.857	1.25276	1.25278			6
2024.12.26	11:25:31.081	1.25277	1.25279			6
2024.12.26	11:25:32.001	1.25276	1.25278			6
2024.12.26	11:25:34.137	1.25275	1.25277			6
2024.12.26	11:25:43.308		1.25276			4
2024.12.26	11:25:43.613	1.25274	1.25275			6
2024.12.26	11:25:43.915		1.25276			4
2024.12.26	11:25:49.133	1.25273	1.25274			6
2024.12.26	11:25:52.216	1.25274	1.25275			6
2024.12.26	11:25:53.442	1.25273	1.25274			6
2024.12.26	11:25:56.198	1.25274	1.25275			6
2024.12.26	11:25:59.266	1.25275	1.25277			6
2024.12.26	11:25:59.879	1.25274	1.25276			6
2024.12.26	11:26:00.182	1.25274				2
2024.12.26	11:26:01.409	1.25275				2
2024.12.26	11:26:07.843	1.25274	1.25275			6
2024.12.26	11:26:17.347	1.25273				2
2024.12.26	11:26:17.653	1.25274				2
2024.12.26	11:26:18.879	1.25275	1.25277			6
2024.12.26	11:26:19.185	1.25274	1.25275			6
2024.12.26	11:26:22.551	1.25273				2
2024.12.26	11:26:29.302	1.25272	1.25274			6
2024.12.26	11:26:32.372	1.25267	1.25268			6
2024.12.26	11:26:33.915	1.25270	1.25271			6
2024.12.26	11:26:34.221	1.25272	1.25274			6
2024.12.26	11:26:36.993	1.25273	1.25275			6
2024.12.26	11:26:37.301	1.25272	1.25274			6
2024.12.26	11:26:57.888	1.25273	1.25275			6
2024.12.26	11:26:58.194	1.25272	1.25274			6
2024.12.26	11:27:00.033	1.25272				2
2024.12.26	11:27:04.627	1.25273	1.25275			6
2024.12.26	11:27:05.552		1.25274			4
2024.12.26	11:27:05.861	1.25274	1.25275			6
2024.12.26	11:27:12.640	1.25273	1.25274			6
2024.12.26	11:27:15.108	1.25272				2
2024.12.26	11:27:16.338	1.25271	1.25273			6
2024.12.26	11:27:24.958	1.25272	1.25274			6
2024.12.26	11:27:25.262	1.25271	1.25273			6
2024.12.26	11:27:26.806	1.25272	1.25274			6
2024.12.26	11:27:32.332	1.25271	1.25273			6
2024.12.26	11:27:32.637	1.25272	1.25274			6
2024.12.26	11:28:00.215	1.25272				2
2024.12.26	11:28:05.411	1.25273	1.25275			6
2024.12.26	11:28:05.714	1.25272	1.25274			6
2024.12.26	11:28:21.342	1.25275	1.25277			6
2024.12.26	11:28:21.653	1.25277	1.25279			6
2024.12.26	11:28:26.264	1.25276	1.25278			6
2024.12.26	11:28:27.498	1.25275	1.25277			6
2024.12.26	11:28:28.417	1.25277	1.25279			6
2024.12.26	11:28:36.729	1.25278	1.25280			6
2024.12.26	11:28:38.265	1.25279				2
2024.12.26	11:28:38.571	1.25278				2
2024.12.26	11:28:38.878	1.25279				2
2024.12.26	11:28:43.198	1.25278				2
2024.12.26	11:28:43.510		1.25279			4
2024.12.26	11:28:54.279	1.25277				2
2024.12.26	11:29:00.129	1.25277				2
2024.12.26	11:29:05.355	1.25275	1.25277			6
2024.12.26	11:29:05.656	1.25274	1.25276			6
2024.12.26	11:29:06.275	1.25275				2
2024.12.26	11:29:11.939	1.25274				2
2024.12.26	11:29:12.862	1.25275	1.25277			6
2024.12.26	11:29:14.404	1.25276	1.25278			6
2024.12.26	11:29:19.024	1.25274	1.25276			6
2024.12.26	11:29:19.328	1.25275	1.25277			6
2024.12.26	11:29:19.638	1.25274	1.25275			6
2024.12.26	11:29:19.954	1.25275	1.25277			6
2024.12.26	11:29:21.179	1.25276	1.25278			6
2024.12.26	11:29:23.639	1.25278	1.25280			6
2024.12.26	11:29:23.949	1.25279				2
2024.12.26	11:29:27.334	1.25278	1.25279			6
2024.12.26	11:29:31.020		1.25280			4
2024.12.26	11:29:31.334	1.25279				2
2024.12.26	11:29:31.640	1.25278				2
2024.12.26	11:29:32.250	1.25279				2
2024.12.26	11:29:35.011	1.25278	1.25279			6
2024.12.26	11:29:35.321	1.25277	1.25278			6
2024.12.26	11:29:35.626	1.25278	1.25280			6
2024.12.26	11:29:39.014	1.25279				2
2024.12.26	11:29:40.548	1.25278	1.25279			6
2024.12.26	11:29:46.402		1.25280			4
2024.12.26	11:29:51.328		1.25279			4
2024.12.26	11:29:53.176	1.25279	1.25280			6
2024.12.26	11:29:57.789	1.25277	1.25278			6
2024.12.26	11:29:58.099	1.25275	1.25277			6
2024.12.26	11:29:59.335	1.25276	1.25278			6
2024.12.26	11:30:00.255	1.25276				2
2024.12.26	11:30:01.488	1.25277				2
2024.12.26	11:30:04.582	1.25278	1.25279			6
2024.12.26	11:30:09.205		1.25280			4
2024.12.26	11:30:13.511	1.25277	1.25279			6
2024.12.26	11:30:20.285		1.25278			4
2024.12.26	11:30:21.515	1.25278	1.25279			6
2024.12.26	11:30:26.135	1.25279	1.25280			6
2024.12.26	11:30:28.603	1.25283	1.25285			6
2024.12.26	11:30:28.912		1.25284			4
2024.12.26	11:30:37.569	1.25282				2
2024.12.26	11:30:40.038	1.25283				2
2024.12.26	11:30:49.579	1.25282				2
2024.12.26	11:30:49.891	1.25283				2
2024.12.26	11:31:00.012	1.25283				2
2024.12.26	11:31:02.463	1.25282	1.25283			6
2024.12.26	11:31:02.774	1.25281	1.25282			6
2024.12.26	11:31:04.300	1.25277	1.25278			6
2024.12.26	11:31:04.605	1.25276	1.25277			6
2024.12.26	11:31:04.913	1.25278	1.25279			6
2024.12.26	11:31:09.208	1.25277				2
2024.12.26	11:31:09.509	1.25278				2
2024.12.26	11:31:11.352	1.25280	1.25281			6
2024.12.26	11:31:11.969	1.25279	1.25280			6
2024.12.26	11:31:12.580	1.25278				2
2024.12.26	11:31:15.351		1.25279			4
2024.12.26	11:31:17.210	1.25277				2
2024.12.26	11:31:20.285	1.25278				2
2024.12.26	11:31:21.524		1.25280			4
2024.12.26	11:31:24.610	1.25277	1.25278			6
2024.12.26	11:31:24.918	1.25278	1.25279			6
2024.12.26	11:31:26.767	1.25277	1.25278			6
2024.12.26	11:31:28.927	1.25278	1.25279			6
2024.12.26	11:31:29.240	1.25277	1.25278			6
2024.12.26	11:31:29.541	1.25278	1.25279			6
2024.12.26	11:31:30.162	1.25277	1.25278			6
2024.12.26	11:31:30.785	1.25278	1.25279			6
2024.12.26	11:31:32.321	1.25277	1.25278			6
2024.12.26	11:31:36.329	1.25278	1.25279			6
2024.12.26	11:31:36.639	1.25277	1.25278			6
2024.12.26	11:31:41.886	1.25278	1.25279			6
2024.12.26	11:31:42.813	1.25277	1.25278			6
2024.12.26	11:31:43.424	1.25265	1.25266			6
2024.12.26	11:31:43.724	1.25263	1.25264			6
2024.12.26	11:31:44.028	1.25262	1.25263			6
2024.12.26	11:31:44.337	1.25261				2
2024.12.26	11:31:44.639	1.25266	1.25269			6
2024.12.26	11:31:44.946	1.25272	1.25274			6
2024.12.26	11:31:45.261	1.25271				2
2024.12.26	11:31:47.416		1.25273			4
2024.12.26	11:31:48.344	1.25272	1.25274			6
2024.12.26	11:31:55.741	1.25271	1.25273			6
2024.12.26	11:31:56.053	1.25270	1.25272			6
2024.12.26	11:32:00.061	1.25270				2
2024.12.26	11:32:02.839	1.25274	1.25277			6
2024.12.26	11:32:03.144	1.25275	1.25278			6
2024.12.26	11:32:04.381	1.25278	1.25281			6
2024.12.26	11:32:07.466	1.25276	1.25279			6
2024.12.26	11:32:11.797	1.25275	1.25276			6
2024.12.26	11:32:22.265	1.25273	1.25275			6
2024.12.26	11:32:24.113	1.25271	1.25272			6
2024.12.26	11:32:25.039		1.25273			4
2024.12.26	11:32:25.348	1.25268	1.25271			6
2024.12.26	11:32:25.961	1.25271	1.25272			6
2024.12.26	11:32:27.185	1.25272	1.25273			6
2024.12.26	11:32:28.429		1.25274			4
2024.12.26	11:32:29.048	1.25274	1.25275			6
2024.12.26	11:32:29.349	1.25276	1.25278			6
2024.12.26	11:32:30.272	1.25277	1.25280			6
2024.12.26	11:32:31.195	1.25281	1.25283			6
2024.12.26	11:32:31.812	1.25280	1.25282			6
2024.12.26	11:32:32.120	1.25281	1.25283			6
2024.12.26	11:32:35.193	1.25278	1.25281			6
2024.12.26	11:32:52.695	1.25277	1.25280			6
2024.12.26	11:32:54.842	1.25278	1.25281			6
2024.12.26	11:32:56.686	1.25280	1.25282			6
2024.12.26	11:32:57.914	1.25279	1.25281			6
2024.12.26	11:33:00.061	1.25279				2
2024.12.26	11:33:03.744		1.25282			4
2024.12.26	11:33:04.672	1.25280	1.25283			6
2024.12.26	11:33:11.707	1.25278	1.25280			6
2024.12.26	11:33:14.160	1.25279	1.25282			6
2024.12.26	11:33:17.509	1.25280				2
2024.12.26	11:33:21.496	1.25279				2
2024.12.26	11:33:21.804	1.25280				2
2024.12.26	11:33:22.414	1.25279				2
2024.12.26	11:33:22.724	1.25280	1.25283			6
2024.12.26	11:33:29.769	1.25279	1.25282			6
2024.12.26	11:33:30.075	1.25280				2
2024.12.26	11:33:31.307	1.25281				2
2024.12.26	11:33:32.830		1.25283			4
2024.12.26	11:33:41.417	1.25280				2
2024.12.26	11:33:45.084	1.25276	1.25279			6
2024.12.26	11:33:46.001	1.25277	1.25280			6
2024.12.26	11:33:46.305	1.25276	1.25279			6
2024.12.26	11:33:49.980		1.25277			4
2024.12.26	11:33:50.282	1.25274				2
2024.12.26	11:33:50.901	1.25276	1.25279			6
2024.12.26	11:33:56.722	1.25277	1.25280			6
2024.12.26	11:33:58.248	1.25278				2
2024.12.26	11:33:58.552	1.25277				2
2024.12.26	11:33:59.475	1.25278				2
2024.12.26	11:33:59.779	1.25277				2
2024.12.26	11:34:00.083	1.25277				2
2024.12.26	11:34:02.848	1.25280	1.25281			6
2024.12.26	11:34:04.377		1.25283			4
2024.12.26	11:34:05.908	1.25283	1.25285			6
2024.12.26	11:34:06.826	1.25287	1.25288			6
2024.12.26	11:34:07.131	1.25286	1.25287			6
2024.12.26	11:34:07.436		1.25289			4
2024.12.26	11:34:10.191		1.25288			4
2024.12.26	11:34:10.496	1.25284	1.25286			6
2024.12.26	11:34:11.106		1.25288			4
2024.12.26	11:34:15.077	1.25285				2
2024.12.26	11:34:15.984	1.25289	1.25292			6
2024.12.26	11:34:16.601	1.25286				2
2024.12.26	11:34:25.161	1.25287	1.25290			6
2024.12.26	11:34:27.922	1.25286				2
2024.12.26	11:34:44.731	1.25289	1.25292			6
2024.12.26	11:34:45.032	1.25286	1.25290			6
2024.12.26	11:34:46.565		1.25288			4
2024.12.26	11:34:47.178	1.25287	1.25290			6
2024.12.26	11:34:55.799	1.25284	1.25289			6
2024.12.26	11:34:56.407	1.25285	1.25288			6
2024.12.26	11:34:56.725	1.25286	1.25290			6
2024.12.26	11:34:57.032	1.25287	1.25289			6
2024.12.26	11:35:00.121	1.25287				2
2024.12.26	11:35:01.049	1.25284	1.25287			6
2024.12.26	11:35:01.355	1.25283	1.25288			6
2024.12.26	11:35:01.672	1.25282				2
2024.12.26	11:35:01.975	1.25285	1.25289			6
2024.12.26	11:35:02.283	1.25286				2
2024.12.26	11:35:03.211	1.25287	1.25290			6
2024.12.26	11:35:04.442	1.25286	1.25288			6
2024.12.26	11:35:06.597		1.25290			4
2024.12.26	11:35:06.900		1.25289			4
2024.12.26	11:35:12.411		1.25290			4
2024.12.26	11:35:24.381	1.25287				2
2024.12.26	11:35:24.690	1.25285	1.25288			6
2024.12.26	11:35:25.000		1.25287			4
2024.12.26	11:35:25.306		1.25288			4
2024.12.26	11:35:40.961	1.25286				2
2024.12.26	11:35:41.267	1.25287	1.25290			6
2024.12.26	11:35:41.880	1.25286	1.25289			6
2024.12.26	11:35:44.025		1.25288			4
2024.12.26	11:35:44.335	1.25285				2
2024.12.26	11:35:51.398	1.25281	1.25282			6
2024.12.26	11:35:52.616		1.25283			4
2024.12.26	11:35:53.220	1.25282	1.25285			6
2024.12.26	11:35:53.834		1.25288			4
2024.12.26	11:35:54.140		1.25285			4
2024.12.26	11:35:54.447		1.25287			4
2024.12.26	11:35:55.371	1.25283				2
2024.12.26	11:35:56.299	1.25281	1.25284			6
2024.12.26	11:35:56.604	1.25280	1.25283			6
2024.12.26	11:35:57.223	1.25275	1.25278			6
2024.12.26	11:35:57.531	1.25278	1.25281			6
2024.12.26	11:35:58.150	1.25279	1.25283			6
2024.12.26	11:35:58.459		1.25282			4
2024.12.26	11:35:59.076	1.25280	1.25283			6
2024.12.26	11:36:00.307	1.25280				2
2024.12.26	11:36:03.384	1.25279	1.25282			6
2024.12.26	11:36:03.990	1.25277	1.25283			6
2024.12.26	11:36:04.293	1.25279	1.25282			6
2024.12.26	11:36:04.599	1.25277	1.25283			6
2024.12.26	11:36:12.908	1.25274	1.25277			6
2024.12.26	11:36:13.517	1.25273	1.25276			6
2024.12.26	11:36:13.821	1.25275	1.25278			6
2024.12.26	11:36:14.123	1.25273	1.25279			6
2024.12.26	11:36:18.720		1.25277			4
2024.12.26	11:36:19.026	1.25274	1.25280			6
2024.12.26	11:36:23.940		1.25279			4
2024.12.26	11:36:27.627	1.25273	1.25278			6
2024.12.26	11:36:28.857	1.25274	1.25279			6
2024.12.26	11:36:31.020		1.25278			4
2024.12.26	11:36:31.328		1.25279			4
2024.12.26	11:36:51.068	1.25273	1.25277			6
2024.12.26	11:36:54.144	1.25274				2
2024.12.26	11:36:55.060		1.25279			4
2024.12.26	11:36:56.279		1.25277			4
2024.12.26	11:36:57.198	1.25275	1.25279			6
2024.12.26	11:36:57.504	1.25274				2
2024.12.26	11:37:00.267	1.25274				2
2024.12.26	11:37:02.097	1.25275				2
2024.12.26	11:37:11.120	1.25276				2
2024.12.26	11:37:12.037	1.25275				2
2024.12.26	11:37:13.880	1.25276				2
2024.12.26	11:37:18.162	1.25275	1.25278			6
2024.12.26	11:37:19.985	1.25274	1.25277			6
2024.12.26	11:37:20.290		1.25276			4
2024.12.26	11:37:23.021		1.25277			4
2024.12.26	11:37:24.248	1.25273	1.25276			6
2024.12.26	11:37:24.551	1.25274	1.25277			6
2024.12.26	11:37:30.062	1.25275	1.25278			6
2024.12.26	11:37:31.286	1.25274	1.25277			6
2024.12.26	11:37:31.597	1.25275	1.25278			6
2024.12.26	11:37:32.208		1.25277			4
2024.12.26	11:37:41.651	1.25276	1.25278			6
2024.12.26	11:37:41.964		1.25277			4
2024.12.26	11:37:42.269	1.25275				2
2024.12.26	11:37:42.573	1.25276	1.25278			6
2024.12.26	11:37:43.490		1.25277			4
2024.12.26	11:37:43.791		1.25278			4
2024.12.26	11:37:47.756	1.25275	1.25277			6
2024.12.26	11:37:48.361	1.25276	1.25278			6
2024.12.26	11:37:50.504	1.25277				2
2024.12.26	11:37:55.700		1.25279			4
2024.12.26	11:37:56.013	1.25278				2
2024.12.26	11:38:00.003	1.25278				2
2024.12.26	11:38:06.403		1.25280			4
2024.12.26	11:38:06.708	1.25279	1.25281			6
2024.12.26	11:38:07.009	1.25278	1.25280			6
2024.12.26	11:38:12.785	1.25280	1.25282			6
2024.12.26	11:38:14.617	1.25287	1.25289			6
2024.12.26	11:38:14.922	1.25286	1.25288			6
2024.12.26	11:38:15.224	1.25285				2
2024.12.26	11:38:16.749	1.25284	1.25287			6
2024.12.26	11:38:21.312	1.25285				2
2024.12.26	11:38:21.622	1.25284	1.25286			6
2024.12.26	11:38:21.927	1.25285	1.25287			6
2024.12.26	11:38:23.454	1.25284	1.25286			6
2024.12.26	11:38:26.207	1.25285	1.25287			6
2024.12.26	11:38:26.823	1.25286	1.25288			6
2024.12.26	11:38:27.129	1.25287	1.25289			6
2024.12.26	11:38:30.184	1.25282	1.25284			6
2024.12.26	11:38:30.489	1.25283				2
2024.12.26	11:38:30.794		1.25285			4
2024.12.26	11:38:32.325		1.25284			4
2024.12.26	11:38:32.628	1.25282				2
2024.12.26	11:38:37.561	1.25283				2
2024.12.26	11:38:38.480	1.25284	1.25285			6
2024.12.26	11:38:39.709		1.25286			4
2024.12.26	11:38:40.012	1.25286	1.25287			6
2024.12.26	11:38:40.932	1.25285	1.25286			6
2024.12.26	11:38:44.896	1.25283	1.25285			6
2024.12.26	11:38:45.212	1.25284				2
2024.12.26	11:38:49.496	1.25283				2
2024.12.26	11:38:50.718		1.25284			4
2024.12.26	11:38:51.321		1.25285			4
2024.12.26	11:38:53.771	1.25285	1.25286			6
2024.12.26	11:39:00.201	1.25285				2
2024.12.26	11:39:03.568	1.25288	1.25289			6
2024.12.26	11:39:04.188	1.25289	1.25290			6
2024.12.26	11:39:15.508	1.25290	1.25291			6
2024.12.26	11:39:16.122	1.25289	1.25290			6
2024.12.26	11:39:20.720	1.25290	1.25291			6
2024.12.26	11:39:21.328	1.25289	1.25290			6
2024.12.26	11:39:26.229	1.25288				2
2024.12.26	11:39:33.566	1.25294	1.25296			6
2024.12.26	11:39:33.874	1.25293	1.25295			6
2024.12.26	11:39:34.791	1.25292	1.25294			6
2024.12.26	11:39:35.102	1.25290	1.25292			6
2024.12.26	11:39:36.318	1.25289				2
2024.12.26	11:39:38.147	1.25288	1.25290			6
2024.12.26	11:39:42.144	1.25289				2
2024.12.26	11:39:45.815	1.25288				2
2024.12.26	11:39:46.121	1.25286	1.25287			6
2024.12.26	11:39:55.608	1.25285				2
2024.12.26	11:40:00.192	1.25285				2
2024.12.26	11:40:00.496		1.25286			4
2024.12.26	11:40:01.416	1.25284				2
2024.12.26	11:40:06.615	1.25285				2
2024.12.26	11:40:09.673	1.25287	1.25289			6
2024.12.26	11:40:09.976	1.25285	1.25286			6
2024.12.26	11:40:12.126	1.25286	1.25287			6
2024.12.26	11:40:20.687	1.25285	1.25286			6
2024.12.26	11:40:21.920	1.25286	1.25287			6
2024.12.26	11:40:22.231	1.25285	1.25286			6
2024.12.26	11:40:22.535	1.25286	1.25287			6
2024.12.26	11:40:24.974	1.25285	1.25286			6
2024.12.26	11:40:25.277	1.25286	1.25287			6
2024.12.26	11:40:26.199	1.25285	1.25286			6
2024.12.26	11:40:31.395	1.25284				2
2024.12.26	11:40:31.696		1.25285			4
2024.12.26	11:40:32.919	1.25282	1.25283			6
2024.12.26	11:40:33.230	1.25281	1.25282			6
2024.12.26	11:40:33.531	1.25280				2
2024.12.26	11:40:35.672	1.25281	1.25283			6
2024.12.26	11:40:39.954	1.25282				2
2024.12.26	11:41:00.168	1.25282				2
2024.12.26	11:41:06.002	1.25285	1.25286			6
2024.12.26	11:41:09.363	1.25286	1.25287			6
2024.12.26	11:41:10.284	1.25285	1.25286			6
2024.12.26	11:41:18.545	1.25284	1.25285			6
2024.12.26	11:41:18.852	1.25285	1.25286			6
2024.12.26	11:41:24.057	1.25287	1.25288			6
2024.12.26	11:41:29.254		1.25289			4
2024.12.26	11:41:31.706	1.25286	1.25287			6
2024.12.26	11:41:32.008	1.25285	1.25286			6
2024.12.26	11:41:32.923	1.25284	1.25285			6
2024.12.26	11:41:35.678	1.25283				2
2024.12.26	11:41:35.986	1.25284				2
2024.12.26	11:41:36.597	1.25285	1.25286			6
2024.12.26	11:41:38.126	1.25286	1.25287			6
2024.12.26	11:41:38.431	1.25287	1.25288			6
2024.12.26	11:41:41.197	1.25285	1.25286			6
2024.12.26	11:41:47.624	1.25287	1.25288			6
2024.12.26	11:41:48.244	1.25286				2
2024.12.26	11:41:48.551	1.25287				2
2024.12.26	11:41:49.772	1.25288	1.25289			6
2024.12.26	11:41:51.297		1.25290			4
2024.12.26	11:41:52.521	1.25290	1.25291			6
2024.12.26	11:41:56.508	1.25288	1.25289			6
2024.12.26	11:41:57.120	1.25289	1.25290			6
2024.12.26	11:41:58.655	1.25288	1.25289			6
2024.12.26	11:42:00.184	1.25288				2
2024.12.26	11:42:16.090	1.25287	1.25288			6
2024.12.26	11:42:16.393	1.25288	1.25289			6
2024.12.26	11:42:29.552	1.25287	1.25288			6
2024.12.26	11:42:29.861	1.25288	1.25289			6
2024.12.26	11:42:36.910	1.25287	1.25288			6
2024.12.26	11:42:37.217	1.25288	1.25289			6
2024.12.26	11:42:37.832	1.25287	1.25288			6
2024.12.26	11:42:38.138	1.25285	1.25286			6
2024.12.26	11:42:39.981	1.25286	1.25287			6
2024.12.26	11:42:40.912	1.25285	1.25286			6
2024.12.26	11:42:42.754	1.25290	1.25291			6
2024.12.26	11:42:43.058	1.25295	1.25296			6
2024.12.26	11:42:43.366	1.25294	1.25295			6
2024.12.26	11:42:43.669	1.25298	1.25299			6
2024.12.26	11:42:44.288	1.25297				2
2024.12.26	11:42:46.731	1.25298				2
2024.12.26	11:42:47.661	1.25297				2
2024.12.26	11:42:52.256	1.25298				2
2024.12.26	11:42:54.402		1.25300			4
2024.12.26	11:42:55.322	1.25299				2
2024.12.26	11:42:55.628	1.25300	1.25301			6
2024.12.26	11:42:55.935	1.25299				2
2024.12.26	11:42:58.670		1.25300			4
2024.12.26	11:43:00.200	1.25299				2
2024.12.26	11:43:02.965	1.25298				2
2024.12.26	11:43:11.277	1.25299				2
2024.12.26	11:43:12.507	1.25298	1.25299			6
2024.12.26	11:43:34.980	1.25297	1.25298			6
2024.12.26	11:43:36.209	1.25298	1.25299			6
2024.12.26	11:43:36.524	1.25299	1.25300			6
2024.12.26	11:43:36.828	1.25298	1.25299			6
2024.12.26	11:43:43.883	1.25299	1.25300			6
2024.12.26	11:43:44.792	1.25300	1.25301			6
2024.12.26	11:43:45.411	1.25299	1.25300			6
2024.12.26	11:43:49.074	1.25300	1.25301			6
2024.12.26	11:43:49.378	1.25299	1.25300			6
2024.12.26	11:43:54.875	1.25300	1.25301			6
2024.12.26	11:43:55.176	1.25299	1.25300			6
2024.12.26	11:43:57.315	1.25298	1.25299			6
2024.12.26	11:43:57.622	1.25299	1.25300			6
2024.12.26	11:43:57.930	1.25298	1.25299			6
2024.12.26	11:43:59.151	1.25299	1.25300			6
2024.12.26	11:44:00.070	1.25299				2
2024.12.26	11:44:12.005	1.25300	1.25301			6
2024.12.26	11:44:15.375	1.25299	1.25300			6
2024.12.26	11:44:22.406	1.25300	1.25301			6
2024.12.26	11:44:22.709	1.25299	1.25300			6
2024.12.26	11:44:23.319	1.25300	1.25301			6
2024.12.26	11:44:23.629	1.25299	1.25300			6
2024.12.26	11:44:27.301	1.25300	1.25301			6
2024.12.26	11:44:28.218	1.25301	1.25302			6
2024.12.26	11:44:40.439	1.25304	1.25305			6
2024.12.26	11:44:40.744	1.25303				2
2024.12.26	11:45:00.024	1.25302	1.25304			6
2024.12.26	11:45:08.908	1.25312	1.25313			6
2024.12.26	11:45:09.214		1.25314			4
2024.12.26	11:45:09.525	1.25306	1.25308			6
2024.12.26	11:45:09.831	1.25307				2
2024.12.26	11:45:10.453	1.25306				2
2024.12.26	11:45:10.757	1.25305	1.25307			6
2024.12.26	11:45:12.589	1.25306	1.25308			6
2024.12.26	11:45:14.421	1.25304	1.25305			6
2024.12.26	11:45:14.724		1.25306			4
2024.12.26	11:45:17.175	1.25302	1.25304			6
2024.12.26	11:45:21.152	1.25303				2
2024.12.26	11:45:38.278		1.25305			4
2024.12.26	11:45:38.589	1.25306	1.25308			6
2024.12.26	11:45:38.892	1.25307	1.25309			6
2024.12.26	11:45:40.126	1.25306	1.25308			6
2024.12.26	11:45:40.747	1.25309	1.25310			6
2024.12.26	11:45:41.371	1.25308				2
2024.12.26	11:45:50.297	1.25311	1.25313			6
2024.12.26	11:45:53.068		1.25312			4
2024.12.26	11:45:57.055	1.25312	1.25313			6
2024.12.26	11:46:00.124	1.25312				2
2024.12.26	11:46:02.275	1.25313	1.25315			6
2024.12.26	11:46:02.889	1.25315	1.25316			6
2024.12.26	11:46:03.200	1.25313	1.25315			6
2024.12.26	11:46:16.090	1.25314				2
2024.12.26	11:46:16.399	1.25313	1.25314			6
2024.12.26	11:46:19.148		1.25315			4
2024.12.26	11:46:20.065	1.25314				2
2024.12.26	11:46:21.280	1.25313				2
2024.12.26	11:46:22.819	1.25316	1.25318			6
2024.12.26	11:46:23.126		1.25317			4
2024.12.26	11:46:23.430	1.25315				2
2024.12.26	11:46:23.736	1.25314	1.25315			6
2024.12.26	11:46:26.792	1.25313	1.25314			6
2024.12.26	11:46:27.710	1.25312				2
2024.12.26	11:46:30.154	1.25311	1.25313			6
2024.12.26	11:46:30.463	1.25309	1.25311			6
2024.12.26	11:46:31.690	1.25310	1.25312			6
2024.12.26	11:46:33.850	1.25307	1.25308			6
2024.12.26	11:46:35.384	1.25306				2
2024.12.26	11:46:35.695	1.25301	1.25302			6
2024.12.26	11:46:35.999		1.25303			4
2024.12.26	11:46:36.303	1.25302				2
2024.12.26	11:46:37.849		1.25304			4
2024.12.26	11:46:42.477	1.25301	1.25303			6
2024.12.26	11:46:45.863	1.25302	1.25304			6
2024.12.26	11:46:54.474	1.25307	1.25308			6
2024.12.26	11:46:54.780	1.25306	1.25307			6
2024.12.26	11:46:55.088	1.25305	1.25306			6
2024.12.26	11:46:56.319	1.25306	1.25307			6
2024.12.26	11:46:56.933	1.25305	1.25306			6
2024.12.26	11:46:57.240	1.25304				2
2024.12.26	11:46:57.541	1.25305				2
2024.12.26	11:47:00.011	1.25305				2
2024.12.26	11:47:01.544	1.25304				2
2024.12.26	11:47:02.160	1.25305				2
2024.12.26	11:47:02.773	1.25304	1.25305			6
2024.12.26	11:47:03.082		1.25306			4
2024.12.26	11:47:05.234	1.25305	1.25307			6
2024.12.26	11:47:12.001	1.25304	1.25306			6
2024.12.26	11:47:14.771	1.25306	1.25308			6
2024.12.26	11:47:15.081	1.25305	1.25307			6
2024.12.26	11:47:24.624	1.25311	1.25312			6
2024.12.26	11:47:24.929		1.25313			4
2024.12.26	11:47:25.239	1.25312	1.25314			6
2024.12.26	11:47:25.543	1.25313	1.25315			6
2024.12.26	11:47:27.706	1.25312	1.25314			6
2024.12.26	11:47:40.955	1.25311	1.25313			6
2024.12.26	11:47:55.355	1.25307	1.25309			6
2024.12.26	11:47:56.275		1.25308			4
2024.12.26	11:47:59.338		1.25309			4
2024.12.26	11:48:00.265	1.25307				2
2024.12.26	11:48:08.063	1.25308				2
2024.12.26	11:48:08.368	1.25309	1.25311			6
2024.12.26	11:48:08.671	1.25308	1.25310			6
2024.12.26	11:48:08.981		1.25309			4
2024.12.26	11:48:09.293	1.25309	1.25311			6
2024.12.26	11:48:13.580	1.25308	1.25310			6
2024.12.26	11:48:18.809		1.25309			4
2024.12.26	11:48:19.426		1.25310			4
2024.12.26	11:48:22.499		1.25309			4
2024.12.26	11:48:23.109	1.25306	1.25308			6
2024.12.26	11:48:33.231	1.25307	1.25309			6
2024.12.26	11:48:35.379	1.25308				2
2024.12.26	11:48:41.191		1.25310			4
2024.12.26	11:48:41.498		1.25309			4
2024.12.26	11:48:43.333		1.25310			4
2024.12.26	11:48:45.173	1.25310	1.25311			6
2024.12.26	11:48:45.484	1.25309				2
2024.12.26	11:48:46.098	1.25310	1.25312			6
2024.12.26	11:48:50.078	1.25311	1.25313			6
2024.12.26	11:48:50.382	1.25313	1.25315			6
2024.12.26	11:48:53.145		1.25314			4
2024.12.26	11:48:59.885	1.25311	1.25313			6
2024.12.26	11:49:00.195	1.25311				2
2024.12.26	11:49:02.337	1.25313	1.25314			6
2024.12.26	11:49:03.559	1.25312	1.25313			6
2024.12.26	11:49:04.487	1.25315	1.25317			6
2024.12.26	11:49:05.416	1.25313	1.25315			6
2024.12.26	11:49:05.721	1.25314	1.25316			6
2024.12.26	11:49:07.882	1.25316	1.25318			6
2024.12.26	11:49:08.196	1.25315	1.25317			6
2024.12.26	11:49:09.726	1.25316	1.25318			6
2024.12.26	11:49:13.745	1.25315	1.25317			6
2024.12.26	11:49:16.840	1.25316	1.25318			6
2024.12.26	11:49:17.147	1.25315	1.25317			6
2024.12.26	11:49:20.539	1.25316	1.25318			6
2024.12.26	11:49:20.848	1.25315	1.25317			6
2024.12.26	11:49:21.473	1.25317	1.25318			6
2024.12.26	11:49:22.088	1.25316				2
2024.12.26	11:49:22.400	1.25317				2
2024.12.26	11:49:23.323		1.25319			4
2024.12.26	11:49:36.916		1.25318			4
2024.12.26	11:49:37.227		1.25319			4
2024.12.26	11:49:37.835	1.25316	1.25318			6
2024.12.26	11:49:40.320	1.25317				2
2024.12.26	11:49:40.636	1.25316				2
2024.12.26	11:49:46.191		1.25317			4
2024.12.26	11:49:46.502		1.25318			4
2024.12.26	11:49:47.115	1.25317	1.25319			6
2024.12.26	11:50:00.109	1.25317				2
2024.12.26	11:50:01.344	1.25319	1.25320			6
2024.12.26	11:50:02.578		1.25321			4
2024.12.26	11:50:03.502	1.25318	1.25320			6
2024.12.26	11:50:11.513	1.25319	1.25321			6
2024.12.26	11:50:15.802	1.25318	1.25320			6
2024.12.26	11:50:20.407	1.25319	1.25321			6
2024.12.26	11:50:21.329	1.25320	1.25322			6
2024.12.26	11:50:21.640	1.25321	1.25323			6
2024.12.26	11:50:22.253	1.25320	1.25322			6
2024.12.26	11:50:22.859	1.25321				2
2024.12.26	11:50:23.771	1.25320				2
2024.12.26	11:50:24.688	1.25318	1.25320			6
2024.12.26	11:50:30.858	1.25317	1.25319			6
2024.12.26	11:50:39.452	1.25320	1.25322			6
2024.12.26	11:50:40.378	1.25319	1.25320			6
2024.12.26	11:50:41.301	1.25318				2
2024.12.26	11:50:41.609	1.25319				2
2024.12.26	11:50:42.841	1.25317	1.25318			6
2024.12.26	11:50:43.462		1.25319			4
2024.12.26	11:50:43.767	1.25318	1.25320			6
2024.12.26	11:50:50.862	1.25319				2
2024.12.26	11:50:51.169	1.25318				2
2024.12.26	11:50:58.566	1.25319				2
2024.12.26	11:51:00.106	1.25319				2
2024.12.26	11:51:01.337		1.25321			4
2024.12.26	11:51:02.260		1.25320			4
2024.12.26	11:51:02.568	1.25322	1.25324			6
2024.12.26	11:51:02.875	1.25324	1.25326			6
2024.12.26	11:51:03.798		1.25325			4
2024.12.26	11:51:04.101		1.25326			4
2024.12.26	11:51:04.725	1.25325				2
2024.12.26	11:51:05.028	1.25324				2
2024.12.26	11:51:05.344	1.25323	1.25324			6
2024.12.26	11:51:07.809	1.25322				2
2024.12.26	11:51:08.110	1.25323	1.25325			6
2024.12.26	11:51:09.045		1.25324			4
2024.12.26	11:51:10.901	1.25326	1.25328			6
2024.12.26	11:51:11.518	1.25325	1.25327			6
2024.12.26	11:51:12.443	1.25324	1.25326			6
2024.12.26	11:51:13.991	1.25325	1.25327			6
2024.12.26	11:51:14.298	1.25324	1.25326			6
2024.12.26	11:51:21.383	1.25323	1.25325			6
2024.12.26	11:51:21.692	1.25325	1.25326			6
2024.12.26	11:51:23.537	1.25324				2
2024.12.26	11:51:28.154		1.25325			4
2024.12.26	11:51:30.606	1.25325	1.25327			6
2024.12.26	11:51:31.527	1.25328	1.25329			6
2024.12.26	11:51:33.369	1.25326	1.25328			6
2024.12.26	11:51:37.981	1.25325	1.25327			6
2024.12.26	11:51:39.531	1.25327	1.25328			6
2024.12.26	11:51:39.840		1.25329			4
2024.12.26	11:51:40.148	1.25325	1.25326			6
2024.12.26	11:51:40.761		1.25327			4
2024.12.26	11:51:46.004		1.25326			4
2024.12.26	11:51:46.631	1.25324				2
2024.12.26	11:51:46.932	1.25325				2
2024.12.26	11:51:47.551		1.25327			4
2024.12.26	11:52:00.187	1.25325				2
2024.12.26	11:52:00.494	1.25326				2
2024.12.26	11:52:00.806	1.25325				2
2024.12.26	11:52:02.945	1.25326	1.25328			6
2024.12.26	11:52:03.861	1.25325	1.25327			6
2024.12.26	11:52:05.388	1.25328	1.25330			6
2024.12.26	11:52:08.755	1.25327	1.25329			6
2024.12.26	11:52:11.208	1.25328	1.25330			6
2024.12.26	11:52:20.384	1.25327	1.25329			6
2024.12.26	11:52:20.688	1.25326	1.25328			6
2024.12.26	11:52:21.303	1.25327	1.25329			6
2024.12.26	11:52:23.142	1.25325	1.25327			6
2024.12.26	11:52:26.213	1.25326	1.25328			6
2024.12.26	11:52:26.519	1.25325	1.25327			6
2024.12.26	11:52:26.823	1.25326	1.25328			6
2024.12.26	11:52:27.124	1.25328	1.25330			6
2024.12.26	11:52:41.331	1.25327	1.25329			6
2024.12.26	11:52:41.639	1.25328	1.25330			6
2024.12.26	11:52:55.741	1.25330	1.25331			6
2024.12.26	11:52:56.966		1.25332			4
2024.12.26	11:52:57.583		1.25331			4
2024.12.26	11:52:57.889	1.25329				2
2024.12.26	11:53:00.031	1.25329				2
2024.12.26	11:53:01.560	1.25328	1.25330			6
2024.12.26	11:53:03.094	1.25326	1.25328			6
2024.12.26	11:53:04.321	1.25327	1.25329			6
2024.12.26	11:53:06.162	1.25328	1.25330			6
2024.12.26	11:53:07.084	1.25329	1.25331			6
2024.12.26	11:53:07.389	1.25330	1.25332			6
2024.12.26	11:53:09.231	1.25328	1.25330			6
2024.12.26	11:53:10.455	1.25329	1.25331			6
2024.12.26	11:53:10.757		1.25330			4
2024.12.26	11:53:11.368		1.25331			4
2024.12.26	11:53:25.152	1.25326	1.25327			6
2024.12.26	11:53:28.828	1.25325	1.25326			6
2024.12.26	11:53:33.723	1.25324	1.25325			6
2024.12.26	11:53:34.034	1.25325	1.25326			6
2024.12.26	11:53:35.257	1.25324	1.25325			6
2024.12.26	11:53:35.561		1.25326			4
2024.12.26	11:53:35.869	1.25325				2
2024.12.26	11:53:37.097		1.25327			4
2024.12.26	11:53:37.406		1.25326			4
2024.12.26	11:53:38.322	1.25324				2
2024.12.26	11:53:38.937		1.25325			4
2024.12.26	11:53:39.542	1.25325	1.25326			6
2024.12.26	11:53:39.852	1.25324				2
2024.12.26	11:53:40.160	1.25325				2
2024.12.26	11:53:40.461	1.25324				2
2024.12.26	11:53:41.080		1.25325			4
2024.12.26	11:53:41.693		1.25326			4
2024.12.26	11:53:50.584	1.25325				2
2024.12.26	11:53:51.200	1.25324				2
2024.12.26	11:53:55.811	1.25325				2
2024.12.26	11:53:59.485	1.25321	1.25322			6
2024.12.26	11:53:59.786	1.25312	1.25314			6
2024.12.26	11:54:00.087	1.25309	1.25312			6
2024.12.26	11:54:01.945	1.25308	1.25311			6
2024.12.26	11:54:07.144	1.25309	1.25312			6
2024.12.26	11:54:07.452	1.25307	1.25309			6
2024.12.26	11:54:07.761	1.25308				2
2024.12.26	11:54:08.681		1.25310			4
2024.12.26	11:54:09.298		1.25312			4
2024.12.26	11:54:09.600	1.25309				2
2024.12.26	11:54:10.822	1.25308				2
2024.12.26	11:54:11.126	1.25309				2
2024.12.26	11:54:11.436	1.25313	1.25314			6
2024.12.26	11:54:11.748	1.25316	1.25317			6
2024.12.26	11:54:12.659	1.25315				2
2024.12.26	11:54:15.116		1.25316			4
2024.12.26	11:54:16.956	1.25309	1.25311			6
2024.12.26	11:54:17.876	1.25313	1.25316			6
2024.12.26	11:54:21.867	1.25316	1.25318			6
2024.12.26	11:54:22.799		1.25317			4
2024.12.26	11:54:24.945	1.25314	1.25316			6
2024.12.26	11:54:25.248	1.25313				2
2024.12.26	11:54:40.021	1.25309	1.25312			6
2024.12.26	11:54:44.018	1.25317	1.25319			6
2024.12.26	11:54:44.328	1.25316	1.25317			6
2024.12.26	11:54:51.722	1.25307	1.25308			6
2024.12.26	11:54:53.572	1.25308	1.25309			6
2024.12.26	11:54:54.494		1.25310			4
2024.12.26	11:54:54.804		1.25309			4
2024.12.26	11:54:58.807	1.25307	1.25308			6
2024.12.26	11:54:59.112	1.25308	1.25309			6
2024.12.26	11:55:00.036	1.25308				2
2024.12.26	11:55:02.801	1.25307	1.25308			6
2024.12.26	11:55:17.551	1.25305	1.25307			6
2024.12.26	11:55:18.473	1.25306				2
2024.12.26	11:55:24.305	1.25304				2
2024.12.26	11:55:24.611	1.25306				2
2024.12.26	11:55:34.154	1.25303	1.25305			6
2024.12.26	11:55:36.006	1.25297	1.25299			6
2024.12.26	11:55:36.314	1.25291	1.25293			6
2024.12.26	11:55:36.625	1.25292				2
2024.12.26	11:55:36.932	1.25291				2
2024.12.26	11:55:42.768		1.25292			4
2024.12.26	11:55:43.381		1.25293			4
2024.12.26	11:55:43.996	1.25292				2
2024.12.26	11:55:46.466	1.25293	1.25294			6
2024.12.26	11:55:51.384	1.25294	1.25295			6
2024.12.26	11:55:55.382	1.25297	1.25298			6
2024.12.26	11:55:56.305	1.25298	1.25299			6
2024.12.26	11:55:58.453	1.25297	1.25298			6
2024.12.26	11:55:59.071	1.25298	1.25299			6
2024.12.26	11:56:00.302	1.25298				2
2024.12.26	11:56:00.916	1.25297	1.25298			6
2024.12.26	11:56:07.360	1.25296				2
2024.12.26	11:56:08.279	1.25297				2
2024.12.26	11:56:09.197	1.25296	1.25297			6
2024.12.26	11:56:10.724	1.25294	1.25295			6
2024.12.26	11:56:12.256	1.25296	1.25297			6
2024.12.26	11:56:19.587	1.25295				2
2024.12.26	11:56:19.897	1.25292	1.25295			6
2024.12.26	11:56:21.128	1.25293	1.25296			6
2024.12.26	11:56:21.737	1.25292				2
2024.12.26	11:56:32.460	1.25293	1.25297			6
2024.12.26	11:56:33.069	1.25291				2
2024.12.26	11:56:33.380	1.25292				2
2024.12.26	11:56:34.295		1.25296			4
2024.12.26	11:56:37.659	1.25294				2
2024.12.26	11:56:43.770	1.25293				2
2024.12.26	11:56:51.113	1.25294				2
2024.12.26	11:56:52.331	1.25293				2
2024.12.26	11:56:54.157	1.25294				2
2024.12.26	11:57:00.007	1.25294				2
2024.12.26	11:57:04.009	1.25292	1.25295			6
2024.12.26	11:57:04.319	1.25293	1.25294			6
2024.12.26	11:57:06.467	1.25291	1.25293			6
2024.12.26	11:57:08.317	1.25292				2
2024.12.26	11:57:12.013	1.25291	1.25292			6
2024.12.26	11:57:12.317	1.25286	1.25288			6
2024.12.26	11:57:12.628	1.25285				2
2024.12.26	11:57:14.170	1.25286	1.25289			6
2024.12.26	11:57:14.484	1.25288				2
2024.12.26	11:57:14.786	1.25287				2
2024.12.26	11:57:15.709	1.25288				2
2024.12.26	11:57:24.644	1.25287	1.25288			6
2024.12.26	11:57:24.953	1.25288	1.25289			6
2024.12.26	11:57:26.500	1.25287	1.25288			6
2024.12.26	11:57:26.804	1.25292	1.25295			6
2024.12.26	11:57:27.414	1.25297	1.25298			6
2024.12.26	11:57:28.343	1.25294	1.25296			6
2024.12.26	11:57:31.115		1.25297			4
2024.12.26	11:57:31.422	1.25293	1.25296			6
2024.12.26	11:57:32.037	1.25294	1.25297			6
2024.12.26	11:57:33.271		1.25296			4
2024.12.26	11:57:35.113		1.25297			4
2024.12.26	11:57:39.731	1.25292	1.25295			6
2024.12.26	11:57:41.269		1.25296			4
2024.12.26	11:57:46.812	1.25299	1.25300			6
2024.12.26	11:57:47.113	1.25298	1.25299			6
2024.12.26	11:57:47.738	1.25296				2
2024.12.26	11:57:48.046	1.25295	1.25298			6
2024.12.26	11:57:59.084	1.25296				2
2024.12.26	11:57:59.398	1.25297	1.25299			6
2024.12.26	11:58:00.006	1.25297				2
2024.12.26	11:58:00.925		1.25300			4
2024.12.26	11:58:10.429		1.25299			4
2024.12.26	11:58:14.407		1.25300			4
2024.12.26	11:58:19.011	1.25298				2
2024.12.26	11:58:19.319		1.25301			4
2024.12.26	11:58:19.623	1.25297	1.25300			6
2024.12.26	11:58:22.992	1.25298	1.25301			6
2024.12.26	11:58:23.911	1.25297	1.25299			6
2024.12.26	11:58:24.821		1.25300			4
2024.12.26	11:58:38.301	1.25298				2
2024.12.26	11:58:38.611	1.25297	1.25299			6
2024.12.26	11:58:42.607	1.25296	1.25297			6
2024.12.26	11:58:48.767	1.25295	1.25296			6
2024.12.26	11:58:49.074	1.25296	1.25297			6
2024.12.26	11:58:51.835	1.25294	1.25296			6
2024.12.26	11:58:52.136		1.25298			4
2024.12.26	11:58:52.440		1.25296			4
2024.12.26	11:58:52.755	1.25296	1.25297			6
2024.12.26	11:58:53.065	1.25294	1.25296			6
2024.12.26	11:58:53.367	1.25296	1.25297			6
2024.12.26	11:58:53.676	1.25295	1.25296			6
2024.12.26	11:58:53.980	1.25299	1.25302			6
2024.12.26	11:58:54.294	1.25298	1.25301			6
2024.12.26	11:58:57.065		1.25300			4
2024.12.26	11:58:57.374		1.25299			4
2024.12.26	11:59:00.148	1.25298				2
2024.12.26	11:59:02.620		1.25300			4
2024.12.26	11:59:02.927		1.25301			4
2024.12.26	11:59:03.542		1.25299			4
2024.12.26	11:59:24.410	1.25303	1.25305			6
2024.12.26	11:59:24.720	1.25304	1.25306			6
2024.12.26	11:59:25.633		1.25307			4
2024.12.26	11:59:25.942		1.25308			4
2024.12.26	11:59:27.477	1.25306	1.25307			6
2024.12.26	11:59:27.784	1.25305				2
2024.12.26	11:59:29.330		1.25309			4
2024.12.26	11:59:29.939	1.25304	1.25305			6
2024.12.26	11:59:30.247	1.25305	1.25308			6
2024.12.26	11:59:32.098		1.25306			4
2024.12.26	11:59:33.642	1.25304	1.25305			6
2024.12.26	11:59:33.942		1.25308			4
2024.12.26	11:59:34.244	1.25305	1.25309			6
2024.12.26	11:59:35.173	1.25306				2
2024.12.26	11:59:36.406	1.25308	1.25311			6
2024.12.26	11:59:37.644		1.25310			4
2024.12.26	11:59:41.018	1.25307	1.25312			6
2024.12.26	11:59:41.939	1.25306	1.25310			6
2024.12.26	11:59:44.397	1.25307	1.25311			6
2024.12.26	11:59:45.007		1.25313			4
2024.12.26	11:59:45.327		1.25312			4
2024.12.26	11:59:45.939		1.25310			4
2024.12.26	11:59:46.247		1.25311			4
2024.12.26	11:59:46.557	1.25308	1.25312			6
2024.12.26	11:59:47.172		1.25313			4
2024.12.26	11:59:47.481		1.25312			4
2024.12.26	11:59:47.784		1.25310			4
2024.12.26	11:59:49.628		1.25309			4
2024.12.26	11:59:51.173		1.25310			4
2024.12.26	11:59:56.398	1.25307				2
2024.12.26	11:59:58.239		1.25311			4
2024.12.26	11:59:59.465		1.25312			4
2024.12.26	12:00:00.081	1.25307				2
2024.12.26	12:00:00.386	1.25308	1.25313			6
2024.12.26	12:00:00.696	1.25307	1.25311			6
2024.12.26	12:00:01.006		1.25312			4
2024.12.26	12:00:05.621		1.25311			4
2024.12.26	12:00:05.935		1.25312			4
2024.12.26	12:00:08.705		1.25311			4
2024.12.26	12:00:18.854		1.25310			4
2024.12.26	12:00:19.780	1.25305				2
2024.12.26	12:00:22.860		1.25311			4
2024.12.26	12:00:25.937	1.25306				2
2024.12.26	12:00:26.552	1.25305				2
2024.12.26	12:00:29.321		1.25310			4
2024.12.26	12:00:31.161	1.25307	1.25312			6
2024.12.26	12:00:31.463	1.25306	1.25311			6
2024.12.26	12:00:32.391	1.25305	1.25310			6
2024.12.26	12:00:37.279	1.25303	1.25307			6
2024.12.26	12:00:37.585	1.25302	1.25306			6
2024.12.26	12:00:37.889	1.25300	1.25304			6
2024.12.26	12:00:39.422	1.25301	1.25305			6
2024.12.26	12:00:39.729	1.25300				2
2024.12.26	12:01:00.037	1.25300				2
2024.12.26	12:01:05.263	1.25299	1.25304			6
2024.12.26	12:01:13.048	1.25303	1.25308			6
2024.12.26	12:01:14.267	1.25302	1.25307			6
2024.12.26	12:01:14.575	1.25303				2
2024.12.26	12:01:16.721	1.25302				2
2024.12.26	12:01:17.324	1.25303	1.25308			6
2024.12.26	12:01:17.632	1.25305	1.25310			6
2024.12.26	12:01:18.250	1.25302	1.25309			6
2024.12.26	12:01:18.554	1.25304	1.25308			6
2024.12.26	12:01:19.785	1.25302				2
2024.12.26	12:01:21.620	1.25304	1.25309			6
2024.12.26	12:01:21.925	1.25302	1.25308			6
2024.12.26	12:01:23.142	1.25304				2
2024.12.26	12:01:23.449	1.25302	1.25309			6
2024.12.26	12:01:23.752	1.25303	1.25307			6
2024.12.26	12:01:24.361	1.25302				2
2024.12.26	12:01:27.718	1.25300	1.25305			6
2024.12.26	12:01:32.629		1.25304			4
2024.12.26	12:01:35.086	1.25295	1.25300			6
2024.12.26	12:01:36.312	1.25296	1.25301			6
2024.12.26	12:01:38.455		1.25300			4
2024.12.26	12:01:39.986		1.25302			4
2024.12.26	12:01:40.901	1.25299	1.25304			6
2024.12.26	12:01:52.254	1.25297	1.25301			6
2024.12.26	12:01:52.563	1.25296				2
2024.12.26	12:01:54.094	1.25297				2
2024.12.26	12:02:00.225	1.25297				2
2024.12.26	12:02:01.144	1.25296	1.25300			6
2024.12.26	12:02:02.666	1.25297	1.25301			6
2024.12.26	12:02:03.601	1.25296	1.25299			6
2024.12.26	12:02:05.124	1.25293	1.25297			6
2024.12.26	12:02:06.345	1.25292	1.25296			6
2024.12.26	12:02:08.797	1.25293	1.25297			6
2024.12.26	12:02:09.105	1.25295	1.25299			6
2024.12.26	12:02:09.718	1.25294	1.25298			6
2024.12.26	12:02:14.916	1.25295				2
2024.12.26	12:02:15.837	1.25294				2
2024.12.26	12:02:20.119	1.25296	1.25300			6
2024.12.26	12:02:20.423	1.25298	1.25302			6
2024.12.26	12:02:21.957	1.25296	1.25300			6
2024.12.26	12:02:24.103	1.25298	1.25302			6
2024.12.26	12:02:24.720	1.25297	1.25299			6
2024.12.26	12:02:30.253	1.25299	1.25302			6
2024.12.26	12:02:30.562	1.25297	1.25300			6
2024.12.26	12:02:30.865	1.25298	1.25301			6
2024.12.26	12:02:31.484		1.25300			4
2024.12.26	12:02:31.788		1.25301			4
2024.12.26	12:02:32.715		1.25300			4
2024.12.26	12:02:33.017		1.25301			4
2024.12.26	12:02:34.556		1.25303			4
2024.12.26	12:02:34.857		1.25302			4
2024.12.26	12:02:36.084	1.25297	1.25299			6
2024.12.26	12:02:36.386		1.25300			4
2024.12.26	12:02:38.853		1.25301			4
2024.12.26	12:02:41.307	1.25300	1.25302			6
2024.12.26	12:02:41.615		1.25304			4
2024.12.26	12:02:41.924	1.25301				2
2024.12.26	12:02:42.540	1.25304	1.25306			6
2024.12.26	12:02:43.157		1.25307			4
2024.12.26	12:02:43.767	1.25303				2
2024.12.26	12:02:44.696	1.25302				2
2024.12.26	12:02:45.003	1.25301	1.25305			6
2024.12.26	12:02:45.627		1.25306			4
2024.12.26	12:02:50.242	1.25299				2
2024.12.26	12:02:53.930		1.25305			4
2024.12.26	12:02:54.243		1.25304			4
2024.12.26	12:02:55.161	1.25295	1.25298			6
2024.12.26	12:02:58.546	1.25297	1.25303			6
2024.12.26	12:02:59.777	1.25298				2
2024.12.26	12:03:00.083	1.25297	1.25302			6
2024.12.26	12:03:00.385	1.25298	1.25303			6
2024.12.26	12:03:06.198		1.25304			4
2024.12.26	12:03:09.264	1.25296	1.25301			6
2024.12.26	12:03:09.879	1.25295				2
2024.12.26	12:03:10.493		1.25300			4
2024.12.26	12:03:10.800	1.25296				2
2024.12.26	12:03:33.557	1.25304	1.25306			6
2024.12.26	12:03:33.866	1.25303				2
2024.12.26	12:03:34.172	1.25306	1.25308			6
2024.12.26	12:03:35.101	1.25305				2
2024.12.26	12:03:38.793	1.25302	1.25306			6
2024.12.26	12:03:43.418	1.25300	1.25304			6
2024.12.26	12:03:43.725	1.25298	1.25303			6
2024.12.26	12:03:44.335	1.25297	1.25302			6
2024.12.26	12:03:44.961		1.25301			4
2024.12.26	12:03:48.357		1.25299			4
2024.12.26	12:03:49.575	1.25294	1.25297			6
2024.12.26	12:03:49.880	1.25295	1.25298			6
2024.12.26	12:03:59.670		1.25299			4
2024.12.26	12:04:00.286	1.25295				2
2024.12.26	12:04:00.599	1.25296				2
2024.12.26	12:04:03.062	1.25299	1.25301			6
2024.12.26	12:04:03.372	1.25300	1.25303			6
2024.12.26	12:04:08.926	1.25301				2
2024.12.26	12:04:12.621		1.25304			4
2024.12.26	12:04:15.700	1.25300				2
2024.12.26	12:04:18.166	1.25299	1.25303			6
2024.12.26	12:04:18.479	1.25298	1.25301			6
2024.12.26	12:04:19.089	1.25296	1.25299			6
2024.12.26	12:04:20.624		1.25298			4
2024.12.26	12:04:24.307	1.25295				2
2024.12.26	12:04:37.506	1.25296				2
2024.12.26	12:04:40.569	1.25295				2
2024.12.26	12:04:41.491	1.25297	1.25299			6
2024.12.26	12:04:42.716	1.25301	1.25302			6
2024.12.26	12:04:48.579	1.25297	1.25300			6
2024.12.26	12:04:48.888	1.25300	1.25302			6
2024.12.26	12:04:49.201	1.25299				2
2024.12.26	12:04:55.954	1.25297	1.25299			6
2024.12.26	12:05:00.246	1.25297				2
2024.12.26	12:05:03.317	1.25299	1.25301			6
2024.12.26	12:05:06.993	1.25297				2
2024.12.26	12:05:07.293		1.25299			4
2024.12.26	12:05:08.831	1.25294	1.25298			6
2024.12.26	12:05:09.749	1.25292	1.25297			6
2024.12.26	12:05:10.050	1.25289	1.25295			6
2024.12.26	12:05:14.350	1.25291	1.25294			6
2024.12.26	12:05:15.268	1.25295	1.25298			6
2024.12.26	12:05:22.347	1.25292				2
2024.12.26	12:05:24.179	1.25295				2
2024.12.26	12:05:28.760	1.25292				2
2024.12.26	12:05:36.431	1.25294				2
2024.12.26	12:05:37.647		1.25297			4
2024.12.26	12:05:38.262	1.25295	1.25298			6
2024.12.26	12:05:40.703	1.25296	1.25299			6
2024.12.26	12:05:41.011	1.25295	1.25298			6
2024.12.26	12:05:52.031	1.25294	1.25297			6
2024.12.26	12:05:52.339	1.25292	1.25298			6
2024.12.26	12:05:52.646	1.25294				2
2024.12.26	12:05:55.095	1.25293				2
2024.12.26	12:05:55.401	1.25292	1.25296			6
2024.12.26	12:05:55.702		1.25297			4
2024.12.26	12:05:56.631		1.25298			4
2024.12.26	12:05:56.937		1.25297			4
2024.12.26	12:05:59.074		1.25296			4
2024.12.26	12:05:59.379	1.25291	1.25294			6
2024.12.26	12:06:00.296	1.25291				2
2024.12.26	12:06:00.910	1.25293	1.25296			6
2024.12.26	12:06:01.828	1.25291	1.25294			6
2024.12.26	12:06:02.740	1.25293	1.25295			6
2024.12.26	12:06:03.043	1.25292	1.25296			6
2024.12.26	12:06:03.973		1.25297			4
2024.12.26	12:06:09.792	1.25295	1.25299			6
2024.12.26	12:06:10.093	1.25300	1.25303			6
2024.12.26	12:06:10.401	1.25304	1.25305			6
2024.12.26	12:06:10.708	1.25302				2
2024.12.26	12:06:11.017	1.25300	1.25303			6
2024.12.26	12:06:11.319	1.25298				2
2024.12.26	12:06:11.628		1.25304			4
2024.12.26	12:06:20.845	1.25299				2
2024.12.26	12:06:21.774	1.25297	1.25301			6
2024.12.26	12:06:22.082	1.25290	1.25295			6
2024.12.26	12:06:22.693	1.25294	1.25299			6
2024.12.26	12:06:26.078	1.25292	1.25297			6
2024.12.26	12:06:26.382	1.25294	1.25298			6
2024.12.26	12:06:26.692	1.25291	1.25296			6
2024.12.26	12:06:27.000	1.25296	1.25299			6
2024.12.26	12:06:31.002	1.25292	1.25297			6
2024.12.26	12:06:31.303	1.25291	1.25295			6
2024.12.26	12:06:34.076	1.25290	1.25292			6
2024.12.26	12:06:34.382	1.25289				2
2024.12.26	12:06:34.697	1.25290				2
2024.12.26	12:06:35.921		1.25294			4
2024.12.26	12:06:38.994	1.25291	1.25295			6
2024.12.26	12:06:40.533	1.25290				2
2024.12.26	12:06:40.840		1.25294			4
2024.12.26	12:06:43.603	1.25289				2
2024.12.26	12:06:45.138	1.25288				2
2024.12.26	12:06:48.521	1.25289				2
2024.12.26	12:06:56.203	1.25288	1.25291			6
2024.12.26	12:06:58.362	1.25287				2
2024.12.26	12:06:59.595		1.25290			4
2024.12.26	12:06:59.904	1.25286	1.25289			6
2024.12.26	12:07:00.214	1.25286	1.25288			6
2024.12.26	12:07:01.760	1.25285				2
2024.12.26	12:07:05.452	1.25286	1.25289			6
2024.12.26	12:07:06.072	1.25288	1.25290			6
2024.12.26	12:07:08.221	1.25289	1.25292			6
2024.12.26	12:07:09.145	1.25288				2
2024.12.26	12:07:11.613	1.25289	1.25293			6
2024.12.26	12:07:11.922	1.25290				2
2024.12.26	12:07:15.002	1.25288	1.25291			6
2024.12.26	12:07:19.306	1.25289	1.25294			6
2024.12.26	12:07:22.084	1.25290	1.25295			6
2024.12.26	12:07:25.164	1.25289				2
2024.12.26	12:07:26.401	1.25290				2
2024.12.26	12:07:27.321	1.25289				2
2024.12.26	12:07:33.805	1.25290	1.25297			6
2024.12.26	12:07:34.423	1.25289	1.25295			6
2024.12.26	12:07:51.020	1.25292	1.25296			6
2024.12.26	12:07:51.637	1.25291				2
2024.12.26	12:07:52.867	1.25292	1.25297			6
2024.12.26	12:07:55.021	1.25291				2
2024.12.26	12:07:55.637	1.25292				2
2024.12.26	12:07:58.408	1.25291	1.25296			6
2024.12.26	12:07:58.715		1.25297			4
2024.12.26	12:08:00.254	1.25291				2
2024.12.26	12:08:01.792	1.25292				2
2024.12.26	12:08:02.100	1.25291				2
2024.12.26	12:08:02.721	1.25292				2
2024.12.26	12:08:08.271		1.25296			4
2024.12.26	12:08:13.201	1.25290	1.25295			6
2024.12.26	12:08:15.337	1.25292	1.25296			6
2024.12.26	12:08:15.649	1.25291				2
2024.12.26	12:08:30.019	1.25290	1.25295			6
2024.12.26	12:08:34.611	1.25291	1.25297			6
2024.12.26	12:08:37.380	1.25292				2
2024.12.26	12:08:40.147	1.25291	1.25295			6
2024.12.26	12:08:45.663	1.25293	1.25297			6
2024.12.26	12:08:49.347		1.25298			4
2024.12.26	12:08:51.182		1.25297			4
2024.12.26	12:08:54.226		1.25298			4
2024.12.26	12:08:55.148	1.25299	1.25302			6
2024.12.26	12:08:55.450		1.25304			4
2024.12.26	12:08:56.063	1.25300				2
2024.12.26	12:09:00.062	1.25300				2
2024.12.26	12:09:03.747	1.25301				2
2024.12.26	12:09:04.061	1.25300				2
2024.12.26	12:09:05.281	1.25302	1.25305			6
2024.12.26	12:09:08.936	1.25299	1.25303			6
2024.12.26	12:09:15.381	1.25298	1.25304			6
2024.12.26	12:09:16.294	1.25299				2
2024.12.26	12:09:22.709	1.25300				2
2024.12.26	12:09:23.940	1.25299				2
2024.12.26	12:09:27.599	1.25300				2
2024.12.26	12:09:37.668	1.25302				2
2024.12.26	12:09:37.974	1.25305	1.25307			6
2024.12.26	12:09:38.280		1.25308			4
2024.12.26	12:09:38.587	1.25306				2
2024.12.26	12:09:39.205	1.25302	1.25307			6
2024.12.26	12:09:39.507		1.25306			4
2024.12.26	12:09:40.731	1.25301				2
2024.12.26	12:09:42.617	1.25302				2
2024.12.26	12:09:45.356	1.25303				2
2024.12.26	12:09:49.032	1.25302				2
2024.12.26	12:09:50.856	1.25303				2
2024.12.26	12:09:51.162	1.25302				2
2024.12.26	12:09:52.082	1.25299	1.25304			6
2024.12.26	12:09:55.473	1.25300	1.25303			6
2024.12.26	12:10:00.066	1.25300				2
2024.12.26	12:10:00.984	1.25299	1.25304			6
2024.12.26	12:10:01.288	1.25298	1.25302			6
2024.12.26	12:10:03.125	1.25299				2
2024.12.26	12:10:05.349		1.25303			4
2024.12.26	12:10:05.649	1.25300	1.25304			6
2024.12.26	12:10:05.958	1.25302	1.25305			6
2024.12.26	12:10:09.645		1.25306			4
2024.12.26	12:10:14.203	1.25303	1.25305			6
2024.12.26	12:10:15.116	1.25302				2
2024.12.26	12:10:19.676	1.25305	1.25307			6
2024.12.26	12:10:20.288	1.25306	1.25308			6
2024.12.26	12:10:20.591		1.25309			4
2024.12.26	12:10:32.516	1.25307				2
2024.12.26	12:10:35.565	1.25306	1.25308			6
2024.12.26	12:10:39.231	1.25305	1.25307			6
2024.12.26	12:10:43.193		1.25308			4
2024.12.26	12:10:43.497	1.25306				2
2024.12.26	12:10:51.131	1.25307				2
2024.12.26	12:10:52.354	1.25306				2
2024.12.26	12:10:52.966	1.25307	1.25309			6
2024.12.26	12:10:55.403	1.25306	1.25308			6
2024.12.26	12:10:57.257	1.25302	1.25304			6
2024.12.26	12:10:57.565	1.25303				2
2024.12.26	12:11:00.001	1.25303				2
2024.12.26	12:11:00.303	1.25302				2
2024.12.26	12:11:16.810	1.25303	1.25305			6
2024.12.26	12:11:17.116	1.25305	1.25307			6
2024.12.26	12:11:18.948	1.25306				2
2024.12.26	12:11:20.780	1.25307	1.25308			6
2024.12.26	12:11:29.327	1.25312	1.25313			6
2024.12.26	12:11:35.454	1.25309	1.25310			6
2024.12.26	12:11:35.759	1.25308	1.25309			6
2024.12.26	12:11:36.068	1.25307				2
2024.12.26	12:11:36.375	1.25308	1.25310			6
2024.12.26	12:11:37.298	1.25310	1.25312			6
2024.12.26	12:11:37.602	1.25309				2
2024.12.26	12:11:47.106		1.25311			4
2024.12.26	12:11:48.339	1.25308	1.25310			6
2024.12.26	12:11:49.254		1.25311			4
2024.12.26	12:11:50.169		1.25310			4
2024.12.26	12:11:55.665	1.25307	1.25309			6
2024.12.26	12:11:55.975	1.25309	1.25311			6
2024.12.26	12:11:56.280	1.25310	1.25312			6
2024.12.26	12:12:00.253	1.25310				2
2024.12.26	12:12:01.162	1.25308	1.25310			6
2024.12.26	12:12:03.310	1.25309	1.25311			6
2024.12.26	12:12:04.833	1.25310	1.25312			6
2024.12.26	12:12:13.697	1.25309	1.25311			6
2024.12.26	12:12:13.998	1.25310	1.25312			6
2024.12.26	12:12:14.302	1.25309	1.25311			6
2024.12.26	12:12:15.823	1.25311	1.25312			6
2024.12.26	12:12:16.128	1.25309	1.25311			6
2024.12.26	12:12:34.485	1.25308	1.25310			6
2024.12.26	12:12:34.787	1.25309	1.25311			6
2024.12.26	12:12:43.686	1.25310	1.25312			6
2024.12.26	12:12:50.403	1.25309	1.25311			6
2024.12.26	12:12:50.715	1.25308	1.25310			6
2024.12.26	12:12:51.335	1.25309	1.25311			6
2024.12.26	12:12:52.872	1.25308	1.25310			6
2024.12.26	12:12:54.117	1.25309	1.25311			6
2024.12.26	12:12:57.516	1.25308	1.25310			6
2024.12.26	12:12:57.828	1.25309	1.25311			6
2024.12.26	12:13:00.292	1.25309				2
2024.12.26	12:13:01.217		1.25310			4
2024.12.26	12:13:01.524	1.25308				2
2024.12.26	12:13:03.996	1.25309	1.25311			6
2024.12.26	12:13:04.307	1.25310	1.25312			6
2024.12.26	12:13:07.394	1.25309	1.25311			6
2024.12.26	12:13:12.936	1.25310	1.25312			6
2024.12.26	12:13:17.817	1.25311	1.25313			6
2024.12.26	12:13:21.784	1.25310	1.25312			6
2024.12.26	12:13:23.005	1.25311	1.25313			6
2024.12.26	12:13:28.509		1.25312			4
2024.12.26	12:13:28.819	1.25310				2
2024.12.26	12:13:34.021	1.25309	1.25311			6
2024.12.26	12:13:46.575	1.25308	1.25310			6
2024.12.26	12:13:49.942	1.25307	1.25309			6
2024.12.26	12:13:51.477	1.25304	1.25306			6
2024.12.26	12:13:51.783	1.25306	1.25308			6
2024.12.26	12:14:00.033	1.25306				2
2024.12.26	12:14:02.461	1.25309	1.25311			6
2024.12.26	12:14:02.767	1.25308	1.25310			6
2024.12.26	12:14:03.999	1.25309	1.25311			6
2024.12.26	12:14:04.305	1.25310	1.25312			6
2024.12.26	12:14:04.609	1.25311	1.25313			6
2024.12.26	12:14:09.184	1.25315	1.25316			6
2024.12.26	12:14:09.793	1.25313	1.25315			6
2024.12.26	12:14:10.099		1.25314			4
2024.12.26	12:14:11.331	1.25314	1.25315			6
2024.12.26	12:14:13.503	1.25313				2
2024.12.26	12:14:17.179		1.25314			4
2024.12.26	12:14:25.148	1.25315	1.25316			6
2024.12.26	12:14:27.304	1.25314				2
2024.12.26	12:14:28.225	1.25315				2
2024.12.26	12:14:30.368	1.25314				2
2024.12.26	12:14:32.839	1.25315				2
2024.12.26	12:14:39.017	1.25314				2
2024.12.26	12:14:42.409		1.25315			4
2024.12.26	12:14:44.553		1.25316			4
2024.12.26	12:15:00.244	1.25319	1.25320			6
2024.12.26	12:15:00.551	1.25320	1.25322			6
2024.12.26	12:15:00.860	1.25319	1.25320			6
2024.12.26	12:15:01.165	1.25317	1.25319			6
2024.12.26	12:15:02.697	1.25318	1.25320			6
2024.12.26	12:15:05.161	1.25317	1.25319			6
2024.12.26	12:15:05.782	1.25318	1.25320			6
2024.12.26	12:15:07.933	1.25320	1.25322			6
2024.12.26	12:15:12.560	1.25321	1.25323			6
2024.12.26	12:15:12.870	1.25322	1.25324			6
2024.12.26	12:15:13.482	1.25327	1.25329			6
2024.12.26	12:15:13.788	1.25326	1.25328			6
2024.12.26	12:15:14.097	1.25327	1.25329			6
2024.12.26	12:15:17.176	1.25328	1.25330			6
2024.12.26	12:15:19.342	1.25327	1.25329			6
2024.12.26	12:15:23.656	1.25328	1.25330			6
2024.12.26	12:15:26.111	1.25331	1.25333			6
2024.12.26	12:15:27.342	1.25330	1.25332			6
2024.12.26	12:15:27.646	1.25336	1.25338			6
2024.12.26	12:15:27.953	1.25337	1.25339			6
2024.12.26	12:15:28.260	1.25336				2
2024.12.26	12:15:28.568	1.25339	1.25341			6
2024.12.26	12:15:28.881	1.25340				2
2024.12.26	12:15:29.183	1.25339				2
2024.12.26	12:15:29.798		1.25340			4
2024.12.26	12:15:30.105		1.25341			4
2024.12.26	12:15:30.411	1.25337				2
2024.12.26	12:15:38.078	1.25339	1.25342			6
2024.12.26	12:15:38.384	1.25340				2
2024.12.26	12:15:39.903		1.25343			4
2024.12.26	12:15:40.210	1.25339	1.25342			6
2024.12.26	12:15:40.515	1.25329	1.25333			6
2024.12.26	12:15:41.130		1.25334			4
2024.12.26	12:15:44.498	1.25330	1.25335			6
2024.12.26	12:15:45.714	1.25331				2
2024.12.26	12:15:46.625	1.25332				2
2024.12.26	12:15:47.846	1.25331	1.25334			6
2024.12.26	12:15:51.824	1.25333	1.25336			6
2024.12.26	12:15:52.129	1.25331	1.25334			6
2024.12.26	12:16:00.072	1.25331				2
2024.12.26	12:16:00.379	1.25332	1.25336			6
2024.12.26	12:16:00.685		1.25335			4
2024.12.26	12:16:07.454	1.25335	1.25338			6
2024.12.26	12:16:09.292	1.25332				2
2024.12.26	12:16:09.597	1.25334				2
2024.12.26	12:16:10.201	1.25332				2
2024.12.26	12:16:10.511	1.25335				2
2024.12.26	12:16:11.426	1.25334	1.25337			6
2024.12.26	12:16:12.648	1.25332	1.25336			6
2024.12.26	12:16:12.957	1.25333				2
2024.12.26	12:16:18.477	1.25330				2
2024.12.26	12:16:20.008	1.25332	1.25335			6
2024.12.26	12:16:20.311	1.25333	1.25336			6
2024.12.26	12:16:26.422	1.25331	1.25335			6
2024.12.26	12:16:26.727	1.25329				2
2024.12.26	12:16:27.035	1.25327	1.25333			6
2024.12.26	12:16:27.341	1.25326	1.25332			6
2024.12.26	12:16:27.958	1.25324	1.25328			6
2024.12.26	12:16:28.265	1.25325	1.25329			6
2024.12.26	12:16:29.800	1.25328	1.25334			6
2024.12.26	12:16:33.185		1.25333			4
2024.12.26	12:16:33.498		1.25334			4
2024.12.26	12:16:35.947		1.25333			4
2024.12.26	12:16:36.256	1.25330				2
2024.12.26	12:16:36.562	1.25328	1.25334			6
2024.12.26	12:16:36.864		1.25333			4
2024.12.26	12:16:41.801		1.25334			4
2024.12.26	12:16:44.870		1.25333			4
2024.12.26	12:16:45.181		1.25334			4
2024.12.26	12:16:45.485		1.25333			4
2024.12.26	12:16:46.106		1.25334			4
2024.12.26	12:16:47.333	1.25326	1.25331			6
2024.12.26	12:16:48.260	1.25327	1.25333			6
2024.12.26	12:16:51.957	1.25328				2
2024.12.26	12:16:52.879	1.25327	1.25332			6
2024.12.26	12:16:53.192	1.25328	1.25333			6
2024.12.26	12:17:00.261	1.25328				2
2024.12.26	12:17:08.562	1.25327				2
2024.12.26	12:17:18.976	1.25328	1.25332			6
2024.12.26	12:17:19.279	1.25326	1.25331			6
2024.12.26	12:17:22.964	1.25324	1.25329			6
2024.12.26	12:17:23.893	1.25327	1.25332			6
2024.12.26	12:17:30.340	1.25329	1.25334			6
2024.12.26	12:17:30.656	1.25328				2
2024.12.26	12:17:32.190		1.25333			4
2024.12.26	12:17:32.493		1.25334			4
2024.12.26	12:17:33.113	1.25327	1.25333			6
2024.12.26	12:17:36.317		1.25330			4
2024.12.26	12:17:36.622		1.25332			4
2024.12.26	12:17:39.070		1.25331			4
2024.12.26	12:17:39.379	1.25328				2
2024.12.26	12:17:41.826		1.25332			4
2024.12.26	12:17:54.362		1.25331			4
2024.12.26	12:18:00.176	1.25328				2
2024.12.26	12:18:01.396	1.25323	1.25325			6
2024.12.26	12:18:01.704	1.25321	1.25323			6
2024.12.26	12:18:02.623	1.25322	1.25324			6
2024.12.26	12:18:03.236		1.25326			4
2024.12.26	12:18:03.546		1.25327			4
2024.12.26	12:18:04.160	1.25321	1.25323			6
2024.12.26	12:18:05.385		1.25325			4
2024.12.26	12:18:06.612	1.25320				2
2024.12.26	12:18:11.207	1.25319				2
2024.12.26	12:18:11.511	1.25320	1.25323			6
2024.12.26	12:18:17.117	1.25319	1.25322			6
2024.12.26	12:18:18.653		1.25321			4
2024.12.26	12:18:18.960		1.25322			4
2024.12.26	12:18:20.184	1.25320	1.25323			6
2024.12.26	12:18:41.676		1.25322			4
2024.12.26	12:18:48.127	1.25319				2
2024.12.26	12:18:52.113	1.25320				2
2024.12.26	12:18:52.423		1.25323			4
2024.12.26	12:19:00.093	1.25320				2
2024.12.26	12:19:01.004	1.25321				2
2024.12.26	12:19:01.623	1.25320				2
2024.12.26	12:19:06.213		1.25322			4
2024.12.26	12:19:07.445	1.25323	1.25324			6
2024.12.26	12:19:08.362		1.25325			4
2024.12.26	12:19:10.200		1.25324			4
2024.12.26	12:19:13.879	1.25322				2
2024.12.26	12:19:14.483	1.25323				2
2024.12.26	12:19:15.087		1.25325			4
2024.12.26	12:19:16.306	1.25322	1.25324			6
2024.12.26	12:19:16.609	1.25323	1.25325			6
2024.12.26	12:19:16.920	1.25324				2
2024.12.26	12:19:17.231	1.25322	1.25324			6
2024.12.26	12:19:17.537	1.25323	1.25325			6
2024.12.26	12:19:17.840	1.25322	1.25324			6
2024.12.26	12:19:21.817	1.25323	1.25325			6
2024.12.26	12:19:24.864	1.25326	1.25328			6
2024.12.26	12:19:25.178	1.25324	1.25326			6
2024.12.26	12:19:31.298	1.25327	1.25329			6
2024.12.26	12:19:34.338	1.25326	1.25328			6
2024.12.26	12:19:45.027	1.25327	1.25329			6
2024.12.26	12:19:45.335	1.25328				2
2024.12.26	12:19:46.245	1.25327				2
2024.12.26	12:19:52.350	1.25326	1.25328			6
2024.12.26	12:19:56.327	1.25325	1.25327			6
2024.12.26	12:20:00.291	1.25325				2
2024.12.26	12:20:06.087	1.25326	1.25328			6
2024.12.26	12:20:06.388		1.25327			4
2024.12.26	12:20:06.689		1.25328			4
2024.12.26	12:20:06.994	1.25328	1.25330			6
2024.12.26	12:20:08.835	1.25331	1.25333			6
2024.12.26	12:20:18.000		1.25332			4
2024.12.26	12:20:18.609	1.25330				2
2024.12.26	12:20:29.628	1.25332	1.25334			6
2024.12.26	12:20:29.931		1.25333			4
2024.12.26	12:20:30.232		1.25334			4
2024.12.26	12:20:32.066	1.25331	1.25333			6
2024.12.26	12:20:40.001	1.25330	1.25332			6
2024.12.26	12:20:55.886	1.25326	1.25328			6
2024.12.26	12:20:56.201	1.25327	1.25329			6
2024.12.26	12:21:00.179	1.25327				2
2024.12.26	12:21:02.017	1.25325	1.25327			6
2024.12.26	12:21:08.807		1.25326			4
2024.12.26	12:21:09.423	1.25323	1.25325			6
2024.12.26	12:21:19.622	1.25322	1.25323			6
2024.12.26	12:21:20.240		1.25324			4
2024.12.26	12:21:22.089	1.25323	1.25325			6
2024.12.26	12:21:22.400		1.25324			4
2024.12.26	12:21:23.318		1.25325			4
2024.12.26	12:21:29.187	1.25325	1.25326			6
2024.12.26	12:21:35.043	1.25326	1.25327			6
2024.12.26	12:21:36.583	1.25327	1.25328			6
2024.12.26	12:21:36.886	1.25325	1.25326			6
2024.12.26	12:21:41.509	1.25324	1.25325			6
2024.12.26	12:21:41.817	1.25325	1.25326			6
2024.12.26	12:21:42.126	1.25316	1.25318			6
2024.12.26	12:21:43.058		1.25317			4
2024.12.26	12:21:43.367	1.25315				2
2024.12.26	12:21:44.901		1.25318			4
2024.12.26	12:21:45.204	1.25314	1.25317			6
2024.12.26	12:21:45.826	1.25315	1.25318			6
2024.12.26	12:21:54.469	1.25316				2
2024.12.26	12:21:55.091	1.25317	1.25319			6
2024.12.26	12:21:56.321	1.25316	1.25320			6
2024.12.26	12:21:57.247	1.25317	1.25321			6
2024.12.26	12:21:57.870		1.25320			4
2024.12.26	12:21:59.105	1.25318				2
2024.12.26	12:22:00.029	1.25318				2
2024.12.26	12:22:03.728	1.25319	1.25322			6
2024.12.26	12:22:04.346	1.25322	1.25325			6
2024.12.26	12:22:09.281	1.25326	1.25330			6
2024.12.26	12:22:11.446	1.25325				2
2024.12.26	12:22:20.391	1.25326				2
2024.12.26	12:22:25.020	1.25330	1.25335			6
2024.12.26	12:22:25.325	1.25331	1.25334			6
2024.12.26	12:22:33.651	1.25330				2
2024.12.26	12:22:42.274	1.25331				2
2024.12.26	12:22:50.607		1.25333			4
2024.12.26	12:22:56.142		1.25334			4
2024.12.26	12:22:57.064		1.25333			4
2024.12.26	12:23:00.096	1.25331	1.25334			6
2024.12.26	12:23:06.501	1.25332				2
2024.12.26	12:23:08.340		1.25333			4
2024.12.26	12:23:18.103	1.25331				2
2024.12.26	12:23:19.030	1.25332				2
2024.12.26	12:23:20.566	1.25331				2
2024.12.26	12:23:23.318	1.25332	1.25334			6
2024.12.26	12:23:24.540	1.25331	1.25333			6
2024.12.26	12:23:25.148	1.25332	1.25334			6
2024.12.26	12:23:25.756	1.25331	1.25333			6
2024.12.26	12:23:26.676	1.25332	1.25334			6
2024.12.26	12:23:26.985	1.25331	1.25333			6
2024.12.26	12:23:32.162	1.25326	1.25328			6
2024.12.26	12:23:33.383		1.25329			4
2024.12.26	12:23:36.145		1.25328			4
2024.12.26	12:23:37.977	1.25327	1.25329			6
2024.12.26	12:23:38.278	1.25326	1.25328			6
2024.12.26	12:23:49.880	1.25329	1.25331			6
2024.12.26	12:23:53.869	1.25327	1.25329			6
2024.12.26	12:23:55.391	1.25326	1.25328			6
2024.12.26	12:24:00.294	1.25326				2
2024.12.26	12:24:11.282	1.25325	1.25327			6
2024.12.26	12:24:11.585	1.25324	1.25326			6
2024.12.26	12:24:12.198	1.25325	1.25327			6
2024.12.26	12:24:20.201	1.25323	1.25325			6
2024.12.26	12:24:22.333		1.25324			4
2024.12.26	12:24:22.634	1.25329	1.25330			6
2024.12.26	12:24:22.939	1.25331	1.25333			6
2024.12.26	12:24:23.242	1.25330	1.25334			6
2024.12.26	12:24:23.543	1.25329	1.25332			6
2024.12.26	12:24:23.844	1.25330	1.25333			6
2024.12.26	12:24:25.685	1.25329	1.25332			6
2024.12.26	12:24:25.993	1.25330	1.25333			6
2024.12.26	12:24:27.820		1.25334			4
2024.12.26	12:24:28.127	1.25329	1.25333			6
2024.12.26	12:24:30.272	1.25328	1.25332			6
2024.12.26	12:24:39.754	1.25326	1.25329			6
2024.12.26	12:24:40.061	1.25327	1.25332			6
2024.12.26	12:24:40.367	1.25325	1.25329			6
2024.12.26	12:24:44.364	1.25326				2
2024.12.26	12:24:46.216	1.25325				2
2024.12.26	12:24:46.520	1.25326				2
2024.12.26	12:24:50.522	1.25324	1.25328			6
2024.12.26	12:24:50.830	1.25325				2
2024.12.26	12:24:52.065	1.25324	1.25327			6
2024.12.26	12:24:52.367	1.25322				2
2024.12.26	12:24:53.300	1.25321	1.25324			6
2024.12.26	12:24:56.385	1.25320	1.25322			6
2024.12.26	12:24:56.686	1.25319				2
2024.12.26	12:24:57.002	1.25320	1.25323			6
2024.12.26	12:24:57.924	1.25319	1.25322			6
2024.12.26	12:24:58.848	1.25318	1.25321			6
2024.12.26	12:24:59.162	1.25315	1.25320			6
2024.12.26	12:24:59.468	1.25316				2
2024.12.26	12:25:00.080	1.25316				2
2024.12.26	12:25:01.917	1.25320	1.25324			6
2024.12.26	12:25:06.215		1.25323			4
2024.12.26	12:25:06.831	1.25319				2
2024.12.26	12:25:12.051	1.25317	1.25321			6
2024.12.26	12:25:12.979	1.25320	1.25323			6
2024.12.26	12:25:13.279	1.25319				2
2024.12.26	12:25:16.675	1.25320				2
2024.12.26	12:25:23.454	1.25319				2
2024.12.26	12:25:30.547	1.25320				2
2024.12.26	12:25:35.470		1.25324			4
2024.12.26	12:25:35.776		1.25323			4
2024.12.26	12:25:41.612	1.25319	1.25321			6
2024.12.26	12:25:41.919		1.25323			4
2024.12.26	12:25:43.153	1.25320				2
2024.12.26	12:25:43.460	1.25319	1.25322			6
2024.12.26	12:25:44.382		1.25321			4
2024.12.26	12:25:45.910		1.25322			4
2024.12.26	12:25:46.517		1.25321			4
2024.12.26	12:25:47.436		1.25322			4
2024.12.26	12:25:56.601	1.25320	1.25323			6
2024.12.26	12:25:59.363		1.25322			4
2024.12.26	12:26:00.275	1.25320				2
2024.12.26	12:26:04.253	1.25319	1.25321			6
2024.12.26	12:26:05.787	1.25321	1.25323			6
2024.12.26	12:26:06.092	1.25320	1.25322			6
2024.12.26	12:26:12.816	1.25321	1.25323			6
2024.12.26	12:26:19.243	1.25324	1.25326			6
2024.12.26	12:26:20.152		1.25327			4
2024.12.26	12:26:20.460	1.25323	1.25326			6
2024.12.26	12:26:22.297		1.25325			4
2024.12.26	12:26:23.524	1.25325	1.25327			6
2024.12.26	12:26:23.826	1.25323	1.25325			6
2024.12.26	12:26:33.583	1.25322	1.25323			6
2024.12.26	12:26:35.725		1.25324			4
2024.12.26	12:26:36.029		1.25323			4
2024.12.26	12:26:43.670	1.25321				2
2024.12.26	12:26:47.339		1.25322			4
2024.12.26	12:26:47.647	1.25320				2
2024.12.26	12:27:00.138	1.25320				2
2024.12.26	12:27:02.892	1.25319	1.25321			6
2024.12.26	12:27:04.118	1.25318	1.25320			6
2024.12.26	12:27:05.345	1.25320	1.25322			6
2024.12.26	12:27:06.262	1.25322	1.25324			6
2024.12.26	12:27:10.527	1.25327	1.25328			6
2024.12.26	12:27:12.361	1.25326				2
2024.12.26	12:27:13.287	1.25327	1.25329			6
2024.12.26	12:27:15.727	1.25323	1.25325			6
2024.12.26	12:27:16.342		1.25326			4
2024.12.26	12:27:20.338		1.25325			4
2024.12.26	12:27:28.290	1.25322	1.25324			6
2024.12.26	12:27:30.435	1.25320	1.25322			6
2024.12.26	12:27:32.275	1.25317	1.25318			6
2024.12.26	12:27:32.578	1.25318	1.25320			6
2024.12.26	12:27:51.294	1.25317	1.25319			6
2024.12.26	12:27:51.602	1.25318	1.25320			6
2024.12.26	12:27:55.909	1.25317	1.25319			6
2024.12.26	12:27:58.969	1.25315	1.25317			6
2024.12.26	12:27:59.279	1.25316	1.25318			6
2024.12.26	12:27:59.894	1.25314	1.25316			6
2024.12.26	12:28:00.203	1.25315	1.25317			6
2024.12.26	12:28:01.424	1.25317	1.25318			6
2024.12.26	12:28:01.737	1.25315	1.25317			6
2024.12.26	12:28:07.539	1.25316	1.25318			6
2024.12.26	12:28:08.147	1.25317	1.25319			6
2024.12.26	12:28:12.432	1.25316	1.25318			6
2024.12.26	12:28:22.229	1.25317	1.25319			6
2024.12.26	12:28:22.846	1.25318	1.25320			6
2024.12.26	12:28:28.356	1.25317	1.25319			6
2024.12.26	12:28:29.892		1.25318			4
2024.12.26	12:28:30.505	1.25316				2
2024.12.26	12:28:34.182	1.25317	1.25319			6
2024.12.26	12:28:36.643	1.25318				2
2024.12.26	12:28:36.949	1.25320	1.25321			6
2024.12.26	12:28:37.256	1.25321	1.25323			6
2024.12.26	12:28:37.561	1.25320	1.25322			6
2024.12.26	12:28:42.159	1.25321	1.25323			6
2024.12.26	12:28:59.965	1.25322	1.25324			6
2024.12.26	12:29:00.273	1.25323	1.25325			6
2024.12.26	12:29:31.607	1.25325	1.25327			6
2024.12.26	12:29:32.217	1.25328	1.25330			6
2024.12.26	12:29:32.526	1.25326	1.25328			6
2024.12.26	12:29:35.282	1.25328	1.25330			6
2024.12.26	12:29:44.211	1.25327	1.25329			6
2024.12.26	12:29:45.138	1.25328	1.25330			6
2024.12.26	12:29:50.973	1.25327	1.25329			6
2024.12.26	12:30:00.191	1.25327				2
2024.12.26	12:30:00.804		1.25328			4
2024.12.26	12:30:01.113	1.25323	1.25325			6
2024.12.26	12:30:03.268	1.25324	1.25326			6
2024.12.26	12:30:12.487	1.25323	1.25325			6
2024.12.26	12:30:19.881	1.25324	1.25326			6
2024.12.26	12:30:23.877	1.25321	1.25323			6
2024.12.26	12:30:24.801	1.25320	1.25322			6
2024.12.26	12:30:44.492	1.25323	1.25324			6
2024.12.26	12:30:45.729	1.25322	1.25323			6
2024.12.26	12:30:46.957		1.25324			4
2024.12.26	12:30:47.261	1.25323	1.25325			6
2024.12.26	12:30:47.568	1.25322	1.25324			6
2024.12.26	12:30:48.184	1.25323	1.25325			6
2024.12.26	12:30:48.496	1.25322	1.25324			6
2024.12.26	12:30:50.952	1.25323	1.25325			6
2024.12.26	12:30:51.263	1.25322	1.25324			6
2024.12.26	12:30:54.336	1.25321	1.25323			6
2024.12.26	12:30:58.344	1.25323	1.25324			6
2024.12.26	12:30:58.961		1.25325			4
2024.12.26	12:30:59.266		1.25324			4
2024.12.26	12:30:59.574		1.25325			4
2024.12.26	12:31:00.191	1.25323				2
2024.12.26	12:31:04.197	1.25325	1.25327			6
2024.12.26	12:31:04.501	1.25326	1.25328			6
2024.12.26	12:31:05.120	1.25325	1.25327			6
2024.12.26	12:31:05.423	1.25326	1.25328			6
2024.12.26	12:31:06.964	1.25327	1.25329			6
2024.12.26	12:31:11.581	1.25326	1.25328			6
2024.12.26	12:31:11.887	1.25327	1.25329			6
2024.12.26	12:31:22.072	1.25328	1.25330			6
2024.12.26	12:31:22.376	1.25329	1.25331			6
2024.12.26	12:31:23.304		1.25330			4
2024.12.26	12:31:24.529	1.25328	1.25329			6
2024.12.26	12:31:24.834	1.25327				2
2024.12.26	12:31:30.681	1.25328				2
2024.12.26	12:31:30.987		1.25330			4
2024.12.26	12:31:35.295	1.25327	1.25329			6
2024.12.26	12:31:35.602	1.25328	1.25330			6
2024.12.26	12:31:38.065	1.25327	1.25329			6
2024.12.26	12:31:38.676		1.25328			4
2024.12.26	12:31:38.981	1.25326	1.25327			6
2024.12.26	12:31:42.051	1.25328	1.25330			6
2024.12.26	12:31:47.964	1.25329	1.25331			6
2024.12.26	12:31:48.582	1.25330	1.25332			6
2024.12.26	12:31:52.870	1.25329	1.25331			6
2024.12.26	12:32:00.216	1.25329				2
2024.12.26	12:32:00.521	1.25330	1.25332			6
2024.12.26	12:32:00.826	1.25331	1.25333			6
2024.12.26	12:32:03.276	1.25330	1.25332			6
2024.12.26	12:32:05.112	1.25331	1.25333			6
2024.12.26	12:32:07.558	1.25330	1.25332			6
2024.12.26	12:32:07.861	1.25329	1.25331			6
2024.12.26	12:32:14.318	1.25330	1.25332			6
2024.12.26	12:32:15.243	1.25331	1.25333			6
2024.12.26	12:32:15.549	1.25330	1.25332			6
2024.12.26	12:32:23.219	1.25328	1.25330			6
2024.12.26	12:32:25.365	1.25329	1.25331			6
2024.12.26	12:32:28.142	1.25328	1.25330			6
2024.12.26	12:32:28.451	1.25329	1.25331			6
2024.12.26	12:32:30.606	1.25328	1.25330			6
2024.12.26	12:32:30.921	1.25329	1.25331			6
2024.12.26	12:32:37.987	1.25330	1.25332			6
2024.12.26	12:32:38.904	1.25329	1.25331			6
2024.12.26	12:32:43.281	1.25330	1.25332			6
2024.12.26	12:32:44.506	1.25331	1.25333			6
2024.12.26	12:32:57.737	1.25337	1.25339			6
2024.12.26	12:32:58.663	1.25336	1.25337			6
2024.12.26	12:32:58.971	1.25335				2
2024.12.26	12:32:59.584	1.25333	1.25334			6
2024.12.26	12:32:59.891	1.25328	1.25330			6
2024.12.26	12:33:00.201	1.25328				2
2024.12.26	12:33:01.125		1.25331			4
2024.12.26	12:33:02.051		1.25330			4
2024.12.26	12:33:02.354	1.25325	1.25328			6
2024.12.26	12:33:07.589	1.25329	1.25331			6
2024.12.26	12:33:08.208		1.25332			4
2024.12.26	12:33:14.371		1.25331			4
2024.12.26	12:33:15.901	1.25328				2
2024.12.26	12:33:16.209	1.25329				2
2024.12.26	12:33:17.746	1.25328				2
2024.12.26	12:33:19.590		1.25330			4
2024.12.26	12:33:20.205	1.25329				2
2024.12.26	12:33:21.127	1.25328				2
2024.12.26	12:33:25.131	1.25330	1.25334			6
2024.12.26	12:33:27.277		1.25333			4
2024.12.26	12:33:29.426	1.25335	1.25337			6
2024.12.26	12:33:29.731	1.25334				2
2024.12.26	12:33:34.965	1.25335	1.25338			6
2024.12.26	12:33:37.116	1.25336				2
2024.12.26	12:33:42.002	1.25335				2
2024.12.26	12:33:45.992		1.25340			4
2024.12.26	12:33:46.907	1.25336	1.25338			6
2024.12.26	12:33:53.067	1.25335				2
2024.12.26	12:33:55.229	1.25334	1.25335			6
2024.12.26	12:33:55.534	1.25335	1.25338			6
2024.12.26	12:33:58.921	1.25339	1.25343			6
2024.12.26	12:33:59.223	1.25340				2
2024.12.26	12:34:00.149	1.25340				2
2024.12.26	12:34:02.310	1.25341	1.25344			6
2024.12.26	12:34:04.156	1.25340	1.25343			6
2024.12.26	12:34:04.768	1.25343	1.25345			6
2024.12.26	12:34:05.084		1.25346			4
2024.12.26	12:34:05.696	1.25341	1.25344			6
2024.12.26	12:34:06.002	1.25342	1.25345			6
2024.12.26	12:34:06.618	1.25343	1.25346			6
2024.12.26	12:34:07.232	1.25342	1.25345			6
2024.12.26	12:34:22.007	1.25345	1.25348			6
2024.12.26	12:34:22.318	1.25347	1.25349			6
2024.12.26	12:34:22.619	1.25348				2
2024.12.26	12:34:22.924		1.25350			4
2024.12.26	12:34:23.237		1.25351			4
2024.12.26	12:34:23.855	1.25347	1.25350			6
2024.12.26	12:34:26.006	1.25346	1.25349			6
2024.12.26	12:34:26.317	1.25347	1.25350			6
2024.12.26	12:34:28.466	1.25348	1.25351			6
2024.12.26	12:34:28.775	1.25347	1.25350			6
2024.12.26	12:34:32.164	1.25348	1.25351			6
2024.12.26	12:34:47.547	1.25346	1.25349			6
2024.12.26	12:34:47.855	1.25342	1.25345			6
2024.12.26	12:34:48.473	1.25343	1.25346			6
2024.12.26	12:34:49.696	1.25344	1.25347			6
2024.12.26	12:34:52.163	1.25343	1.25346			6
2024.12.26	12:34:56.157	1.25342	1.25345			6
2024.12.26	12:34:56.772	1.25346	1.25349			6
2024.12.26	12:34:57.080	1.25347				2
2024.12.26	12:34:57.703	1.25346				2
2024.12.26	12:35:00.164	1.25346				2
2024.12.26	12:35:00.474	1.25345	1.25348			6
2024.12.26	12:35:00.783	1.25344	1.25346			6
2024.12.26	12:35:01.396		1.25347			4
2024.12.26	12:35:01.705	1.25342	1.25345			6
2024.12.26	12:35:02.308	1.25343	1.25346			6
2024.12.26	12:35:02.610	1.25344	1.25347			6
2024.12.26	12:35:03.229	1.25345	1.25348			6
2024.12.26	12:35:03.532	1.25346	1.25349			6
2024.12.26	12:35:05.381	1.25345	1.25348			6
2024.12.26	12:35:05.998	1.25346				2
2024.12.26	12:35:08.774	1.25344	1.25347			6
2024.12.26	12:35:12.774	1.25342	1.25345			6
2024.12.26	12:35:18.919	1.25343	1.25346			6
2024.12.26	12:35:20.455	1.25344	1.25347			6
2024.12.26	12:35:20.756	1.25343	1.25346			6
2024.12.26	12:35:27.493	1.25344	1.25347			6
2024.12.26	12:35:42.867	1.25345				2
2024.12.26	12:35:44.715	1.25344				2
2024.12.26	12:35:49.647	1.25343	1.25346			6
2024.12.26	12:35:50.573	1.25342	1.25345			6
2024.12.26	12:35:50.881	1.25343				2
2024.12.26	12:35:51.500		1.25346			4
2024.12.26	12:35:52.724		1.25345			4
2024.12.26	12:35:53.653	1.25344	1.25347			6
2024.12.26	12:35:54.266	1.25346	1.25348			6
2024.12.26	12:35:54.582	1.25345				2
2024.12.26	12:35:57.959	1.25344	1.25347			6
2024.12.26	12:35:58.885	1.25348	1.25351			6
2024.12.26	12:35:59.189	1.25345	1.25347			6
2024.12.26	12:36:00.122	1.25345				2
2024.12.26	12:36:00.735	1.25343	1.25346			6
2024.12.26	12:36:01.047	1.25344	1.25347			6
2024.12.26	12:36:03.807	1.25343	1.25346			6
2024.12.26	12:36:05.646	1.25342	1.25345			6
2024.12.26	12:36:09.336	1.25343	1.25346			6
2024.12.26	12:36:10.257	1.25342	1.25345			6
2024.12.26	12:36:25.635		1.25346			4
2024.12.26	12:36:25.942	1.25339	1.25340			6
2024.12.26	12:36:26.245	1.25336	1.25339			6
2024.12.26	12:36:27.480	1.25335	1.25338			6
2024.12.26	12:36:30.561	1.25334				2
2024.12.26	12:36:31.175	1.25335				2
2024.12.26	12:36:31.485	1.25337	1.25341			6
2024.12.26	12:36:31.796		1.25340			4
2024.12.26	12:36:33.634	1.25338	1.25341			6
2024.12.26	12:36:34.557	1.25339	1.25342			6
2024.12.26	12:36:37.022	1.25338	1.25341			6
2024.12.26	12:36:38.866	1.25339	1.25342			6
2024.12.26	12:36:41.950	1.25337	1.25340			6
2024.12.26	12:36:42.255	1.25338	1.25341			6
2024.12.26	12:36:42.871	1.25339	1.25342			6
2024.12.26	12:36:43.179	1.25338	1.25341			6
2024.12.26	12:36:48.110	1.25337	1.25340			6
2024.12.26	12:36:48.412	1.25338	1.25341			6
2024.12.26	12:36:49.960	1.25339	1.25342			6
2024.12.26	12:36:50.266	1.25338	1.25341			6
2024.12.26	12:36:51.504	1.25337	1.25340			6
2024.12.26	12:36:51.805	1.25338	1.25341			6
2024.12.26	12:36:53.641	1.25337	1.25340			6
2024.12.26	12:36:53.950	1.25338	1.25341			6
2024.12.26	12:36:56.404	1.25337	1.25340			6
2024.12.26	12:36:56.711	1.25338	1.25341			6
2024.12.26	12:36:57.951	1.25337	1.25340			6
2024.12.26	12:36:58.878	1.25338	1.25341			6
2024.12.26	12:37:00.102	1.25338				2
2024.12.26	12:37:01.028	1.25335	1.25338			6
2024.12.26	12:37:08.734	1.25336				2
2024.12.26	12:37:09.044	1.25335				2
2024.12.26	12:37:15.533	1.25334	1.25337			6
2024.12.26	12:37:24.746		1.25338			4
2024.12.26	12:37:25.358		1.25337			4
2024.12.26	12:37:26.894	1.25332				2
2024.12.26	12:37:27.206	1.25336	1.25339			6
2024.12.26	12:37:27.825	1.25335	1.25338			6
2024.12.26	12:37:29.974	1.25339	1.25341			6
2024.12.26	12:37:30.592		1.25342			4
2024.12.26	12:37:38.597	1.25341	1.25344			6
2024.12.26	12:37:42.303	1.25344	1.25347			6
2024.12.26	12:37:42.612	1.25346	1.25349			6
2024.12.26	12:37:43.532	1.25344	1.25348			6
2024.12.26	12:37:43.841	1.25343				2
2024.12.26	12:37:44.153	1.25342				2
2024.12.26	12:37:44.776	1.25336	1.25342			6
2024.12.26	12:37:45.384		1.25339			4
2024.12.26	12:37:46.308	1.25335	1.25338			6
2024.12.26	12:37:46.923	1.25336	1.25339			6
2024.12.26	12:37:58.641	1.25337	1.25340			6
2024.12.26	12:37:58.947	1.25336	1.25339			6
2024.12.26	12:37:59.260	1.25337	1.25340			6
2024.12.26	12:38:00.188	1.25337				2
2024.12.26	12:38:00.493	1.25336	1.25339			6
2024.12.26	12:38:02.038	1.25337	1.25340			6
2024.12.26	12:38:03.581	1.25339	1.25342			6
2024.12.26	12:38:03.884		1.25341			4
2024.12.26	12:38:04.195	1.25338				2
2024.12.26	12:38:25.432	1.25336	1.25339			6
2024.12.26	12:38:27.593	1.25339	1.25342			6
2024.12.26	12:38:27.900	1.25338	1.25341			6
2024.12.26	12:38:29.132	1.25339	1.25342			6
2024.12.26	12:38:30.988	1.25336	1.25339			6
2024.12.26	12:38:31.290	1.25339	1.25342			6
2024.12.26	12:38:31.907	1.25340	1.25343			6
2024.12.26	12:38:33.136	1.25339	1.25342			6
2024.12.26	12:38:33.447	1.25336	1.25339			6
2024.12.26	12:38:33.755	1.25338	1.25341			6
2024.12.26	12:38:39.616	1.25337	1.25340			6
2024.12.26	12:38:41.470	1.25336	1.25339			6
2024.12.26	12:38:53.280	1.25337	1.25340			6
2024.12.26	12:38:55.123	1.25341	1.25343			6
2024.12.26	12:38:56.055	1.25338	1.25342			6
2024.12.26	12:39:00.072	1.25338				2
2024.12.26	12:39:00.688	1.25335	1.25339			6
2024.12.26	12:39:00.999	1.25336				2
2024.12.26	12:39:01.609	1.25338	1.25341			6
2024.12.26	12:39:09.336	1.25339				2
2024.12.26	12:39:09.650	1.25338				2
2024.12.26	12:39:15.468		1.25340			4
2024.12.26	12:39:17.306	1.25339	1.25343			6
2024.12.26	12:39:24.364	1.25338				2
2024.12.26	12:39:26.210	1.25339				2
2024.12.26	12:39:37.560		1.25342			4
2024.12.26	12:39:44.582	1.25340				2
2024.12.26	12:39:46.733		1.25343			4
2024.12.26	12:39:51.030		1.25342			4
2024.12.26	12:39:54.096	1.25341				2
2024.12.26	12:40:00.226	1.25341				2
2024.12.26	12:40:00.527	1.25344	1.25347			6
2024.12.26	12:40:01.141	1.25343				2
2024.12.26	12:40:01.448	1.25342	1.25346			6
2024.12.26	12:40:03.287		1.25345			4
2024.12.26	12:40:03.900	1.25341	1.25343			6
2024.12.26	12:40:05.727	1.25342				2
2024.12.26	12:40:08.776	1.25341				2
2024.12.26	12:40:12.738		1.25342			4
2024.12.26	12:40:15.169	1.25337	1.25341			6
2024.12.26	12:40:15.474	1.25338	1.25342			6
2024.12.26	12:40:21.284	1.25336	1.25340			6
2024.12.26	12:40:21.588	1.25337				2
2024.12.26	12:40:22.195	1.25336	1.25339			6
2024.12.26	12:40:25.256	1.25337				2
2024.12.26	12:40:29.208	1.25338				2
2024.12.26	12:40:29.510	1.25337				2
2024.12.26	12:40:33.495	1.25334	1.25335			6
2024.12.26	12:40:41.489		1.25338			4
2024.12.26	12:40:43.045	1.25335				2
2024.12.26	12:40:47.367	1.25336				2
2024.12.26	12:40:49.495	1.25335				2
2024.12.26	12:40:50.111	1.25336				2
2024.12.26	12:40:57.756	1.25335	1.25337			6
2024.12.26	12:41:00.185	1.25335				2
2024.12.26	12:41:00.499		1.25338			4
2024.12.26	12:41:01.107	1.25333	1.25336			6
2024.12.26	12:41:01.414		1.25335			4
2024.12.26	12:41:03.560	1.25332				2
2024.12.26	12:41:03.865	1.25334				2
2024.12.26	12:41:08.137	1.25336	1.25337			6
2024.12.26	12:41:08.441	1.25335				2
2024.12.26	12:41:09.050	1.25336	1.25338			6
2024.12.26	12:41:11.791	1.25335				2
2024.12.26	12:41:12.097	1.25333	1.25335			6
2024.12.26	12:41:12.400	1.25334	1.25336			6
2024.12.26	12:41:16.968	1.25333	1.25335			6
2024.12.26	12:41:19.103	1.25332	1.25334			6
2024.12.26	12:41:20.629	1.25331	1.25333			6
2024.12.26	12:41:20.937	1.25330				2
2024.12.26	12:41:23.677		1.25332			4
2024.12.26	12:41:23.980	1.25329				2
2024.12.26	12:41:24.283	1.25328	1.25330			6
2024.12.26	12:41:24.596	1.25329	1.25332			6
2024.12.26	12:41:25.204	1.25328	1.25330			6
2024.12.26	12:41:26.431		1.25331			4
2024.12.26	12:41:27.352	1.25329	1.25332			6
2024.12.26	12:41:27.656	1.25328	1.25331			6
2024.12.26	12:41:27.958	1.25329	1.25332			6
2024.12.26	12:41:28.568	1.25328	1.25331			6
2024.12.26	12:41:31.930	1.25329				2
2024.12.26	12:41:32.241		1.25332			4
2024.12.26	12:41:32.546	1.25330	1.25333			6
2024.12.26	12:41:33.150	1.25329	1.25332			6
2024.12.26	12:41:35.283		1.25331			4
2024.12.26	12:41:38.331	1.25328				2
2024.12.26	12:41:43.228	1.25330	1.25333			6
2024.12.26	12:41:50.273		1.25332			4
2024.12.26	12:41:51.498	1.25329	1.25331			6
2024.12.26	12:42:00.055	1.25329				2
2024.12.26	12:42:00.357	1.25328	1.25330			6
2024.12.26	12:42:09.507	1.25326	1.25328			6
2024.12.26	12:42:09.809	1.25327	1.25329			6
2024.12.26	12:42:10.124	1.25326	1.25328			6
2024.12.26	12:42:11.050	1.25325	1.25327			6
2024.12.26	12:42:20.843	1.25327	1.25328			6
2024.12.26	12:42:21.148		1.25329			4
2024.12.26	12:42:29.698	1.25328	1.25330			6
2024.12.26	12:42:30.304	1.25327	1.25329			6
2024.12.26	12:42:35.798	1.25328	1.25330			6
2024.12.26	12:42:36.102	1.25327	1.25329			6
2024.12.26	12:42:42.215	1.25328	1.25330			6
2024.12.26	12:42:47.093	1.25332	1.25333			6
2024.12.26	12:42:48.943	1.25331				2
2024.12.26	12:42:49.557	1.25332				2
2024.12.26	12:42:49.861	1.25331				2
2024.12.26	12:42:58.101		1.25332			4
2024.12.26	12:42:58.403	1.25330				2
2024.12.26	12:43:00.233	1.25330				2
2024.12.26	12:43:08.802	1.25329	1.25331			6
2024.12.26	12:43:14.635	1.25328	1.25330			6
2024.12.26	12:43:16.493	1.25327	1.25329			6
2024.12.26	12:43:18.033	1.25328	1.25330			6
2024.12.26	12:43:20.811	1.25322	1.25324			6
2024.12.26	12:43:21.114	1.25323	1.25326			6
2024.12.26	12:43:21.428	1.25322	1.25325			6
2024.12.26	12:43:24.202	1.25323				2
2024.12.26	12:43:24.521		1.25326			4
2024.12.26	12:43:24.824	1.25322	1.25325			6
2024.12.26	12:43:25.136	1.25323				2
2024.12.26	12:43:25.438	1.25322				2
2024.12.26	12:43:25.752	1.25323	1.25326			6
2024.12.26	12:43:27.906	1.25322	1.25325			6
2024.12.26	12:43:28.221	1.25323				2
2024.12.26	12:43:28.530		1.25326			4
2024.12.26	12:43:31.924		1.25325			4
2024.12.26	12:43:32.853	1.25322	1.25324			6
2024.12.26	12:43:33.163	1.25321				2
2024.12.26	12:43:33.779		1.25323			4
2024.12.26	12:43:34.707		1.25322			4
2024.12.26	12:43:35.010		1.25323			4
2024.12.26	12:43:36.246	1.25320	1.25324			6
2024.12.26	12:43:38.095	1.25321				2
2024.12.26	12:43:38.707	1.25320	1.25323			6
2024.12.26	12:43:41.472	1.25321	1.25324			6
2024.12.26	12:43:46.098	1.25322				2
2024.12.26	12:43:46.403	1.25324	1.25326			6
2024.12.26	12:43:46.706	1.25325	1.25327			6
2024.12.26	12:43:47.334	1.25324				2
2024.12.26	12:43:48.261	1.25325				2
2024.12.26	12:43:50.730	1.25324				2
2024.12.26	12:43:52.260	1.25323	1.25326			6
2024.12.26	12:43:56.583	1.25324				2
2024.12.26	12:44:00.287	1.25324				2
2024.12.26	12:44:02.136	1.25322	1.25324			6
2024.12.26	12:44:04.932	1.25323	1.25325			6
2024.12.26	12:44:07.701	1.25325	1.25326			6
2024.12.26	12:44:08.023	1.25323	1.25325			6
2024.12.26	12:44:10.180	1.25324	1.25326			6
2024.12.26	12:44:12.341	1.25326	1.25329			6
2024.12.26	12:44:12.645		1.25328			4
2024.12.26	12:44:16.353		1.25327			4
2024.12.26	12:44:16.662	1.25325				2
2024.12.26	12:44:33.247	1.25327	1.25329			6
2024.12.26	12:44:33.554	1.25330	1.25332			6
2024.12.26	12:44:34.169	1.25329	1.25333			6
2024.12.26	12:44:35.396	1.25328	1.25332			6
2024.12.26	12:44:41.227	1.25329				2
2024.12.26	12:44:43.387		1.25333			4
2024.12.26	12:44:52.326	1.25330				2
2024.12.26	12:44:58.800	1.25331				2
2024.12.26	12:44:59.103	1.25330				2
2024.12.26	12:45:00.032	1.25330				2
2024.12.26	12:45:00.962	1.25331				2
2024.12.26	12:45:02.191		1.25334			4
2024.12.26	12:45:02.505	1.25332				2
2024.12.26	12:45:04.352	1.25333	1.25336			6
2024.12.26	12:45:04.661	1.25329	1.25332			6
2024.12.26	12:45:04.967	1.25328	1.25331			6
2024.12.26	12:45:06.195	1.25327				2
2024.12.26	12:45:07.427	1.25328	1.25332			6
2024.12.26	12:45:15.448	1.25327	1.25331			6
2024.12.26	12:45:15.759	1.25323	1.25327			6
2024.12.26	12:45:16.067	1.25322	1.25325			6
2024.12.26	12:45:16.377	1.25321				2
2024.12.26	12:45:16.686		1.25324			4
2024.12.26	12:45:24.377	1.25320				2
2024.12.26	12:45:25.300		1.25323			4
2024.12.26	12:45:51.197	1.25321	1.25324			6
2024.12.26	12:45:57.356	1.25320	1.25323			6
2024.12.26	12:45:57.665	1.25321	1.25324			6
2024.12.26	12:46:00.133	1.25321				2
2024.12.26	12:46:01.674		1.25323			4
2024.12.26	12:46:02.600		1.25324			4
2024.12.26	12:46:02.911	1.25320	1.25323			6
2024.12.26	12:46:03.529	1.25314	1.25318			6
2024.12.26	12:46:03.830	1.25313	1.25315			6
2024.12.26	12:46:08.152		1.25314			4
2024.12.26	12:46:08.461		1.25315			4
2024.12.26	12:46:15.565		1.25318			4
2024.12.26	12:46:18.652		1.25317			4
2024.12.26	12:46:19.881	1.25315	1.25319			6
2024.12.26	12:46:20.188		1.25318			4
2024.12.26	12:46:29.741	1.25318	1.25323			6
2024.12.26	12:46:30.045	1.25322	1.25325			6
2024.12.26	12:46:30.963	1.25320	1.25323			6
2024.12.26	12:46:37.123	1.25322	1.25325			6
2024.12.26	12:46:39.582		1.25324			4
2024.12.26	12:46:40.200		1.25325			4
2024.12.26	12:46:44.208	1.25321	1.25324			6
2024.12.26	12:46:48.509	1.25320				2
2024.12.26	12:46:49.126	1.25321				2
2024.12.26	12:47:00.211	1.25321				2
2024.12.26	12:47:13.141	1.25320	1.25321			6
2024.12.26	12:47:13.451	1.25317	1.25323			6
2024.12.26	12:47:13.760		1.25321			4
2024.12.26	12:47:16.210	1.25319	1.25323			6
2024.12.26	12:47:21.434		1.25322			4
2024.12.26	12:47:23.900	1.25318				2
2024.12.26	12:47:25.767	1.25317				2
2024.12.26	12:47:26.382	1.25316				2
2024.12.26	12:47:30.076	1.25317				2
2024.12.26	12:47:35.918		1.25321			4
2024.12.26	12:47:36.226		1.25322			4
2024.12.26	12:47:40.230	1.25316	1.25321			6
2024.12.26	12:47:41.462	1.25317	1.25322			6
2024.12.26	12:47:43.617	1.25318				2
2024.12.26	12:47:48.870	1.25317				2
2024.12.26	12:47:52.570	1.25318	1.25323			6
2024.12.26	12:47:52.881	1.25319	1.25324			6
2024.12.26	12:48:00.082	1.25319				2
2024.12.26	12:48:03.156	1.25318				2
2024.12.26	12:48:13.274	1.25319				2
2024.12.26	12:48:23.354		1.25323			4
2024.12.26	12:48:34.373	1.25320				2
2024.12.26	12:48:40.494	1.25321				2
2024.12.26	12:48:40.799		1.25324			4
2024.12.26	12:48:42.009		1.25323			4
2024.12.26	12:48:53.660	1.25320	1.25321			6
2024.12.26	12:48:53.967	1.25319				2
2024.12.26	12:48:55.196	1.25320	1.25322			6
2024.12.26	12:48:58.873	1.25319	1.25321			6
2024.12.26	12:49:00.101	1.25319				2
2024.12.26	12:49:08.336	1.25318	1.25320			6
2024.12.26	12:49:08.641	1.25319	1.25321			6
2024.12.26	12:49:12.914	1.25317	1.25319			6
2024.12.26	12:49:13.522	1.25318	1.25320			6
2024.12.26	12:49:13.826	1.25317	1.25319			6
2024.12.26	12:49:15.055	1.25318	1.25320			6
2024.12.26	12:49:20.556	1.25321	1.25323			6
2024.12.26	12:49:51.762	1.25320	1.25322			6
2024.12.26	12:49:52.988	1.25321	1.25323			6
2024.12.26	12:50:00.047	1.25321				2
2024.12.26	12:50:00.957	1.25320	1.25322			6
2024.12.26	12:50:09.544	1.25322	1.25324			6
2024.12.26	12:50:10.157	1.25325	1.25327			6
2024.12.26	12:50:10.465	1.25327	1.25329			6
2024.12.26	12:50:11.072	1.25326	1.25328			6
2024.12.26	12:50:11.376		1.25329			4
2024.12.26	12:50:13.214		1.25328			4
2024.12.26	12:50:14.437	1.25327	1.25329			6
2024.12.26	12:50:18.706	1.25326	1.25328			6
2024.12.26	12:50:30.030	1.25327	1.25329			6
2024.12.26	12:50:30.935	1.25326	1.25328			6
2024.12.26	12:50:33.388	1.25324	1.25326			6
2024.12.26	12:50:37.106	1.25322	1.25324			6
2024.12.26	12:50:40.160	1.25324	1.25326			6
2024.12.26	12:50:40.467	1.25326	1.25328			6
2024.12.26	12:50:41.377		1.25329			4
2024.12.26	12:50:46.924	1.25327				2
2024.12.26	12:50:47.843	1.25331	1.25333			6
2024.12.26	12:50:48.146	1.25328				2
2024.12.26	12:50:52.124	1.25329				2
2024.12.26	12:50:53.350	1.25330				2
2024.12.26	12:51:00.102	1.25330				2
2024.12.26	12:51:15.181	1.25331				2
2024.12.26	12:51:18.871	1.25330				2
2024.12.26	12:51:20.106	1.25328	1.25331			6
2024.12.26	12:51:23.180	1.25329	1.25332			6
2024.12.26	12:51:23.482	1.25330				2
2024.12.26	12:51:32.414	1.25329				2
2024.12.26	12:51:43.184		1.25331			4
2024.12.26	12:51:45.620	1.25327	1.25329			6
2024.12.26	12:51:45.931	1.25326	1.25328			6
2024.12.26	12:51:47.766	1.25329	1.25332			6
2024.12.26	12:51:48.380	1.25328				2
2024.12.26	12:51:58.233	1.25329				2
2024.12.26	12:52:00.088	1.25329				2
2024.12.26	12:52:00.398	1.25330	1.25333			6
2024.12.26	12:52:05.016		1.25332			4
2024.12.26	12:52:05.321		1.25333			4
2024.12.26	12:52:18.278		1.25332			4
2024.12.26	12:52:20.431	1.25331	1.25333			6
2024.12.26	12:52:21.345		1.25334			4
2024.12.26	12:52:22.273		1.25333			4
2024.12.26	12:52:24.412	1.25332	1.25334			6
2024.12.26	12:52:24.713	1.25331	1.25333			6
2024.12.26	12:52:27.478	1.25332	1.25334			6
2024.12.26	12:52:27.788	1.25333	1.25335			6
2024.12.26	12:52:37.887	1.25332	1.25334			6
2024.12.26	12:52:38.188	1.25334	1.25336			6
2024.12.26	12:52:38.492	1.25335	1.25337			6
2024.12.26	12:52:39.407	1.25336				2
2024.12.26	12:52:39.712	1.25337	1.25339			6
2024.12.26	12:52:41.853	1.25335	1.25338			6
2024.12.26	12:52:43.385	1.25338	1.25339			6
2024.12.26	12:52:43.692		1.25340			4
2024.12.26	12:52:54.147	1.25337	1.25339			6
2024.12.26	12:53:00.283	1.25337				2
2024.12.26	12:53:10.076	1.25338				2
2024.12.26	12:53:10.388	1.25337				2
2024.12.26	12:53:43.722	1.25333	1.25334			6
2024.12.26	12:53:44.025	1.25332	1.25333			6
2024.12.26	12:53:45.261		1.25334			4
2024.12.26	12:53:49.567	1.25331	1.25332			6
2024.12.26	12:54:00.007	1.25331				2
2024.12.26	12:54:08.020	1.25329				2
2024.12.26	12:54:14.172		1.25331			4
2024.12.26	12:54:40.757		1.25330			4
2024.12.26	12:54:41.064	1.25328				2
2024.12.26	12:54:42.602	1.25327	1.25328			6
2024.12.26	12:54:42.910		1.25329			4
2024.12.26	12:54:43.834	1.25328	1.25330			6
2024.12.26	12:54:58.597	1.25327	1.25329			6
2024.12.26	12:55:00.132	1.25327				2
2024.12.26	12:55:00.437		1.25328			4
2024.12.26	12:55:04.759		1.25329			4
2024.12.26	12:55:18.027		1.25328			4
2024.12.26	12:55:22.357	1.25328	1.25329			6
2024.12.26	12:55:42.908	1.25329	1.25331			6
2024.12.26	12:55:43.219	1.25328	1.25330			6
2024.12.26	12:55:52.413	1.25334	1.25336			6
2024.12.26	12:55:52.720		1.25335			4
2024.12.26	12:55:57.940	1.25333				2
2024.12.26	12:56:00.077	1.25333				2
2024.12.26	12:56:06.513	1.25334				2
2024.12.26	12:56:07.429	1.25333				2
2024.12.26	12:56:34.420	1.25334	1.25336			6
2024.12.26	12:56:35.635	1.25335	1.25337			6
2024.12.26	12:56:36.554	1.25334	1.25335			6
2024.12.26	12:56:39.313	1.25336	1.25337			6
2024.12.26	12:56:39.925	1.25335	1.25336			6
2024.12.26	12:56:41.151		1.25337			4
2024.12.26	12:56:51.879	1.25336				2
2024.12.26	12:56:54.017		1.25338			4
2024.12.26	12:57:00.144	1.25336				2
2024.12.26	12:57:08.704	1.25342	1.25343			6
2024.12.26	12:57:09.012	1.25341	1.25342			6
2024.12.26	12:57:09.930	1.25340				2
2024.12.26	12:57:12.064	1.25337	1.25339			6
2024.12.26	12:57:12.988	1.25338	1.25340			6
2024.12.26	12:57:29.279	1.25337	1.25339			6
2024.12.26	12:57:31.431		1.25338			4
2024.12.26	12:57:31.736	1.25336	1.25337			6
2024.12.26	12:57:32.968	1.25333	1.25334			6
2024.12.26	12:57:48.617	1.25331	1.25333			6
2024.12.26	12:57:54.456	1.25332				2
2024.12.26	12:58:00.290	1.25332				2
2024.12.26	12:58:02.742	1.25333	1.25335			6
2024.12.26	12:58:25.472	1.25335	1.25336			6
2024.12.26	12:58:27.309	1.25334				2
2024.12.26	12:58:27.617	1.25332	1.25334			6
2024.12.26	12:58:31.304	1.25334	1.25335			6
2024.12.26	12:58:44.499	1.25333				2
2024.12.26	12:58:53.103	1.25334				2
2024.12.26	12:58:53.419	1.25333				2
2024.12.26	12:58:57.405	1.25335	1.25336			6
2024.12.26	12:58:57.709	1.25336	1.25337			6
2024.12.26	12:59:00.168	1.25336				2
2024.12.26	12:59:02.003	1.25333	1.25335			6
2024.12.26	12:59:20.985		1.25334			4
2024.12.26	12:59:25.901	1.25332	1.25333			6
2024.12.26	12:59:26.208		1.25334			4
2024.12.26	12:59:30.497		1.25333			4
2024.12.26	12:59:34.470	1.25330	1.25332			6
2024.12.26	12:59:34.777	1.25332	1.25333			6
2024.12.26	12:59:55.594	1.25330	1.25331			6
2024.12.26	12:59:55.904	1.25329	1.25330			6
2024.12.26	12:59:56.518		1.25331			4
2024.12.26	13:00:00.192	1.25330				2
2024.12.26	13:00:00.802	1.25329				2
2024.12.26	13:00:07.224	1.25328	1.25330			6
2024.12.26	13:00:15.184		1.25329			4
2024.12.26	13:00:15.799	1.25324	1.25325			6
2024.12.26	13:00:16.104		1.25326			4
2024.12.26	13:00:18.261		1.25325			4
2024.12.26	13:00:18.877		1.25326			4
2024.12.26	13:00:19.181	1.25325	1.25327			6
2024.12.26	13:00:21.018	1.25326	1.25328			6
2024.12.26	13:00:22.244		1.25327			4
2024.12.26	13:00:22.859	1.25325				2
2024.12.26	13:00:23.475	1.25324	1.25326			6
2024.12.26	13:00:23.775	1.25325	1.25327			6
2024.12.26	13:00:24.385	1.25324	1.25326			6
2024.12.26	13:00:25.312	1.25323	1.25325			6
2024.12.26	13:00:26.841	1.25324	1.25326			6
2024.12.26	13:00:28.392	1.25321	1.25323			6
2024.12.26	13:00:32.390	1.25322	1.25324			6
2024.12.26	13:00:47.125	1.25321	1.25323			6
2024.12.26	13:00:58.815		1.25322			4
2024.12.26	13:01:00.051	1.25321				2
2024.12.26	13:01:02.503		1.25323			4
2024.12.26	13:01:06.514	1.25324	1.25326			6
2024.12.26	13:01:07.126	1.25325	1.25327			6
2024.12.26	13:01:08.357		1.25328			4
2024.12.26	13:01:16.041	1.25324	1.25327			6
2024.12.26	13:01:16.351	1.25325	1.25328			6
2024.12.26	13:01:17.280		1.25327			4
2024.12.26	13:01:27.417	1.25324	1.25326			6
2024.12.26	13:01:27.721		1.25325			4
2024.12.26	13:01:30.193	1.25323	1.25324			6
2024.12.26	13:01:33.259		1.25325			4
2024.12.26	13:01:39.714	1.25325	1.25327			6
2024.12.26	13:01:40.020	1.25324	1.25325			6
2024.12.26	13:01:40.640	1.25323				2
2024.12.26	13:01:40.950		1.25324			4
2024.12.26	13:01:50.795	1.25326	1.25327			6
2024.12.26	13:01:51.103	1.25325				2
2024.12.26	13:01:52.336		1.25328			4
2024.12.26	13:01:52.645	1.25326				2
2024.12.26	13:01:55.717	1.25323	1.25325			6
2024.12.26	13:01:57.862	1.25324	1.25326			6
2024.12.26	13:02:00.023	1.25324				2
2024.12.26	13:02:00.634	1.25327	1.25328			6
2024.12.26	13:02:01.558	1.25326	1.25327			6
2024.12.26	13:02:09.876	1.25324	1.25326			6
2024.12.26	13:02:10.181		1.25327			4
2024.12.26	13:02:16.346	1.25322	1.25323			6
2024.12.26	13:02:34.197		1.25324			4
2024.12.26	13:02:48.390	1.25317	1.25319			6
2024.12.26	13:02:59.772		1.25318			4
2024.12.26	13:03:00.081	1.25317	1.25319			6
2024.12.26	13:03:04.384	1.25318	1.25320			6
2024.12.26	13:03:08.996		1.25321			4
2024.12.26	13:03:09.615		1.25320			4
2024.12.26	13:03:21.287		1.25319			4
2024.12.26	13:03:21.896		1.25320			4
2024.12.26	13:03:24.351		1.25319			4
2024.12.26	13:03:27.417		1.25320			4
2024.12.26	13:03:30.789	1.25320	1.25322			6
2024.12.26	13:03:31.097		1.25321			4
2024.12.26	13:03:40.296		1.25322			4
2024.12.26	13:03:41.219		1.25321			4
2024.12.26	13:03:42.745		1.25322			4
2024.12.26	13:03:45.202		1.25321			4
2024.12.26	13:03:52.858		1.25322			4
2024.12.26	13:03:53.165		1.25321			4
2024.12.26	13:03:55.308	1.25318				2
2024.12.26	13:03:55.917		1.25320			4
2024.12.26	13:03:56.222		1.25321			4
2024.12.26	13:03:58.657		1.25320			4
2024.12.26	13:04:00.200	1.25318				2
2024.12.26	13:04:02.343		1.25319			4
2024.12.26	13:04:23.812	1.25320	1.25321			6
2024.12.26	13:04:25.350		1.25322			4
2024.12.26	13:04:35.162	1.25319	1.25321			6
2024.12.26	13:04:44.646		1.25320			4
2024.12.26	13:04:44.947		1.25321			4
2024.12.26	13:05:00.289	1.25319				2
2024.12.26	13:05:04.251	1.25321	1.25323			6
2024.12.26	13:05:04.558	1.25324	1.25326			6
2024.12.26	13:05:05.172		1.25327			4
2024.12.26	13:05:06.712	1.25322	1.25325			6
2024.12.26	13:05:07.019		1.25324			4
2024.12.26	13:05:17.170	1.25320	1.25323			6
2024.12.26	13:05:32.210		1.25322			4
2024.12.26	13:05:33.140	1.25321	1.25324			6
2024.12.26	13:05:36.840	1.25322	1.25325			6
2024.12.26	13:05:42.091	1.25321	1.25324			6
2024.12.26	13:05:42.399		1.25323			4
2024.12.26	13:05:43.318		1.25324			4
2024.12.26	13:05:48.246		1.25323			4
2024.12.26	13:05:48.547	1.25320				2
2024.12.26	13:05:51.024	1.25319	1.25321			6
2024.12.26	13:05:59.663		1.25320			4
2024.12.26	13:06:00.287	1.25319				2
2024.12.26	13:06:03.057		1.25321			4
2024.12.26	13:06:05.218		1.25320			4
2024.12.26	13:06:07.377	1.25317	1.25318			6
2024.12.26	13:06:07.684	1.25316	1.25317			6
2024.12.26	13:06:08.303		1.25318			4
2024.12.26	13:06:09.536	1.25313	1.25314			6
2024.12.26	13:06:09.841		1.25316			4
2024.12.26	13:06:10.152		1.25315			4
2024.12.26	13:06:11.381	1.25311	1.25314			6
2024.12.26	13:06:12.309	1.25312				2
2024.12.26	13:06:12.618	1.25311				2
2024.12.26	13:06:13.548	1.25313				2
2024.12.26	13:06:16.015	1.25312				2
2024.12.26	13:06:16.318	1.25313				2
2024.12.26	13:06:18.477	1.25312				2
2024.12.26	13:06:26.490	1.25314	1.25316			6
2024.12.26	13:06:28.341	1.25315	1.25317			6
2024.12.26	13:06:34.803		1.25318			4
2024.12.26	13:06:43.133		1.25317			4
2024.12.26	13:06:49.915	1.25316	1.25318			6
2024.12.26	13:06:54.233		1.25317			4
2024.12.26	13:06:58.897	1.25317	1.25319			6
2024.12.26	13:07:00.133	1.25317	1.25318			6
2024.12.26	13:07:05.684		1.25319			4
2024.12.26	13:07:12.770	1.25319	1.25320			6
2024.12.26	13:07:14.923	1.25320	1.25321			6
2024.12.26	13:07:19.838	1.25319				2
2024.12.26	13:07:28.747	1.25320				2
2024.12.26	13:07:29.053		1.25322			4
2024.12.26	13:07:45.602		1.25321			4
2024.12.26	13:07:49.257	1.25321	1.25323			6
2024.12.26	13:07:52.012		1.25322			4
2024.12.26	13:07:52.929		1.25323			4
2024.12.26	13:07:53.235		1.25322			4
2024.12.26	13:07:58.147	1.25320				2
2024.12.26	13:07:58.449		1.25321			4
2024.12.26	13:08:00.286	1.25320				2
2024.12.26	13:08:53.056	1.25319	1.25320			6
2024.12.26	13:08:53.364	1.25318	1.25319			6
2024.12.26	13:08:56.112	1.25319	1.25320			6
2024.12.26	13:09:00.072	1.25319				2
2024.12.26	13:09:00.379	1.25320	1.25321			6
2024.12.26	13:09:02.204		1.25322			4
2024.12.26	13:09:04.652	1.25321				2
2024.12.26	13:09:06.181	1.25324	1.25325			6
2024.12.26	13:09:08.924	1.25322	1.25324			6
2024.12.26	13:09:09.225		1.25323			4
2024.12.26	13:09:19.934	1.25324	1.25325			6
2024.12.26	13:09:29.090	1.25321	1.25323			6
2024.12.26	13:09:33.092		1.25322			4
2024.12.26	13:09:40.106		1.25323			4
2024.12.26	13:09:40.409	1.25323	1.25324			6
2024.12.26	13:09:40.731	1.25322				2
2024.12.26	13:09:41.954		1.25323			4
2024.12.26	13:09:42.575	1.25321	1.25322			6
2024.12.26	13:09:43.184	1.25320				2
2024.12.26	13:09:45.650		1.25321			4
2024.12.26	13:09:48.417	1.25321	1.25322			6
2024.12.26	13:10:00.029	1.25321				2
2024.12.26	13:10:01.556	1.25322	1.25324			6
2024.12.26	13:10:03.096	1.25323				2
2024.12.26	13:10:07.675		1.25325			4
2024.12.26	13:10:07.981	1.25322	1.25324			6
2024.12.26	13:10:10.123		1.25323			4
2024.12.26	13:10:16.244	1.25321	1.25322			6
2024.12.26	13:10:16.556	1.25322	1.25323			6
2024.12.26	13:10:28.494	1.25321				2
2024.12.26	13:10:28.795		1.25322			4
2024.12.26	13:10:29.410	1.25324	1.25325			6
2024.12.26	13:10:30.947	1.25325	1.25326			6
2024.12.26	13:10:31.253	1.25324	1.25325			6
2024.12.26	13:10:34.915	1.25325	1.25326			6
2024.12.26	13:10:46.847	1.25326	1.25328			6
2024.12.26	13:10:47.158		1.25327			4
2024.12.26	13:10:48.996	1.25321	1.25322			6
2024.12.26	13:10:50.231		1.25323			4
2024.12.26	13:11:00.076	1.25321				2
2024.12.26	13:11:05.611	1.25322				2
2024.12.26	13:11:22.813	1.25316	1.25318			6
2024.12.26	13:11:31.427		1.25319			4
2024.12.26	13:11:40.659	1.25317	1.25320			6
2024.12.26	13:11:41.580	1.25316	1.25319			6
2024.12.26	13:11:46.194	1.25317				2
2024.12.26	13:11:52.646		1.25320			4
2024.12.26	13:11:53.566	1.25318				2
2024.12.26	13:11:55.095	1.25314	1.25316			6
2024.12.26	13:11:55.403		1.25317			4
2024.12.26	13:11:55.714	1.25315				2
2024.12.26	13:11:56.330		1.25318			4
2024.12.26	13:12:00.012	1.25315				2
2024.12.26	13:12:00.320		1.25317			4
2024.12.26	13:12:00.633	1.25314				2
2024.12.26	13:12:01.855	1.25311	1.25313			6
2024.12.26	13:12:03.085		1.25314			4
2024.12.26	13:12:04.011	1.25312				2
2024.12.26	13:12:04.628		1.25313			4
2024.12.26	13:12:05.239	1.25311				2
2024.12.26	13:12:05.549	1.25312				2
2024.12.26	13:12:06.159	1.25311	1.25314			6
2024.12.26	13:12:06.466	1.25312				2
2024.12.26	13:12:07.388	1.25311				2
2024.12.26	13:12:08.002	1.25308	1.25311			6
2024.12.26	13:12:08.614	1.25309				2
2024.12.26	13:12:09.230		1.25312			4
2024.12.26	13:12:16.893	1.25308	1.25311			6
2024.12.26	13:12:17.203	1.25304	1.25307			6
2024.12.26	13:12:19.660	1.25305	1.25308			6
2024.12.26	13:12:20.889		1.25307			4
2024.12.26	13:12:21.816	1.25304				2
2024.12.26	13:12:23.038	1.25302	1.25308			6
2024.12.26	13:12:23.342	1.25307	1.25310			6
2024.12.26	13:12:26.101	1.25306	1.25308			6
2024.12.26	13:12:26.719	1.25307	1.25310			6
2024.12.26	13:12:29.794	1.25306	1.25311			6
2024.12.26	13:12:31.944		1.25312			4
2024.12.26	13:12:32.863		1.25311			4
2024.12.26	13:12:33.164		1.25312			4
2024.12.26	13:12:34.386	1.25309	1.25315			6
2024.12.26	13:12:35.929		1.25316			4
2024.12.26	13:12:36.847	1.25311	1.25317			6
2024.12.26	13:12:42.067	1.25310	1.25316			6
2024.12.26	13:12:44.529		1.25315			4
2024.12.26	13:12:56.845		1.25316			4
2024.12.26	13:13:00.229	1.25310				2
2024.12.26	13:13:05.467		1.25315			4
2024.12.26	13:13:07.007	1.25311	1.25316			6
2024.12.26	13:13:14.397	1.25317	1.25321			6
2024.12.26	13:13:17.169	1.25315	1.25319			6
2024.12.26	13:13:20.872		1.25318			4
2024.12.26	13:13:21.179		1.25319			4
2024.12.26	13:13:27.951	1.25314	1.25318			6
2024.12.26	13:13:29.487		1.25319			4
2024.12.26	13:13:31.942	1.25315				2
2024.12.26	13:13:32.872	1.25314	1.25318			6
2024.12.26	13:13:36.572	1.25313				2
2024.12.26	13:13:37.805	1.25314				2
2024.12.26	13:13:40.265	1.25316	1.25321			6
2024.12.26	13:13:41.188		1.25320			4
2024.12.26	13:13:50.438	1.25315	1.25319			6
2024.12.26	13:13:51.359	1.25314				2
2024.12.26	13:13:58.442		1.25318			4
2024.12.26	13:13:58.746		1.25319			4
2024.12.26	13:14:00.288	1.25314				2
2024.12.26	13:14:06.156		1.25318			4
2024.12.26	13:14:07.084		1.25317			4
2024.12.26	13:14:07.387		1.25318			4
2024.12.26	13:14:12.451	1.25315				2
2024.12.26	13:14:15.222		1.25317			4
2024.12.26	13:14:15.840	1.25314				2
2024.12.26	13:14:22.013	1.25312	1.25316			6
2024.12.26	13:14:24.787	1.25311				2
2024.12.26	13:14:25.102	1.25312				2
2024.12.26	13:14:27.874	1.25311				2
2024.12.26	13:14:29.400		1.25315			4
2024.12.26	13:14:29.703		1.25316			4
2024.12.26	13:14:35.561	1.25312				2
2024.12.26	13:14:40.168	1.25311				2
2024.12.26	13:14:48.480	1.25312				2
2024.12.26	13:14:54.322	1.25313				2
2024.12.26	13:14:54.634		1.25317			4
2024.12.26	13:14:56.478	1.25315	1.25318			6
2024.12.26	13:15:00.148	1.25315				2
2024.12.26	13:15:14.305		1.25317			4
2024.12.26	13:15:18.283	1.25311	1.25312			6
2024.12.26	13:15:18.587	1.25304	1.25306			6
2024.12.26	13:15:18.896		1.25307			4
2024.12.26	13:15:19.202	1.25305	1.25308			6
2024.12.26	13:15:43.533	1.25306	1.25309			6
2024.12.26	13:15:45.381	1.25308	1.25310			6
2024.12.26	13:15:48.146		1.25311			4
2024.12.26	13:15:52.161	1.25307	1.25308			6
2024.12.26	13:16:00.171	1.25307				2
2024.12.26	13:16:05.398	1.25306				2
2024.12.26	13:16:12.467	1.25305				2
2024.12.26	13:16:12.772	1.25308	1.25311			6
2024.12.26	13:16:13.084	1.25310	1.25316			6
2024.12.26	13:16:13.698	1.25308				2
2024.12.26	13:16:14.013		1.25314			4
2024.12.26	13:16:14.317	1.25307	1.25312			6
2024.12.26	13:16:18.925	1.25306				2
2024.12.26	13:16:34.012	1.25307	1.25313			6
2024.12.26	13:16:35.860	1.25308	1.25314			6
2024.12.26	13:16:36.779	1.25307				2
2024.12.26	13:16:37.396	1.25308				2
2024.12.26	13:16:37.702	1.25307				2
2024.12.26	13:16:38.326	1.25309	1.25315			6
2024.12.26	13:16:38.634		1.25314			4
2024.12.26	13:16:39.245	1.25308				2
2024.12.26	13:16:39.550	1.25309				2
2024.12.26	13:16:40.480		1.25315			4
2024.12.26	13:16:40.787	1.25314	1.25320			6
2024.12.26	13:16:41.102		1.25318			4
2024.12.26	13:16:41.409	1.25313				2
2024.12.26	13:16:49.387	1.25314				2
2024.12.26	13:16:49.698		1.25317			4
2024.12.26	13:16:52.451		1.25318			4
2024.12.26	13:16:53.062		1.25317			4
2024.12.26	13:16:55.529		1.25318			4
2024.12.26	13:16:56.447	1.25313	1.25317			6
2024.12.26	13:17:00.129	1.25312				2
2024.12.26	13:17:03.822	1.25314				2
2024.12.26	13:17:04.440	1.25311				2
2024.12.26	13:17:04.752	1.25312				2
2024.12.26	13:17:09.994		1.25316			4
2024.12.26	13:17:10.303		1.25317			4
2024.12.26	13:17:10.916		1.25318			4
2024.12.26	13:17:11.221		1.25317			4
2024.12.26	13:17:12.452		1.25318			4
2024.12.26	13:17:13.992		1.25317			4
2024.12.26	13:17:15.224	1.25313	1.25318			6
2024.12.26	13:17:17.379	1.25314				2
2024.12.26	13:17:18.917	1.25313				2
2024.12.26	13:17:19.225	1.25314				2
2024.12.26	13:17:19.530	1.25317	1.25320			6
2024.12.26	13:17:19.837	1.25313	1.25318			6
2024.12.26	13:17:20.146	1.25314				2
2024.12.26	13:17:23.524	1.25315				2
2024.12.26	13:17:37.666		1.25317			4
2024.12.26	13:17:37.976	1.25313	1.25314			6
2024.12.26	13:17:38.898		1.25317			4
2024.12.26	13:17:40.437	1.25314				2
2024.12.26	13:17:40.747		1.25318			4
2024.12.26	13:17:46.580		1.25317			4
2024.12.26	13:17:50.580	1.25315				2
2024.12.26	13:17:50.882		1.25318			4
2024.12.26	13:17:51.497		1.25317			4
2024.12.26	13:17:52.733	1.25314				2
2024.12.26	13:17:59.801	1.25315	1.25318			6
2024.12.26	13:18:00.112	1.25315				2
2024.12.26	13:18:01.030	1.25314	1.25317			6
2024.12.26	13:18:03.186	1.25316	1.25319			6
2024.12.26	13:18:05.348		1.25318			4
2024.12.26	13:18:07.890	1.25314	1.25317			6
2024.12.26	13:18:09.113	1.25316	1.25319			6
2024.12.26	13:18:11.261	1.25315	1.25318			6
2024.12.26	13:18:29.421	1.25317	1.25320			6
2024.12.26	13:18:29.727	1.25318	1.25322			6
2024.12.26	13:18:30.047	1.25317				2
2024.12.26	13:18:30.661	1.25318	1.25321			6
2024.12.26	13:18:30.967	1.25317				2
2024.12.26	13:18:31.273		1.25322			4
2024.12.26	13:18:32.196	1.25320	1.25323			6
2024.12.26	13:18:32.506		1.25324			4
2024.12.26	13:18:40.505	1.25321				2
2024.12.26	13:18:40.813	1.25325	1.25326			6
2024.12.26	13:18:41.115		1.25327			4
2024.12.26	13:18:46.342	1.25323	1.25326			6
2024.12.26	13:18:46.648	1.25322	1.25325			6
2024.12.26	13:18:46.949	1.25320	1.25323			6
2024.12.26	13:18:47.265	1.25322	1.25325			6
2024.12.26	13:18:54.641	1.25321	1.25324			6
2024.12.26	13:18:54.948	1.25322				2
2024.12.26	13:18:55.560	1.25321				2
2024.12.26	13:19:00.187	1.25321				2
2024.12.26	13:19:01.421	1.25322	1.25325			6
2024.12.26	13:19:04.185	1.25318	1.25322			6
2024.12.26	13:19:04.488		1.25320			4
2024.12.26	13:19:04.800		1.25322			4
2024.12.26	13:19:05.107	1.25319	1.25323			6
2024.12.26	13:19:14.357		1.25322			4
2024.12.26	13:19:17.130		1.25323			4
2024.12.26	13:19:38.378		1.25321			4
2024.12.26	13:19:43.926		1.25320			4
2024.12.26	13:19:44.227		1.25321			4
2024.12.26	13:19:50.392	1.25320	1.25322			6
2024.12.26	13:20:00.245	1.25320				2
2024.12.26	13:20:02.078	1.25321	1.25324			6
2024.12.26	13:20:06.968	1.25324	1.25327			6
2024.12.26	13:20:07.891		1.25326			4
2024.12.26	13:20:16.469	1.25325	1.25328			6
2024.12.26	13:20:23.237		1.25327			4
2024.12.26	13:20:25.390	1.25324				2
2024.12.26	13:20:34.650	1.25323	1.25326			6
2024.12.26	13:20:39.884	1.25322	1.25325			6
2024.12.26	13:20:40.510	1.25324	1.25327			6
2024.12.26	13:20:49.143		1.25326			4
2024.12.26	13:20:49.444	1.25323				2
2024.12.26	13:20:58.659	1.25324	1.25327			6
2024.12.26	13:20:58.965	1.25321	1.25329			6
2024.12.26	13:20:59.272	1.25323	1.25328			6
2024.12.26	13:21:00.186	1.25323				2
2024.12.26	13:21:00.496		1.25329			4
2024.12.26	13:21:02.017		1.25328			4
2024.12.26	13:21:04.154		1.25327			4
2024.12.26	13:21:08.132		1.25326			4
2024.12.26	13:21:08.749		1.25328			4
2024.12.26	13:21:13.037	1.25322				2
2024.12.26	13:21:13.343	1.25319	1.25325			6
2024.12.26	13:21:13.648		1.25324			4
2024.12.26	13:21:14.260		1.25325			4
2024.12.26	13:21:16.403		1.25326			4
2024.12.26	13:21:16.715		1.25325			4
2024.12.26	13:21:20.691		1.25326			4
2024.12.26	13:21:21.918		1.25325			4
2024.12.26	13:21:31.131		1.25324			4
2024.12.26	13:21:36.020		1.25325			4
2024.12.26	13:21:37.555	1.25320				2
2024.12.26	13:21:37.862		1.25326			4
2024.12.26	13:21:38.169	1.25322	1.25328			6
2024.12.26	13:21:39.392		1.25329			4
2024.12.26	13:21:42.151	1.25330	1.25335			6
2024.12.26	13:21:42.458	1.25329	1.25334			6
2024.12.26	13:21:42.767	1.25326	1.25332			6
2024.12.26	13:21:44.920	1.25325	1.25331			6
2024.12.26	13:21:45.229	1.25324				2
2024.12.26	13:21:47.994		1.25330			4
2024.12.26	13:21:48.616	1.25325				2
2024.12.26	13:22:00.302	1.25325				2
2024.12.26	13:22:03.070	1.25326	1.25331			6
2024.12.26	13:22:12.311	1.25325	1.25330			6
2024.12.26	13:22:12.925	1.25326				2
2024.12.26	13:22:13.848	1.25327	1.25331			6
2024.12.26	13:22:15.389		1.25332			4
2024.12.26	13:22:20.301		1.25331			4
2024.12.26	13:22:33.856		1.25332			4
2024.12.26	13:22:37.869		1.25331			4
2024.12.26	13:22:49.278	1.25328	1.25333			6
2024.12.26	13:22:52.947	1.25327	1.25330			6
2024.12.26	13:22:56.632		1.25331			4
2024.12.26	13:22:59.417	1.25328				2
2024.12.26	13:23:00.035	1.25328				2
2024.12.26	13:23:00.346		1.25330			4
2024.12.26	13:23:09.483		1.25331			4
2024.12.26	13:23:11.320		1.25330			4
2024.12.26	13:23:11.625		1.25331			4
2024.12.26	13:23:12.549		1.25330			4
2024.12.26	13:23:17.739		1.25329			4
2024.12.26	13:23:18.047		1.25330			4
2024.12.26	13:23:25.380		1.25329			4
2024.12.26	13:23:33.612	1.25327				2
2024.12.26	13:23:34.221		1.25328			4
2024.12.26	13:23:44.303	1.25323	1.25326			6
2024.12.26	13:23:44.615	1.25322	1.25325			6
2024.12.26	13:23:45.221	1.25312	1.25316			6
2024.12.26	13:23:45.523	1.25315	1.25318			6
2024.12.26	13:23:48.607	1.25316	1.25319			6
2024.12.26	13:23:48.921	1.25315	1.25318			6
2024.12.26	13:23:52.610	1.25316	1.25320			6
2024.12.26	13:23:54.146	1.25312	1.25318			6
2024.12.26	13:23:54.449	1.25311	1.25315			6
2024.12.26	13:24:00.290	1.25311				2
2024.12.26	13:24:00.909	1.25312				2
2024.12.26	13:24:02.755	1.25313				2
2024.12.26	13:24:03.057	1.25311	1.25314			6
2024.12.26	13:24:04.603	1.25312				2
2024.12.26	13:24:05.834	1.25311	1.25315			6
2024.12.26	13:24:08.293		1.25314			4
2024.12.26	13:24:13.512	1.25312	1.25315			6
2024.12.26	13:24:16.897	1.25311	1.25314			6
2024.12.26	13:24:17.515		1.25315			4
2024.12.26	13:24:18.741	1.25312	1.25317			6
2024.12.26	13:24:19.361		1.25315			4
2024.12.26	13:24:19.662		1.25317			4
2024.12.26	13:24:19.970		1.25316			4
2024.12.26	13:24:20.580	1.25313	1.25318			6
2024.12.26	13:24:21.805	1.25314				2
2024.12.26	13:24:23.045		1.25317			4
2024.12.26	13:24:30.130	1.25312	1.25315			6
2024.12.26	13:24:30.436		1.25314			4
2024.12.26	13:24:31.363		1.25315			4
2024.12.26	13:25:00.183	1.25312				2
2024.12.26	13:25:00.486		1.25317			4
2024.12.26	13:25:00.788	1.25314				2
2024.12.26	13:25:01.408	1.25315	1.25318			6
2024.12.26	13:25:04.473	1.25316	1.25319			6
2024.12.26	13:25:04.781	1.25314	1.25317			6
2024.12.26	13:25:05.089	1.25315	1.25318			6
2024.12.26	13:25:06.010	1.25316	1.25319			6
2024.12.26	13:25:07.246	1.25315	1.25318			6
2024.12.26	13:25:09.082	1.25314	1.25317			6
2024.12.26	13:25:31.792	1.25315	1.25318			6
2024.12.26	13:25:34.564	1.25317	1.25319			6
2024.12.26	13:25:34.878	1.25316				2
2024.12.26	13:25:35.495	1.25318	1.25321			6
2024.12.26	13:25:35.806	1.25317	1.25320			6
2024.12.26	13:25:47.816	1.25318	1.25321			6
2024.12.26	13:25:54.283	1.25313	1.25317			6
2024.12.26	13:25:54.586	1.25312				2
2024.12.26	13:25:56.124	1.25311				2
2024.12.26	13:25:56.740	1.25310	1.25315			6
2024.12.26	13:26:00.115	1.25310				2
2024.12.26	13:26:01.342	1.25311	1.25316			6
2024.12.26	13:26:01.951	1.25312	1.25317			6
2024.12.26	13:26:04.718	1.25310	1.25315			6
2024.12.26	13:26:05.024	1.25311				2
2024.12.26	13:26:11.767		1.25316			4
2024.12.26	13:26:12.074	1.25314	1.25317			6
2024.12.26	13:26:20.968	1.25315	1.25318			6
2024.12.26	13:26:25.898	1.25317	1.25320			6
2024.12.26	13:26:26.201	1.25322	1.25325			6
2024.12.26	13:26:26.511	1.25321	1.25324			6
2024.12.26	13:26:33.579	1.25318	1.25321			6
2024.12.26	13:26:39.421	1.25317	1.25320			6
2024.12.26	13:26:48.953		1.25318			4
2024.12.26	13:26:49.257	1.25318	1.25321			6
2024.12.26	13:26:49.558	1.25319				2
2024.12.26	13:26:52.941		1.25322			4
2024.12.26	13:26:53.251	1.25318	1.25321			6
2024.12.26	13:26:56.639	1.25319	1.25322			6
2024.12.26	13:26:56.943	1.25318	1.25321			6
2024.12.26	13:26:59.404		1.25320			4
2024.12.26	13:27:00.015	1.25318				2
2024.12.26	13:27:00.938	1.25325	1.25327			6
2024.12.26	13:27:01.244		1.25328			4
2024.12.26	13:27:04.650	1.25324	1.25327			6
2024.12.26	13:27:06.498	1.25325	1.25328			6
2024.12.26	13:27:06.804		1.25327			4
2024.12.26	13:27:08.958	1.25321	1.25324			6
2024.12.26	13:27:12.024	1.25322				2
2024.12.26	13:27:12.333	1.25321				2
2024.12.26	13:27:15.405	1.25323	1.25327			6
2024.12.26	13:27:16.327	1.25322	1.25325			6
2024.12.26	13:27:17.563	1.25323				2
2024.12.26	13:27:19.401	1.25322				2
2024.12.26	13:27:20.933	1.25321				2
2024.12.26	13:27:21.859	1.25322				2
2024.12.26	13:27:22.780	1.25323	1.25327			6
2024.12.26	13:27:23.084	1.25325	1.25328			6
2024.12.26	13:27:25.544	1.25321	1.25325			6
2024.12.26	13:27:28.006	1.25322				2
2024.12.26	13:27:36.587	1.25321				2
2024.12.26	13:27:37.198	1.25323	1.25326			6
2024.12.26	13:27:42.411	1.25324	1.25327			6
2024.12.26	13:27:45.775	1.25323	1.25326			6
2024.12.26	13:27:46.700	1.25322	1.25325			6
2024.12.26	13:27:53.773	1.25321	1.25324			6
2024.12.26	13:27:54.394	1.25322				2
2024.12.26	13:27:57.467		1.25325			4
2024.12.26	13:28:00.240	1.25322				2
2024.12.26	13:28:03.321		1.25324			4
2024.12.26	13:28:09.796	1.25318	1.25320			6
2024.12.26	13:28:12.572		1.25319			4
2024.12.26	13:28:13.498	1.25317				2
2024.12.26	13:28:15.959	1.25318				2
2024.12.26	13:28:28.296		1.25320			4
2024.12.26	13:28:31.373	1.25316	1.25317			6
2024.12.26	13:28:31.677	1.25315	1.25316			6
2024.12.26	13:28:35.067		1.25317			4
2024.12.26	13:28:49.230	1.25313	1.25316			6
2024.12.26	13:28:50.461		1.25315			4
2024.12.26	13:28:51.685	1.25312				2
2024.12.26	13:28:51.990	1.25311	1.25314			6
2024.12.26	13:28:53.537	1.25312	1.25315			6
2024.12.26	13:28:55.074	1.25309	1.25310			6
2024.12.26	13:28:56.302	1.25307	1.25309			6
2024.12.26	13:28:58.764	1.25309	1.25311			6
2024.12.26	13:28:59.067	1.25308	1.25310			6
2024.12.26	13:29:00.000	1.25308				2
2024.12.26	13:29:04.614		1.25311			4
2024.12.26	13:29:05.843	1.25310				2
2024.12.26	13:29:06.156		1.25312			4
2024.12.26	13:29:06.462		1.25311			4
2024.12.26	13:29:07.693	1.25309				2
2024.12.26	13:29:08.002		1.25312			4
2024.12.26	13:29:09.227		1.25311			4
2024.12.26	13:29:11.389	1.25308				2
2024.12.26	13:29:11.695	1.25307	1.25310			6
2024.12.26	13:29:18.477	1.25308	1.25311			6
2024.12.26	13:29:19.404	1.25307	1.25310			6
2024.12.26	13:29:19.712	1.25308	1.25311			6
2024.12.26	13:29:22.490	1.25307	1.25310			6
2024.12.26	13:29:23.420	1.25308				2
2024.12.26	13:29:23.722	1.25309	1.25312			6
2024.12.26	13:29:24.331	1.25308	1.25311			6
2024.12.26	13:29:37.301	1.25307	1.25310			6
2024.12.26	13:29:37.607	1.25308	1.25311			6
2024.12.26	13:29:39.769	1.25307	1.25310			6
2024.12.26	13:29:40.085	1.25308	1.25311			6
2024.12.26	13:29:44.407	1.25309	1.25312			6
2024.12.26	13:29:44.710	1.25308				2
2024.12.26	13:29:45.339		1.25313			4
2024.12.26	13:29:45.646	1.25309	1.25312			6
2024.12.26	13:29:50.895	1.25308				2
2024.12.26	13:30:00.128	1.25308				2
2024.12.26	13:30:00.437		1.25311			4
2024.12.26	13:30:01.046	1.25307	1.25310			6
2024.12.26	13:30:01.662	1.25308	1.25311			6
2024.12.26	13:30:01.964	1.25315	1.25318			6
2024.12.26	13:30:02.266	1.25314	1.25317			6
2024.12.26	13:30:02.892		1.25318			4
2024.12.26	13:30:03.200		1.25317			4
2024.12.26	13:30:03.513		1.25316			4
2024.12.26	13:30:06.284		1.25317			4
2024.12.26	13:30:10.600		1.25318			4
2024.12.26	13:30:18.618	1.25315	1.25319			6
2024.12.26	13:30:26.013	1.25317				2
2024.12.26	13:30:28.787		1.25320			4
2024.12.26	13:30:29.090	1.25318	1.25322			6
2024.12.26	13:30:52.753	1.25319				2
2024.12.26	13:31:00.156	1.25319				2
2024.12.26	13:31:01.396	1.25322	1.25325			6
2024.12.26	13:31:01.708	1.25323	1.25328			6
2024.12.26	13:31:02.637	1.25324				2
2024.12.26	13:31:04.174	1.25321	1.25324			6
2024.12.26	13:31:05.408		1.25325			4
2024.12.26	13:31:09.100		1.25324			4
2024.12.26	13:31:09.405	1.25316	1.25319			6
2024.12.26	13:31:10.331	1.25317				2
2024.12.26	13:31:13.111		1.25320			4
2024.12.26	13:31:18.659		1.25319			4
2024.12.26	13:31:20.504	1.25316				2
2024.12.26	13:31:29.115		1.25318			4
2024.12.26	13:31:32.489	1.25315	1.25317			6
2024.12.26	13:31:34.641		1.25318			4
2024.12.26	13:31:52.195	1.25317	1.25321			6
2024.12.26	13:31:53.121	1.25318				2
2024.12.26	13:31:53.433	1.25319				2
2024.12.26	13:32:00.195	1.25319				2
2024.12.26	13:32:00.809	1.25316	1.25320			6
2024.12.26	13:32:02.347	1.25318	1.25321			6
2024.12.26	13:32:02.652		1.25322			4
2024.12.26	13:32:03.269		1.25321			4
2024.12.26	13:32:03.569		1.25322			4
2024.12.26	13:32:03.879	1.25316	1.25319			6
2024.12.26	13:32:14.645	1.25318	1.25321			6
2024.12.26	13:32:15.883	1.25317				2
2024.12.26	13:32:20.181	1.25318				2
2024.12.26	13:32:30.916	1.25317	1.25319			6
2024.12.26	13:32:31.224	1.25316	1.25317			6
2024.12.26	13:32:47.902	1.25312	1.25315			6
2024.12.26	13:32:48.219		1.25317			4
2024.12.26	13:32:53.118		1.25316			4
2024.12.26	13:32:54.338		1.25317			4
2024.12.26	13:32:54.647		1.25316			4
2024.12.26	13:33:00.159	1.25312				2
2024.12.26	13:33:02.001	1.25308	1.25310			6
2024.12.26	13:33:02.302		1.25311			4
2024.12.26	13:33:09.338	1.25309				2
2024.12.26	13:33:09.648		1.25313			4
2024.12.26	13:33:09.952		1.25314			4
2024.12.26	13:33:16.062	1.25310	1.25315			6
2024.12.26	13:33:39.969		1.25314			4
2024.12.26	13:33:49.187		1.25315			4
2024.12.26	13:33:56.223		1.25314			4
2024.12.26	13:34:00.179	1.25310				2
2024.12.26	13:34:02.018	1.25309	1.25313			6
2024.12.26	13:34:02.321		1.25312			4
2024.12.26	13:34:07.223	1.25310				2
2024.12.26	13:34:12.125		1.25313			4
2024.12.26	13:34:19.175	1.25309				2
2024.12.26	13:34:19.484	1.25310				2
2024.12.26	13:34:19.790		1.25314			4
2024.12.26	13:34:36.957	1.25309	1.25313			6
2024.12.26	13:34:48.593		1.25314			4
2024.12.26	13:34:49.512		1.25312			4
2024.12.26	13:34:54.426		1.25313			4
2024.12.26	13:34:56.568		1.25310			4
2024.12.26	13:34:57.185		1.25313			4
2024.12.26	13:35:00.240	1.25309				2
2024.12.26	13:35:02.379		1.25312			4
2024.12.26	13:35:05.443	1.25304	1.25309			6
2024.12.26	13:35:05.750		1.25307			4
2024.12.26	13:35:06.362		1.25308			4
2024.12.26	13:35:06.669	1.25306	1.25310			6
2024.12.26	13:35:11.579	1.25305	1.25309			6
2024.12.26	13:35:20.815	1.25306				2
2024.12.26	13:35:21.119		1.25310			4
2024.12.26	13:35:25.108		1.25309			4
2024.12.26	13:35:29.707	1.25305	1.25308			6
2024.12.26	13:35:31.236		1.25309			4
2024.12.26	13:35:36.754		1.25308			4
2024.12.26	13:35:37.066		1.25309			4
2024.12.26	13:35:37.673		1.25308			4
2024.12.26	13:35:41.661	1.25304	1.25307			6
2024.12.26	13:35:55.148		1.25306			4
2024.12.26	13:35:58.536	1.25306	1.25307			6
2024.12.26	13:36:00.069	1.25306				2
2024.12.26	13:36:02.520		1.25308			4
2024.12.26	13:36:04.054		1.25307			4
2024.12.26	13:36:10.484		1.25308			4
2024.12.26	13:36:14.464		1.25307			4
2024.12.26	13:36:15.381		1.25308			4
2024.12.26	13:36:18.145		1.25307			4
2024.12.26	13:36:32.805	1.25305				2
2024.12.26	13:36:36.177		1.25306			4
2024.12.26	13:36:47.163	1.25303	1.25305			6
2024.12.26	13:36:47.467	1.25301	1.25304			6
2024.12.26	13:36:47.778	1.25302	1.25305			6
2024.12.26	13:36:51.142		1.25304			4
2024.12.26	13:36:51.749		1.25303			4
2024.12.26	13:36:52.052	1.25294	1.25296			6
2024.12.26	13:36:52.355	1.25295	1.25297			6
2024.12.26	13:36:53.268		1.25300			4
2024.12.26	13:36:53.884	1.25298	1.25304			6
2024.12.26	13:36:55.431	1.25299				2
2024.12.26	13:37:00.028	1.25299				2
2024.12.26	13:37:08.342	1.25298	1.25305			6
2024.12.26	13:37:08.650	1.25299				2
2024.12.26	13:37:13.872	1.25300				2
2024.12.26	13:37:14.184	1.25305	1.25311			6
2024.12.26	13:37:14.797	1.25302	1.25308			6
2024.12.26	13:37:15.104		1.25309			4
2024.12.26	13:37:28.303	1.25304	1.25310			6
2024.12.26	13:37:29.229		1.25309			4
2024.12.26	13:37:30.765		1.25310			4
2024.12.26	13:37:41.234	1.25305				2
2024.12.26	13:37:42.464	1.25304				2
2024.12.26	13:37:45.232		1.25309			4
2024.12.26	13:37:51.381		1.25308			4
2024.12.26	13:37:57.228		1.25309			4
2024.12.26	13:38:00.302	1.25304				2
2024.12.26	13:38:02.455		1.25308			4
2024.12.26	13:38:02.768	1.25303				2
2024.12.26	13:38:07.072	1.25302	1.25307			6
2024.12.26	13:38:07.382	1.25307	1.25311			6
2024.12.26	13:38:07.684	1.25306	1.25312			6
2024.12.26	13:38:09.841		1.25313			4
2024.12.26	13:38:11.078	1.25310	1.25316			6
2024.12.26	13:38:12.311	1.25309				2
2024.12.26	13:38:16.319	1.25310				2
2024.12.26	13:38:22.474	1.25309				2
2024.12.26	13:38:22.781		1.25315			4
2024.12.26	13:38:26.471	1.25310				2
2024.12.26	13:38:31.072	1.25309				2
2024.12.26	13:38:32.604	1.25310	1.25316			6
2024.12.26	13:38:32.913		1.25317			4
2024.12.26	13:38:39.336		1.25316			4
2024.12.26	13:38:41.467	1.25309	1.25315			6
2024.12.26	13:39:00.150	1.25309				2
2024.12.26	13:39:02.294		1.25314			4
2024.12.26	13:39:13.292	1.25308	1.25312			6
2024.12.26	13:39:13.908		1.25311			4
2024.12.26	13:39:14.826		1.25312			4
2024.12.26	13:39:18.787		1.25313			4
2024.12.26	13:39:30.100		1.25312			4
2024.12.26	13:39:36.535	1.25309				2
2024.12.26	13:39:41.418		1.25311			4
2024.12.26	13:39:41.728	1.25308				2
2024.12.26	13:39:42.644	1.25309	1.25312			6
2024.12.26	13:39:42.951	1.25308	1.25311			6
2024.12.26	13:39:54.290	1.25307	1.25310			6
2024.12.26	13:39:55.508	1.25308	1.25311			6
2024.12.26	13:39:55.812	1.25307	1.25310			6
2024.12.26	13:39:56.417	1.25309	1.25312			6
2024.12.26	13:39:57.336		1.25311			4
2024.12.26	13:39:58.250		1.25312			4
2024.12.26	13:39:59.460	1.25308	1.25311			6
2024.12.26	13:39:59.762	1.25309	1.25312			6
2024.12.26	13:40:00.065	1.25309				2
2024.12.26	13:40:01.297		1.25311			4
2024.12.26	13:40:16.252	1.25311	1.25313			6
2024.12.26	13:40:22.980	1.25310	1.25312			6
2024.12.26	13:40:27.563	1.25311				2
2024.12.26	13:40:28.480		1.25313			4
2024.12.26	13:40:30.916	1.25312	1.25314			6
2024.12.26	13:40:32.449		1.25313			4
2024.12.26	13:40:33.985	1.25311				2
2024.12.26	13:40:34.291	1.25312	1.25314			6
2024.12.26	13:40:37.969	1.25311	1.25313			6
2024.12.26	13:40:38.276	1.25312	1.25314			6
2024.12.26	13:40:38.588	1.25315	1.25316			6
2024.12.26	13:40:41.647	1.25314				2
2024.12.26	13:40:52.055	1.25315				2
2024.12.26	13:40:52.359		1.25317			4
2024.12.26	13:40:56.945	1.25316				2
2024.12.26	13:40:57.258		1.25318			4
2024.12.26	13:40:57.561		1.25317			4
2024.12.26	13:41:00.001	1.25316				2
2024.12.26	13:41:00.614		1.25318			4
2024.12.26	13:41:11.028		1.25317			4
2024.12.26	13:41:27.834		1.25318			4
2024.12.26	13:41:33.642		1.25317			4
2024.12.26	13:41:33.943		1.25318			4
2024.12.26	13:41:48.673	1.25315	1.25317			6
2024.12.26	13:42:00.033	1.25315				2
2024.12.26	13:42:03.089	1.25321	1.25323			6
2024.12.26	13:42:03.395	1.25320	1.25322			6
2024.12.26	13:42:04.312	1.25321				2
2024.12.26	13:42:05.238		1.25323			4
2024.12.26	13:42:07.709	1.25320	1.25322			6
2024.12.26	13:42:08.939		1.25321			4
2024.12.26	13:42:13.912	1.25319				2
2024.12.26	13:42:15.751	1.25321	1.25322			6
2024.12.26	13:42:16.676	1.25322	1.25323			6
2024.12.26	13:42:27.202	1.25320	1.25322			6
2024.12.26	13:42:35.789	1.25321				2
2024.12.26	13:42:41.617		1.25323			4
2024.12.26	13:42:42.232		1.25322			4
2024.12.26	13:42:51.736		1.25323			4
2024.12.26	13:42:52.354		1.25322			4
2024.12.26	13:42:55.747	1.25320				2
2024.12.26	13:43:00.070	1.25320				2
2024.12.26	13:43:01.300	1.25319	1.25321			6
2024.12.26	13:43:09.306	1.25318	1.25320			6
2024.12.26	13:43:09.609	1.25312	1.25314			6
2024.12.26	13:43:10.229		1.25315			4
2024.12.26	13:43:19.091		1.25314			4
2024.12.26	13:43:19.702		1.25315			4
2024.12.26	13:43:20.007	1.25311	1.25314			6
2024.12.26	13:43:20.313	1.25310	1.25312			6
2024.12.26	13:43:23.070		1.25313			4
2024.12.26	13:43:26.741	1.25313	1.25314			6
2024.12.26	13:43:27.048	1.25315	1.25317			6
2024.12.26	13:43:28.269		1.25318			4
2024.12.26	13:43:34.394	1.25313				2
2024.12.26	13:43:34.697		1.25317			4
2024.12.26	13:43:37.144		1.25316			4
2024.12.26	13:43:49.436	1.25314				2
2024.12.26	13:43:50.357	1.25315	1.25317			6
2024.12.26	13:44:00.151	1.25315	1.25316			6
2024.12.26	13:44:03.518	1.25316	1.25317			6
2024.12.26	13:44:03.819	1.25315	1.25316			6
2024.12.26	13:44:05.044		1.25317			4
2024.12.26	13:44:12.389		1.25316			4
2024.12.26	13:44:16.064		1.25317			4
2024.12.26	13:44:16.377		1.25316			4
2024.12.26	13:44:20.048	1.25317	1.25318			6
2024.12.26	13:44:20.962	1.25316				2
2024.12.26	13:44:30.781		1.25317			4
2024.12.26	13:44:37.529	1.25315				2
2024.12.26	13:44:39.669		1.25316			4
2024.12.26	13:44:39.980		1.25317			4
2024.12.26	13:44:49.460	1.25312	1.25313			6
2024.12.26	13:44:50.078	1.25311	1.25312			6
2024.12.26	13:44:50.384		1.25313			4
2024.12.26	13:44:50.993	1.25312	1.25315			6
2024.12.26	13:44:51.303	1.25311	1.25314			6
2024.12.26	13:44:54.700	1.25314	1.25316			6
2024.12.26	13:44:55.002		1.25315			4
2024.12.26	13:44:55.320	1.25313				2
2024.12.26	13:44:56.548		1.25316			4
2024.12.26	13:44:59.627	1.25312	1.25314			6
2024.12.26	13:45:00.245	1.25312				2
2024.12.26	13:45:01.170	1.25313				2
2024.12.26	13:45:02.412	1.25312				2
2024.12.26	13:45:10.101		1.25313			4
2024.12.26	13:45:11.633	1.25313	1.25314			6
2024.12.26	13:45:11.938	1.25314	1.25315			6
2024.12.26	13:45:12.247		1.25316			4
2024.12.26	13:45:13.469		1.25315			4
2024.12.26	13:45:13.776		1.25316			4
2024.12.26	13:45:15.306		1.25315			4
2024.12.26	13:45:19.902	1.25315	1.25316			6
2024.12.26	13:45:20.205		1.25317			4
2024.12.26	13:45:22.361		1.25316			4
2024.12.26	13:45:42.247	1.25314	1.25315			6
2024.12.26	13:45:42.550	1.25313	1.25314			6
2024.12.26	13:45:52.034	1.25312	1.25313			6
2024.12.26	13:45:52.648	1.25308	1.25309			6
2024.12.26	13:45:53.263	1.25309	1.25311			6
2024.12.26	13:45:53.570		1.25312			4
2024.12.26	13:45:55.707		1.25311			4
2024.12.26	13:45:56.019		1.25312			4
2024.12.26	13:45:56.633		1.25311			4
2024.12.26	13:45:58.159	1.25308				2
2024.12.26	13:45:59.377	1.25309				2
2024.12.26	13:45:59.680	1.25308				2
2024.12.26	13:46:00.302	1.25308				2
2024.12.26	13:46:03.049	1.25309				2
2024.12.26	13:46:03.351	1.25308				2
2024.12.26	13:46:05.192	1.25306	1.25308			6
2024.12.26	13:46:05.500		1.25309			4
2024.12.26	13:46:06.420		1.25308			4
2024.12.26	13:46:11.005		1.25307			4
2024.12.26	13:46:29.386	1.25305	1.25306			6
2024.12.26	13:46:31.829	1.25302	1.25303			6
2024.12.26	13:46:32.138	1.25301	1.25302			6
2024.12.26	13:46:33.048	1.25300	1.25301			6
2024.12.26	13:46:33.357	1.25301	1.25304			6
2024.12.26	13:46:34.893		1.25303			4
2024.12.26	13:46:36.121		1.25304			4
2024.12.26	13:46:44.365	1.25302				2
2024.12.26	13:46:44.671		1.25305			4
2024.12.26	13:46:47.432	1.25301				2
2024.12.26	13:46:48.350		1.25304			4
2024.12.26	13:46:50.515		1.25303			4
2024.12.26	13:46:54.509		1.25304			4
2024.12.26	13:46:54.815		1.25303			4
2024.12.26	13:46:56.978		1.25304			4
2024.12.26	13:46:57.280		1.25303			4
2024.12.26	13:46:57.892	1.25298	1.25300			6
2024.12.26	13:46:58.201		1.25299			4
2024.12.26	13:46:58.509		1.25300			4
2024.12.26	13:46:58.821		1.25299			4
2024.12.26	13:46:59.128		1.25300			4
2024.12.26	13:46:59.439		1.25301			4
2024.12.26	13:47:00.052	1.25298				2
2024.12.26	13:47:00.664	1.25299	1.25303			6
2024.12.26	13:47:08.042		1.25302			4
2024.12.26	13:47:12.364		1.25301			4
2024.12.26	13:47:21.920		1.25302			4
2024.12.26	13:47:22.840		1.25301			4
2024.12.26	13:47:26.233		1.25302			4
2024.12.26	13:47:31.165	1.25300	1.25303			6
2024.12.26	13:47:31.794	1.25299	1.25302			6
2024.12.26	13:47:38.261		1.25301			4
2024.12.26	13:47:38.566		1.25302			4
2024.12.26	13:47:39.798		1.25301			4
2024.12.26	13:47:44.728	1.25298				2
2024.12.26	13:47:47.190		1.25300			4
2024.12.26	13:47:47.497		1.25299			4
2024.12.26	13:47:48.728	1.25297				2
2024.12.26	13:47:50.575	1.25298				2
2024.12.26	13:47:50.883		1.25300			4
2024.12.26	13:47:51.192		1.25299			4
2024.12.26	13:47:51.501		1.25300			4
2024.12.26	13:47:52.418		1.25299			4
2024.12.26	13:47:52.728	1.25297				2
2024.12.26	13:47:56.114		1.25298			4
2024.12.26	13:48:00.107	1.25297				2
2024.12.26	13:48:01.330		1.25299			4
2024.12.26	13:48:01.635		1.25298			4
2024.12.26	13:48:05.012		1.25299			4
2024.12.26	13:48:05.321	1.25298	1.25300			6
2024.12.26	13:48:06.237		1.25301			4
2024.12.26	13:48:07.168		1.25300			4
2024.12.26	13:48:24.901	1.25299	1.25301			6
2024.12.26	13:48:25.505	1.25298	1.25300			6
2024.12.26	13:48:27.034	1.25299	1.25301			6
2024.12.26	13:48:30.388	1.25298	1.25300			6
2024.12.26	13:48:46.894	1.25297	1.25299			6
2024.12.26	13:48:47.508	1.25298	1.25300			6
2024.12.26	13:48:49.953	1.25300	1.25302			6
2024.12.26	13:48:50.257	1.25299	1.25301			6
2024.12.26	13:48:52.102	1.25298	1.25300			6
2024.12.26	13:48:55.159		1.25299			4
2024.12.26	13:48:56.686	1.25296	1.25297			6
2024.12.26	13:48:56.989	1.25294	1.25296			6
2024.12.26	13:49:00.055	1.25294				2
2024.12.26	13:49:28.972	1.25293	1.25295			6
2024.12.26	13:49:30.516	1.25294	1.25296			6
2024.12.26	13:49:34.831	1.25300	1.25302			6
2024.12.26	13:49:36.367	1.25299	1.25304			6
2024.12.26	13:49:36.675	1.25300				2
2024.12.26	13:49:36.985	1.25299				2
2024.12.26	13:49:38.214	1.25298				2
2024.12.26	13:49:40.368	1.25299				2
2024.12.26	13:49:43.445	1.25298	1.25303			6
2024.12.26	13:49:44.985	1.25297	1.25302			6
2024.12.26	13:49:45.295		1.25301			4
2024.12.26	13:49:45.602		1.25302			4
2024.12.26	13:49:45.906		1.25301			4
2024.12.26	13:49:46.215		1.25302			4
2024.12.26	13:49:46.523		1.25301			4
2024.12.26	13:49:46.832		1.25302			4
2024.12.26	13:49:54.229		1.25301			4
2024.12.26	13:49:55.760	1.25298	1.25302			6
2024.12.26	13:49:56.376	1.25299	1.25303			6
2024.12.26	13:49:57.301		1.25304			4
2024.12.26	13:49:59.149		1.25303			4
2024.12.26	13:50:00.075	1.25299				2
2024.12.26	13:50:00.693	1.25300	1.25304			6
2024.12.26	13:50:00.995	1.25299	1.25303			6
2024.12.26	13:50:02.233	1.25300	1.25304			6
2024.12.26	13:50:05.300	1.25299	1.25303			6
2024.12.26	13:50:12.074	1.25298	1.25302			6
2024.12.26	13:50:13.312	1.25299				2
2024.12.26	13:50:21.626	1.25300	1.25303			6
2024.12.26	13:50:26.849	1.25299	1.25302			6
2024.12.26	13:50:29.316		1.25301			4
2024.12.26	13:50:30.836	1.25300	1.25302			6
2024.12.26	13:50:33.893	1.25296	1.25298			6
2024.12.26	13:50:34.198	1.25297				2
2024.12.26	13:50:34.507	1.25300	1.25302			6
2024.12.26	13:50:35.118	1.25298	1.25300			6
2024.12.26	13:50:35.423	1.25299	1.25301			6
2024.12.26	13:50:39.101	1.25300	1.25302			6
2024.12.26	13:50:39.413	1.25299	1.25301			6
2024.12.26	13:50:42.164	1.25300	1.25302			6
2024.12.26	13:50:42.773	1.25301	1.25303			6
2024.12.26	13:50:46.440	1.25302	1.25304			6
2024.12.26	13:50:48.284	1.25300	1.25302			6
2024.12.26	13:50:49.198	1.25302	1.25305			6
2024.12.26	13:50:50.415	1.25301	1.25303			6
2024.12.26	13:50:52.588		1.25304			4
2024.12.26	13:50:52.890	1.25303	1.25306			6
2024.12.26	13:50:53.203	1.25302				2
2024.12.26	13:50:58.131		1.25305			4
2024.12.26	13:50:58.439		1.25306			4
2024.12.26	13:50:59.053		1.25305			4
2024.12.26	13:50:59.670	1.25301				2
2024.12.26	13:51:00.285	1.25301				2
2024.12.26	13:51:05.213		1.25304			4
2024.12.26	13:51:08.594		1.25303			4
2024.12.26	13:51:08.904		1.25304			4
2024.12.26	13:51:10.758		1.25305			4
2024.12.26	13:51:11.059		1.25304			4
2024.12.26	13:51:14.763		1.25305			4
2024.12.26	13:51:15.072		1.25304			4
2024.12.26	13:51:17.537		1.25303			4
2024.12.26	13:51:18.461		1.25304			4
2024.12.26	13:51:20.315		1.25303			4
2024.12.26	13:51:21.236		1.25304			4
2024.12.26	13:51:21.550		1.25303			4
2024.12.26	13:51:22.463		1.25304			4
2024.12.26	13:51:22.779	1.25302	1.25303			6
2024.12.26	13:51:23.083		1.25305			4
2024.12.26	13:51:23.704	1.25301	1.25303			6
2024.12.26	13:51:24.012		1.25304			4
2024.12.26	13:51:24.631	1.25302	1.25306			6
2024.12.26	13:51:25.246		1.25305			4
2024.12.26	13:51:26.479		1.25306			4
2024.12.26	13:51:34.790		1.25305			4
2024.12.26	13:51:36.332		1.25304			4
2024.12.26	13:51:40.335	1.25301				2
2024.12.26	13:51:41.564	1.25302				2
2024.12.26	13:51:51.717		1.25305			4
2024.12.26	13:51:52.024	1.25303	1.25306			6
2024.12.26	13:51:52.330	1.25302				2
2024.12.26	13:51:53.248	1.25303				2
2024.12.26	13:52:00.031	1.25303				2
2024.12.26	13:52:06.198		1.25305			4
2024.12.26	13:52:15.637	1.25304				2
2024.12.26	13:52:16.562		1.25306			4
2024.12.26	13:52:20.837	1.25302	1.25304			6
2024.12.26	13:52:24.811	1.25301	1.25303			6
2024.12.26	13:52:25.420	1.25302	1.25304			6
2024.12.26	13:52:29.675	1.25301	1.25303			6
2024.12.26	13:52:31.511	1.25302	1.25304			6
2024.12.26	13:52:33.351	1.25301	1.25303			6
2024.12.26	13:52:46.521	1.25304	1.25306			6
2024.12.26	13:52:49.866		1.25305			4
2024.12.26	13:52:50.172		1.25306			4
2024.12.26	13:52:59.323	1.25303	1.25305			6
2024.12.26	13:53:00.241	1.25302	1.25304			6
2024.12.26	13:53:00.544		1.25303			4
2024.12.26	13:53:03.591	1.25301				2
2024.12.26	13:53:10.312	1.25305	1.25307			6
2024.12.26	13:53:11.222	1.25304	1.25308			6
2024.12.26	13:53:11.838		1.25309			4
2024.12.26	13:53:13.369	1.25305				2
2024.12.26	13:53:18.297	1.25304	1.25308			6
2024.12.26	13:53:27.206	1.25305				2
2024.12.26	13:53:40.147		1.25307			4
2024.12.26	13:53:53.597	1.25313	1.25315			6
2024.12.26	13:53:53.907	1.25317	1.25319			6
2024.12.26	13:53:54.216	1.25316	1.25318			6
2024.12.26	13:53:54.521	1.25317	1.25319			6
2024.12.26	13:53:54.826	1.25316	1.25318			6
2024.12.26	13:53:55.128	1.25315	1.25319			6
2024.12.26	13:53:56.048	1.25316	1.25321			6
2024.12.26	13:53:58.494		1.25318			4
2024.12.26	13:53:59.421	1.25315				2
2024.12.26	13:54:00.031	1.25315				2
2024.12.26	13:54:09.535	1.25312	1.25316			6
2024.12.26	13:54:11.677	1.25310	1.25314			6
2024.12.26	13:54:11.984	1.25311	1.25315			6
2024.12.26	13:54:21.822		1.25317			4
2024.12.26	13:54:22.128		1.25316			4
2024.12.26	13:54:24.584		1.25315			4
2024.12.26	13:54:24.890	1.25309	1.25314			6
2024.12.26	13:54:27.959	1.25307	1.25311			6
2024.12.26	13:54:31.341		1.25313			4
2024.12.26	13:54:31.648		1.25311			4
2024.12.26	13:54:31.955	1.25308	1.25313			6
2024.12.26	13:54:32.263		1.25311			4
2024.12.26	13:54:34.106	1.25307				2
2024.12.26	13:54:39.023	1.25308	1.25312			6
2024.12.26	13:54:46.396	1.25307				2
2024.12.26	13:54:50.091		1.25311			4
2024.12.26	13:54:52.851		1.25312			4
2024.12.26	13:54:53.165		1.25311			4
2024.12.26	13:54:53.466		1.25312			4
2024.12.26	13:54:56.236		1.25311			4
2024.12.26	13:54:57.775		1.25312			4
2024.12.26	13:55:00.241	1.25307				2
2024.12.26	13:55:00.545		1.25313			4
2024.12.26	13:55:08.852	1.25309	1.25314			6
2024.12.26	13:55:09.164		1.25315			4
2024.12.26	13:55:11.632		1.25314			4
2024.12.26	13:55:13.161	1.25308				2
2024.12.26	13:55:14.092		1.25313			4
2024.12.26	13:55:14.397		1.25314			4
2024.12.26	13:55:21.163		1.25313			4
2024.12.26	13:55:23.931		1.25314			4
2024.12.26	13:55:26.693	1.25309				2
2024.12.26	13:55:27.621	1.25308				2
2024.12.26	13:55:31.929	1.25309				2
2024.12.26	13:55:39.011	1.25308				2
2024.12.26	13:55:42.075	1.25310	1.25316			6
2024.12.26	13:55:45.446	1.25308	1.25314			6
2024.12.26	13:55:55.305	1.25309				2
2024.12.26	13:56:00.198	1.25309				2
2024.12.26	13:56:20.396	1.25308	1.25313			6
2024.12.26	13:56:37.226	1.25311	1.25316			6
2024.12.26	13:57:00.203	1.25312				2
2024.12.26	13:57:00.504	1.25315	1.25319			6
2024.12.26	13:57:07.223	1.25312	1.25313			6
2024.12.26	13:57:07.527	1.25306	1.25309			6
2024.12.26	13:57:07.839	1.25307	1.25311			6
2024.12.26	13:57:10.288		1.25310			4
2024.12.26	13:57:11.212		1.25311			4
2024.12.26	13:57:16.416	1.25308				2
2024.12.26	13:57:19.473		1.25312			4
2024.12.26	13:57:19.784		1.25311			4
2024.12.26	13:57:21.005	1.25307				2
2024.12.26	13:57:22.226	1.25308	1.25312			6
2024.12.26	13:57:22.533	1.25307	1.25311			6
2024.12.26	13:57:23.141		1.25310			4
2024.12.26	13:57:32.315	1.25306	1.25308			6
2024.12.26	13:57:33.541		1.25309			4
2024.12.26	13:57:36.621	1.25307	1.25310			6
2024.12.26	13:57:38.468		1.25311			4
2024.12.26	13:57:44.015		1.25312			4
2024.12.26	13:57:52.325		1.25311			4
2024.12.26	13:58:00.029	1.25307				2
2024.12.26	13:58:01.874	1.25308	1.25312			6
2024.12.26	13:58:17.272	1.25307	1.25311			6
2024.12.26	13:58:17.574		1.25312			4
2024.12.26	13:58:17.888	1.25308				2
2024.12.26	13:58:21.598	1.25309				2
2024.12.26	13:58:26.842	1.25310	1.25313			6
2024.12.26	13:58:27.145	1.25309				2
2024.12.26	13:58:44.990	1.25308	1.25311			6
2024.12.26	13:58:47.454		1.25312			4
2024.12.26	13:58:51.466		1.25311			4
2024.12.26	13:58:52.077		1.25312			4
2024.12.26	13:58:53.297	1.25309	1.25314			6
2024.12.26	13:58:58.826		1.25313			4
2024.12.26	13:58:59.127	1.25308	1.25312			6
2024.12.26	13:59:00.047	1.25308				2
2024.12.26	13:59:02.186	1.25309	1.25313			6
2024.12.26	13:59:08.332		1.25312			4
2024.12.26	13:59:12.657		1.25313			4
2024.12.26	13:59:14.208		1.25312			4
2024.12.26	13:59:17.599	1.25308	1.25311			6
2024.12.26	13:59:18.221		1.25312			4
2024.12.26	13:59:35.176		1.25311			4
2024.12.26	13:59:37.952		1.25312			4
2024.12.26	13:59:42.551		1.25311			4
2024.12.26	13:59:47.110		1.25310			4
2024.12.26	13:59:53.240	1.25309	1.25311			6
2024.12.26	13:59:53.543		1.25310			4
2024.12.26	13:59:56.601		1.25312			4
2024.12.26	13:59:57.830	1.25308	1.25311			6
2024.12.26	13:59:58.135		1.25310			4
2024.12.26	13:59:58.438		1.25311			4
2024.12.26	13:59:59.052		1.25310			4
2024.12.26	14:00:00.264	1.25307	1.25309			6
2024.12.26	14:00:00.889	1.25303	1.25306			6
2024.12.26	14:00:01.189	1.25305	1.25309			6
2024.12.26	14:00:03.961	1.25306	1.25310			6
2024.12.26	14:00:07.335	1.25304	1.25308			6
2024.12.26	14:00:07.949	1.25306	1.25309			6
2024.12.26	14:00:13.165	1.25304				2
2024.12.26	14:00:40.821	1.25300	1.25303			6
2024.12.26	14:00:41.125	1.25298	1.25302			6
2024.12.26	14:00:42.060		1.25303			4
2024.12.26	14:00:42.677		1.25302			4
2024.12.26	14:00:46.050	1.25297				2
2024.12.26	14:00:47.277	1.25298				2
2024.12.26	14:00:47.585	1.25297	1.25300			6
2024.12.26	14:00:47.888		1.25301			4
2024.12.26	14:00:49.122	1.25299	1.25304			6
2024.12.26	14:00:50.041	1.25298				2
2024.12.26	14:00:51.273		1.25303			4
2024.12.26	14:00:52.200	1.25297				2
2024.12.26	14:00:53.431	1.25298				2
2024.12.26	14:01:00.196	1.25296	1.25301			6
2024.12.26	14:01:00.502		1.25302			4
2024.12.26	14:01:01.125		1.25303			4
2024.12.26	14:01:07.895	1.25298				2
2024.12.26	14:01:08.201	1.25297				2
2024.12.26	14:01:09.122	1.25298				2
2024.12.26	14:01:11.290	1.25300	1.25306			6
2024.12.26	14:01:14.667	1.25301				2
2024.12.26	14:01:14.971	1.25304	1.25308			6
2024.12.26	14:01:16.508		1.25307			4
2024.12.26	14:01:17.123	1.25302				2
2024.12.26	14:01:17.425	1.25301	1.25306			6
2024.12.26	14:01:20.187		1.25307			4
2024.12.26	14:01:20.495	1.25302				2
2024.12.26	14:01:22.337	1.25303	1.25308			6
2024.12.26	14:01:26.944	1.25302	1.25306			6
2024.12.26	14:01:27.249	1.25301				2
2024.12.26	14:01:28.791		1.25307			4
2024.12.26	14:01:30.016		1.25306			4
2024.12.26	14:01:35.560	1.25303				2
2024.12.26	14:01:35.866	1.25301	1.25305			6
2024.12.26	14:01:36.173		1.25306			4
2024.12.26	14:01:36.484	1.25303	1.25305			6
2024.12.26	14:01:37.413	1.25301	1.25302			6
2024.12.26	14:01:37.717	1.25299	1.25301			6
2024.12.26	14:01:38.031		1.25302			4
2024.12.26	14:01:38.949	1.25301				2
2024.12.26	14:01:39.261	1.25300	1.25301			6
2024.12.26	14:01:39.568	1.25299	1.25302			6
2024.12.26	14:01:40.796	1.25297				2
2024.12.26	14:01:42.028	1.25298				2
2024.12.26	14:01:42.341	1.25297				2
2024.12.26	14:01:43.264	1.25296	1.25300			6
2024.12.26	14:01:43.575		1.25301			4
2024.12.26	14:01:44.180	1.25295	1.25299			6
2024.12.26	14:01:45.103	1.25294				2
2024.12.26	14:01:45.411	1.25295				2
2024.12.26	14:01:45.720	1.25294				2
2024.12.26	14:01:50.940	1.25295				2
2024.12.26	14:01:51.247		1.25300			4
2024.12.26	14:01:54.319	1.25296	1.25301			6
2024.12.26	14:01:54.624		1.25302			4
2024.12.26	14:01:54.928	1.25297				2
2024.12.26	14:01:56.461	1.25295	1.25300			6
2024.12.26	14:01:58.916	1.25294	1.25299			6
2024.12.26	14:02:00.143	1.25294				2
2024.12.26	14:02:01.981	1.25296	1.25301			6
2024.12.26	14:02:06.276	1.25297	1.25302			6
2024.12.26	14:02:09.645	1.25296	1.25301			6
2024.12.26	14:02:09.951	1.25297	1.25302			6
2024.12.26	14:02:10.261	1.25296	1.25301			6
2024.12.26	14:02:10.874	1.25297				2
2024.12.26	14:02:11.492	1.25298	1.25302			6
2024.12.26	14:02:11.798	1.25301	1.25305			6
2024.12.26	14:02:13.949		1.25306			4
2024.12.26	14:02:16.091	1.25299	1.25304			6
2024.12.26	14:02:17.627	1.25301	1.25306			6
2024.12.26	14:02:17.933	1.25300				2
2024.12.26	14:02:18.855	1.25301				2
2024.12.26	14:02:19.470		1.25307			4
2024.12.26	14:02:22.229	1.25302				2
2024.12.26	14:02:24.382	1.25301	1.25306			6
2024.12.26	14:02:24.690	1.25300	1.25305			6
2024.12.26	14:02:28.690	1.25299	1.25304			6
2024.12.26	14:02:29.000	1.25297	1.25301			6
2024.12.26	14:02:30.226	1.25296				2
2024.12.26	14:02:31.455	1.25297				2
2024.12.26	14:02:31.766	1.25296				2
2024.12.26	14:02:32.379	1.25297				2
2024.12.26	14:02:32.688	1.25296				2
2024.12.26	14:02:33.600	1.25297				2
2024.12.26	14:02:33.906		1.25302			4
2024.12.26	14:02:36.971		1.25303			4
2024.12.26	14:02:39.727	1.25296	1.25301			6
2024.12.26	14:02:40.031	1.25297	1.25302			6
2024.12.26	14:02:59.095	1.25296	1.25301			6
2024.12.26	14:02:59.403	1.25297	1.25302			6
2024.12.26	14:03:00.014	1.25297				2
2024.12.26	14:03:12.324	1.25299	1.25303			6
2024.12.26	14:03:12.626	1.25301	1.25304			6
2024.12.26	14:03:12.940		1.25306			4
2024.12.26	14:03:13.244	1.25300	1.25304			6
2024.12.26	14:03:13.554		1.25305			4
2024.12.26	14:03:14.164	1.25298	1.25303			6
2024.12.26	14:03:14.482	1.25297	1.25302			6
2024.12.26	14:03:14.784	1.25296				2
2024.12.26	14:03:16.020	1.25297				2
2024.12.26	14:03:26.184	1.25298				2
2024.12.26	14:03:26.800	1.25297				2
2024.12.26	14:03:27.416		1.25301			4
2024.12.26	14:03:34.472	1.25298				2
2024.12.26	14:03:50.687	1.25299	1.25302			6
2024.12.26	14:03:50.990		1.25301			4
2024.12.26	14:03:51.301	1.25298				2
2024.12.26	14:03:51.607		1.25302			4
2024.12.26	14:03:55.905	1.25297	1.25301			6
2024.12.26	14:03:56.220	1.25298				2
2024.12.26	14:03:57.742	1.25297				2
2024.12.26	14:03:58.042	1.25298				2
2024.12.26	14:04:00.197	1.25298				2
2024.12.26	14:04:00.811		1.25302			4
2024.12.26	14:04:02.347	1.25299				2
2024.12.26	14:04:04.184	1.25298	1.25299			6
2024.12.26	14:04:04.485	1.25295	1.25298			6
2024.12.26	14:04:04.799	1.25297	1.25299			6
2024.12.26	14:04:05.106	1.25296				2
2024.12.26	14:04:07.563	1.25297				2
2024.12.26	14:04:07.868	1.25294	1.25297			6
2024.12.26	14:04:08.483	1.25293	1.25296			6
2024.12.26	14:04:08.788		1.25295			4
2024.12.26	14:04:09.096	1.25292	1.25296			6
2024.12.26	14:04:10.016		1.25293			4
2024.12.26	14:04:10.328	1.25289	1.25291			6
2024.12.26	14:04:11.243		1.25292			4
2024.12.26	14:04:11.548		1.25294			4
2024.12.26	14:04:13.381	1.25292	1.25295			6
2024.12.26	14:04:13.684	1.25291				2
2024.12.26	14:04:14.926		1.25294			4
2024.12.26	14:04:23.826		1.25295			4
2024.12.26	14:04:32.719	1.25289	1.25292			6
2024.12.26	14:04:34.569		1.25291			4
2024.12.26	14:04:34.878	1.25290	1.25292			6
2024.12.26	14:04:35.796		1.25291			4
2024.12.26	14:04:36.104	1.25288	1.25289			6
2024.12.26	14:04:37.337		1.25290			4
2024.12.26	14:04:41.330		1.25289			4
2024.12.26	14:04:41.641	1.25287				2
2024.12.26	14:04:42.256	1.25288				2
2024.12.26	14:04:47.180	1.25286				2
2024.12.26	14:04:47.489		1.25288			4
2024.12.26	14:04:48.111	1.25285				2
2024.12.26	14:04:49.339	1.25287	1.25289			6
2024.12.26	14:04:49.648	1.25285				2
2024.12.26	14:04:50.889	1.25287				2
2024.12.26	14:04:53.966	1.25285				2
2024.12.26	14:04:54.894	1.25283	1.25286			6
2024.12.26	14:04:55.516	1.25282				2
2024.12.26	14:04:55.821	1.25283				2
2024.12.26	14:04:56.433		1.25287			4
2024.12.26	14:04:59.504		1.25286			4
2024.12.26	14:05:00.119	1.25283				2
2024.12.26	14:05:00.432	1.25284	1.25285			6
2024.12.26	14:05:00.736	1.25283	1.25286			6
2024.12.26	14:05:01.350		1.25287			4
2024.12.26	14:05:01.659	1.25285				2
2024.12.26	14:05:02.267	1.25286	1.25289			6
2024.12.26	14:05:03.500		1.25288			4
2024.12.26	14:05:05.371		1.25289			4
2024.12.26	14:05:05.682	1.25285	1.25288			6
2024.12.26	14:05:07.837	1.25284	1.25287			6
2024.12.26	14:05:16.154		1.25286			4
2024.12.26	14:05:19.841	1.25282	1.25283			6
2024.12.26	14:05:20.149	1.25280	1.25282			6
2024.12.26	14:05:20.765		1.25281			4
2024.12.26	14:05:27.523	1.25281	1.25284			6
2024.12.26	14:05:27.831	1.25282				2
2024.12.26	14:05:28.448	1.25285	1.25286			6
2024.12.26	14:05:29.365	1.25284	1.25287			6
2024.12.26	14:05:29.683	1.25286	1.25288			6
2024.12.26	14:05:29.986	1.25288	1.25289			6
2024.12.26	14:05:32.450	1.25286	1.25288			6
2024.12.26	14:05:33.677	1.25287				2
2024.12.26	14:05:34.601	1.25288	1.25289			6
2024.12.26	14:05:34.905		1.25290			4
2024.12.26	14:05:41.054	1.25289				2
2024.12.26	14:05:41.358	1.25290	1.25293			6
2024.12.26	14:05:41.663		1.25291			4
2024.12.26	14:05:41.964		1.25292			4
2024.12.26	14:05:43.819		1.25291			4
2024.12.26	14:05:45.055		1.25292			4
2024.12.26	14:05:45.669		1.25291			4
2024.12.26	14:05:49.052	1.25291	1.25292			6
2024.12.26	14:05:49.976		1.25293			4
2024.12.26	14:05:50.286	1.25290	1.25292			6
2024.12.26	14:05:50.587	1.25291				2
2024.12.26	14:05:58.281		1.25293			4
2024.12.26	14:06:00.133	1.25291				2
2024.12.26	14:06:00.441	1.25289	1.25291			6
2024.12.26	14:06:00.744	1.25290	1.25292			6
2024.12.26	14:06:01.358	1.25289	1.25290			6
2024.12.26	14:06:04.441	1.25290	1.25291			6
2024.12.26	14:06:04.757	1.25285	1.25290			6
2024.12.26	14:06:09.062		1.25289			4
2024.12.26	14:06:13.366		1.25288			4
2024.12.26	14:06:13.987		1.25289			4
2024.12.26	14:06:17.381		1.25288			4
2024.12.26	14:06:17.996		1.25289			4
2024.12.26	14:06:18.615	1.25281	1.25285			6
2024.12.26	14:06:18.923	1.25280	1.25286			6
2024.12.26	14:06:19.530	1.25281				2
2024.12.26	14:06:23.852	1.25282				2
2024.12.26	14:06:24.471	1.25281				2
2024.12.26	14:06:24.773	1.25282				2
2024.12.26	14:06:25.088	1.25281				2
2024.12.26	14:06:25.394	1.25282				2
2024.12.26	14:06:28.155	1.25284	1.25288			6
2024.12.26	14:06:28.465	1.25283				2
2024.12.26	14:06:28.778	1.25284				2
2024.12.26	14:06:30.003		1.25289			4
2024.12.26	14:06:30.309	1.25285				2
2024.12.26	14:06:31.544	1.25284				2
2024.12.26	14:06:32.161	1.25285				2
2024.12.26	14:06:32.774	1.25284	1.25288			6
2024.12.26	14:06:33.075	1.25283	1.25287			6
2024.12.26	14:06:33.398	1.25282				2
2024.12.26	14:06:33.700	1.25281	1.25286			6
2024.12.26	14:06:34.004		1.25287			4
2024.12.26	14:06:35.243		1.25286			4
2024.12.26	14:06:36.477		1.25287			4
2024.12.26	14:06:38.937		1.25286			4
2024.12.26	14:06:39.245	1.25279	1.25285			6
2024.12.26	14:06:41.397		1.25286			4
2024.12.26	14:06:41.708	1.25278	1.25284			6
2024.12.26	14:06:49.420		1.25285			4
2024.12.26	14:06:58.388	1.25279				2
2024.12.26	14:06:59.631	1.25278				2
2024.12.26	14:07:00.241	1.25278				2
2024.12.26	14:07:00.546	1.25277	1.25282			6
2024.12.26	14:07:09.193	1.25278	1.25284			6
2024.12.26	14:07:10.114	1.25281				2
2024.12.26	14:07:10.426		1.25286			4
2024.12.26	14:07:11.662	1.25282	1.25288			6
2024.12.26	14:07:12.893	1.25284	1.25290			6
2024.12.26	14:07:14.429		1.25289			4
2024.12.26	14:07:19.673	1.25282	1.25288			6
2024.12.26	14:07:20.908	1.25283				2
2024.12.26	14:07:23.068	1.25281	1.25287			6
2024.12.26	14:07:26.772	1.25282				2
2024.12.26	14:07:28.922	1.25278	1.25284			6
2024.12.26	14:07:29.530	1.25277				2
2024.12.26	14:07:30.141	1.25276				2
2024.12.26	14:07:33.531		1.25281			4
2024.12.26	14:07:33.841	1.25274	1.25279			6
2024.12.26	14:07:34.765	1.25275	1.25280			6
2024.12.26	14:07:38.763	1.25271	1.25276			6
2024.12.26	14:07:41.224	1.25273	1.25279			6
2024.12.26	14:07:41.531	1.25271	1.25277			6
2024.12.26	14:07:59.708	1.25270	1.25276			6
2024.12.26	14:08:00.021	1.25271				2
2024.12.26	14:08:00.325		1.25277			4
2024.12.26	14:08:01.237	1.25270	1.25276			6
2024.12.26	14:08:05.830	1.25271				2
2024.12.26	14:08:11.358		1.25277			4
2024.12.26	14:08:12.581		1.25276			4
2024.12.26	14:08:13.198		1.25277			4
2024.12.26	14:08:15.336	1.25272	1.25278			6
2024.12.26	14:08:22.692	1.25274	1.25279			6
2024.12.26	14:08:24.230	1.25273				2
2024.12.26	14:08:25.146	1.25274				2
2024.12.26	14:08:46.263	1.25276	1.25282			6
2024.12.26	14:08:48.104	1.25273	1.25279			6
2024.12.26	14:08:48.406	1.25271	1.25277			6
2024.12.26	14:08:49.318		1.25278			4
2024.12.26	14:08:49.926	1.25270	1.25276			6
2024.12.26	14:08:53.620	1.25271	1.25278			6
2024.12.26	14:08:53.923		1.25276			4
2024.12.26	14:09:00.053	1.25271				2
2024.12.26	14:09:05.880	1.25265	1.25271			6
2024.12.26	14:09:09.255	1.25267	1.25273			6
2024.12.26	14:09:11.707	1.25266	1.25271			6
2024.12.26	14:09:12.011		1.25272			4
2024.12.26	14:09:14.768		1.25271			4
2024.12.26	14:09:15.377		1.25272			4
2024.12.26	14:09:15.683	1.25264	1.25268			6
2024.12.26	14:09:16.304		1.25269			4
2024.12.26	14:09:20.893	1.25263				2
2024.12.26	14:09:23.651	1.25264				2
2024.12.26	14:09:24.881	1.25263				2
2024.12.26	14:09:25.186		1.25268			4
2024.12.26	14:09:25.494	1.25261	1.25265			6
2024.12.26	14:09:25.805	1.25260				2
2024.12.26	14:09:26.722		1.25267			4
2024.12.26	14:09:27.033		1.25266			4
2024.12.26	14:09:27.335		1.25267			4
2024.12.26	14:09:27.948		1.25268			4
2024.12.26	14:09:28.569	1.25261	1.25267			6
2024.12.26	14:09:29.489		1.25268			4
2024.12.26	14:09:29.793		1.25267			4
2024.12.26	14:09:30.096		1.25268			4
2024.12.26	14:09:30.403		1.25267			4
2024.12.26	14:09:30.715		1.25268			4
2024.12.26	14:09:31.643		1.25266			4
2024.12.26	14:09:32.868	1.25262	1.25268			6
2024.12.26	14:09:33.176	1.25261	1.25266			6
2024.12.26	14:09:35.954	1.25259	1.25265			6
2024.12.26	14:09:36.265	1.25256	1.25261			6
2024.12.26	14:09:37.809	1.25254	1.25259			6
2024.12.26	14:09:40.275	1.25255	1.25260			6
2024.12.26	14:09:40.582	1.25254	1.25259			6
2024.12.26	14:09:42.429	1.25255	1.25260			6
2024.12.26	14:09:42.736	1.25253	1.25257			6
2024.12.26	14:09:43.045	1.25252				2
2024.12.26	14:09:43.346	1.25251	1.25256			6
2024.12.26	14:09:43.668		1.25257			4
2024.12.26	14:09:44.279	1.25252	1.25258			6
2024.12.26	14:09:45.200	1.25251				2
2024.12.26	14:09:47.665	1.25254	1.25259			6
2024.12.26	14:09:47.971	1.25253	1.25258			6
2024.12.26	14:09:48.897	1.25251				2
2024.12.26	14:09:49.205	1.25253				2
2024.12.26	14:09:49.517	1.25254	1.25259			6
2024.12.26	14:09:51.982		1.25258			4
2024.12.26	14:09:53.215		1.25259			4
2024.12.26	14:09:55.682	1.25253	1.25258			6
2024.12.26	14:09:55.996	1.25254	1.25259			6
2024.12.26	14:09:56.299	1.25252				2
2024.12.26	14:09:56.603		1.25258			4
2024.12.26	14:09:57.532	1.25254	1.25259			6
2024.12.26	14:10:00.297	1.25254				2
2024.12.26	14:10:03.060	1.25251	1.25258			6
2024.12.26	14:10:04.296	1.25252	1.25255			6
2024.12.26	14:10:04.604	1.25250				2
2024.12.26	14:10:04.912	1.25248	1.25253			6
2024.12.26	14:10:05.220	1.25247	1.25250			6
2024.12.26	14:10:05.522	1.25246	1.25253			6
2024.12.26	14:10:08.292	1.25247	1.25254			6
2024.12.26	14:10:10.142		1.25253			4
2024.12.26	14:10:10.445	1.25246	1.25254			6
2024.12.26	14:10:11.670		1.25253			4
2024.12.26	14:10:11.979		1.25254			4
2024.12.26	14:10:12.287		1.25253			4
2024.12.26	14:10:12.898	1.25248	1.25255			6
2024.12.26	14:10:13.827		1.25254			4
2024.12.26	14:10:14.756	1.25247				2
2024.12.26	14:10:15.061	1.25248				2
2024.12.26	14:10:17.521		1.25253			4
2024.12.26	14:10:18.136		1.25254			4
2024.12.26	14:10:18.439		1.25253			4
2024.12.26	14:10:18.742		1.25254			4
2024.12.26	14:10:20.887	1.25247				2
2024.12.26	14:10:22.729		1.25253			4
2024.12.26	14:10:23.038		1.25254			4
2024.12.26	14:10:27.651		1.25253			4
2024.12.26	14:10:28.883	1.25248				2
2024.12.26	14:10:29.198	1.25247				2
2024.12.26	14:10:29.498		1.25254			4
2024.12.26	14:10:32.267		1.25253			4
2024.12.26	14:10:32.885		1.25254			4
2024.12.26	14:10:33.190		1.25253			4
2024.12.26	14:10:33.500	1.25246	1.25252			6
2024.12.26	14:10:33.807		1.25253			4
2024.12.26	14:10:35.971		1.25252			4
2024.12.26	14:10:40.582	1.25250	1.25253			6
2024.12.26	14:10:41.198	1.25246	1.25251			6
2024.12.26	14:10:43.656	1.25243	1.25246			6
2024.12.26	14:10:44.879		1.25247			4
2024.12.26	14:10:45.182	1.25241				2
2024.12.26	14:10:47.644	1.25242	1.25248			6
2024.12.26	14:10:49.791	1.25241				2
2024.12.26	14:10:50.092	1.25242	1.25249			6
2024.12.26	14:10:50.401	1.25243	1.25248			6
2024.12.26	14:10:51.622	1.25245	1.25249			6
2024.12.26	14:10:51.933		1.25250			4
2024.12.26	14:10:52.239	1.25244	1.25249			6
2024.12.26	14:10:53.154	1.25245	1.25250			6
2024.12.26	14:10:56.222	1.25246	1.25251			6
2024.12.26	14:10:58.371	1.25247	1.25252			6
2024.12.26	14:11:00.214	1.25247				2
2024.12.26	14:11:01.747		1.25253			4
2024.12.26	14:11:02.054	1.25249	1.25254			6
2024.12.26	14:11:02.357		1.25253			4
2024.12.26	14:11:02.661	1.25248				2
2024.12.26	14:11:04.198		1.25252			4
2024.12.26	14:11:04.502		1.25253			4
2024.12.26	14:11:05.426	1.25249				2
2024.12.26	14:11:05.736	1.25247				2
2024.12.26	14:11:07.278	1.25248	1.25252			6
2024.12.26	14:11:10.349	1.25249	1.25253			6
2024.12.26	14:11:10.970	1.25248				2
2024.12.26	14:11:11.886	1.25249				2
2024.12.26	14:11:12.192	1.25248	1.25254			6
2024.12.26	14:11:13.421		1.25253			4
2024.12.26	14:11:13.726	1.25247				2
2024.12.26	14:11:15.888	1.25249				2
2024.12.26	14:11:16.194	1.25248	1.25254			6
2024.12.26	14:11:16.501	1.25247	1.25253			6
2024.12.26	14:11:18.961		1.25252			4
2024.12.26	14:11:20.501	1.25248	1.25253			6
2024.12.26	14:11:23.274		1.25252			4
2024.12.26	14:11:24.807	1.25247	1.25251			6
2024.12.26	14:11:26.030		1.25250			4
2024.12.26	14:11:27.857		1.25251			4
2024.12.26	14:11:31.215		1.25250			4
2024.12.26	14:11:31.827		1.25251			4
2024.12.26	14:11:32.133		1.25252			4
2024.12.26	14:11:34.573	1.25246	1.25250			6
2024.12.26	14:11:34.877	1.25241	1.25245			6
2024.12.26	14:11:35.183	1.25242	1.25247			6
2024.12.26	14:11:35.489	1.25241				2
2024.12.26	14:11:35.803	1.25242				2
2024.12.26	14:11:36.421	1.25244	1.25250			6
2024.12.26	14:11:41.358	1.25243	1.25249			6
2024.12.26	14:11:44.738	1.25244	1.25250			6
2024.12.26	14:11:45.049	1.25245	1.25251			6
2024.12.26	14:11:45.353	1.25247				2
2024.12.26	14:11:45.662	1.25246				2
2024.12.26	14:11:45.963	1.25247	1.25252			6
2024.12.26	14:11:53.343		1.25251			4
2024.12.26	14:11:53.960	1.25246				2
2024.12.26	14:11:55.497	1.25243	1.25249			6
2024.12.26	14:11:55.806		1.25248			4
2024.12.26	14:12:00.107	1.25243				2
2024.12.26	14:12:01.336	1.25242				2
2024.12.26	14:12:02.257	1.25244	1.25249			6
2024.12.26	14:12:05.645	1.25246				2
2024.12.26	14:12:05.952		1.25250			4
2024.12.26	14:12:08.415	1.25244				2
2024.12.26	14:12:12.420	1.25245				2
2024.12.26	14:12:13.351		1.25251			4
2024.12.26	14:12:15.813	1.25246				2
2024.12.26	14:12:16.119	1.25245	1.25252			6
2024.12.26	14:12:19.197		1.25250			4
2024.12.26	14:12:22.556	1.25246				2
2024.12.26	14:12:22.869		1.25251			4
2024.12.26	14:12:24.713		1.25250			4
2024.12.26	14:12:25.323	1.25247	1.25251			6
2024.12.26	14:12:25.630	1.25248	1.25253			6
2024.12.26	14:12:26.245		1.25254			4
2024.12.26	14:12:26.857		1.25253			4
2024.12.26	14:12:34.241		1.25252			4
2024.12.26	14:12:44.663	1.25252	1.25257			6
2024.12.26	14:12:44.969	1.25253	1.25258			6
2024.12.26	14:12:45.279	1.25252	1.25260			6
2024.12.26	14:12:45.886	1.25245	1.25252			6
2024.12.26	14:12:46.501	1.25246				2
2024.12.26	14:12:46.807	1.25245				2
2024.12.26	14:12:47.115	1.25246				2
2024.12.26	14:12:47.722	1.25245				2
2024.12.26	14:12:48.028	1.25246				2
2024.12.26	14:12:48.344	1.25245				2
2024.12.26	14:12:48.647	1.25246				2
2024.12.26	14:12:48.954	1.25245				2
2024.12.26	14:12:49.259	1.25246				2
2024.12.26	14:12:49.564	1.25245				2
2024.12.26	14:12:49.867	1.25246				2
2024.12.26	14:12:50.170	1.25245				2
2024.12.26	14:12:50.478	1.25246	1.25253			6
2024.12.26	14:12:50.789	1.25245				2
2024.12.26	14:12:51.094	1.25246				2
2024.12.26	14:12:51.396	1.25245				2
2024.12.26	14:12:52.006	1.25246				2
2024.12.26	14:12:52.309	1.25245				2
2024.12.26	14:12:52.613	1.25246				2
2024.12.26	14:12:52.924	1.25245				2
2024.12.26	14:12:53.227	1.25246				2
2024.12.26	14:12:53.532	1.25245				2
2024.12.26	14:12:53.837	1.25242	1.25250			6
2024.12.26	14:12:57.486		1.25249			4
2024.12.26	14:12:58.705		1.25250			4
2024.12.26	14:12:59.011	1.25241	1.25246			6
2024.12.26	14:12:59.318	1.25240	1.25247			6
2024.12.26	14:12:59.626	1.25241				2
2024.12.26	14:13:00.238	1.25242				2
2024.12.26	14:13:00.542	1.25241				2
2024.12.26	14:13:01.459	1.25240	1.25246			6
2024.12.26	14:13:02.692		1.25245			4
2024.12.26	14:13:04.826	1.25235	1.25242			6
2024.12.26	14:13:05.132		1.25241			4
2024.12.26	14:13:05.437	1.25234	1.25240			6
2024.12.26	14:13:06.350	1.25232	1.25238			6
2024.12.26	14:13:17.141		1.25237			4
2024.12.26	14:13:18.060	1.25226	1.25232			6
2024.12.26	14:13:20.205		1.25228			4
2024.12.26	14:13:20.511	1.25225				2
2024.12.26	14:13:27.236	1.25226				2
2024.12.26	14:13:27.849	1.25224	1.25226			6
2024.12.26	14:13:28.155	1.25223	1.25224			6
2024.12.26	14:13:28.467	1.25220	1.25222			6
2024.12.26	14:13:28.773		1.25221			4
2024.12.26	14:13:29.078	1.25218	1.25220			6
2024.12.26	14:13:30.303	1.25219	1.25222			6
2024.12.26	14:13:30.607	1.25218	1.25223			6
2024.12.26	14:13:31.527		1.25220			4
2024.12.26	14:13:31.836	1.25217	1.25222			6
2024.12.26	14:13:32.139	1.25218	1.25221			6
2024.12.26	14:13:32.445	1.25215	1.25219			6
2024.12.26	14:13:32.748	1.25216				2
2024.12.26	14:13:33.356	1.25217	1.25221			6
2024.12.26	14:13:33.970		1.25219			4
2024.12.26	14:13:34.275	1.25215	1.25217			6
2024.12.26	14:13:35.198	1.25214				2
2024.12.26	14:13:35.804	1.25216	1.25219			6
2024.12.26	14:13:40.409	1.25217	1.25220			6
2024.12.26	14:13:41.950	1.25218				2
2024.12.26	14:13:46.583	1.25216				2
2024.12.26	14:13:47.503	1.25215	1.25218			6
2024.12.26	14:13:48.740	1.25216	1.25217			6
2024.12.26	14:13:49.045	1.25214				2
2024.12.26	14:13:52.429	1.25218	1.25221			6
2024.12.26	14:13:52.733		1.25220			4
2024.12.26	14:13:53.042	1.25216				2
2024.12.26	14:13:56.722		1.25218			4
2024.12.26	14:13:58.257	1.25215				2
2024.12.26	14:13:58.565	1.25214				2
2024.12.26	14:13:59.489	1.25216				2
2024.12.26	14:14:00.104	1.25214				2
2024.12.26	14:14:00.411		1.25216			4
2024.12.26	14:14:00.718	1.25213				2
2024.12.26	14:14:03.479	1.25215	1.25219			6
2024.12.26	14:14:03.781	1.25216	1.25220			6
2024.12.26	14:14:04.093	1.25217				2
2024.12.26	14:14:04.398	1.25216				2
2024.12.26	14:14:04.707		1.25219			4
2024.12.26	14:14:05.329	1.25218	1.25221			6
2024.12.26	14:14:06.248	1.25217				2
2024.12.26	14:14:06.558	1.25216				2
2024.12.26	14:14:06.862		1.25219			4
2024.12.26	14:14:08.705		1.25220			4
2024.12.26	14:14:09.016		1.25219			4
2024.12.26	14:14:16.658	1.25220	1.25224			6
2024.12.26	14:14:19.417	1.25219				2
2024.12.26	14:14:19.722	1.25222	1.25226			6
2024.12.26	14:14:20.030	1.25223				2
2024.12.26	14:14:20.948	1.25222				2
2024.12.26	14:14:21.254	1.25224				2
2024.12.26	14:14:21.557	1.25223				2
2024.12.26	14:14:21.860	1.25221	1.25225			6
2024.12.26	14:14:23.395	1.25220	1.25224			6
2024.12.26	14:14:24.007	1.25221				2
2024.12.26	14:14:24.620	1.25224	1.25226			6
2024.12.26	14:14:25.534	1.25223				2
2024.12.26	14:14:25.842	1.25230	1.25236			6
2024.12.26	14:14:29.515	1.25229	1.25234			6
2024.12.26	14:14:29.823	1.25226	1.25232			6
2024.12.26	14:14:30.124	1.25227				2
2024.12.26	14:14:31.670	1.25230	1.25235			6
2024.12.26	14:14:32.898	1.25229				2
2024.12.26	14:14:33.208	1.25226	1.25232			6
2024.12.26	14:14:35.358	1.25227				2
2024.12.26	14:14:39.666		1.25234			4
2024.12.26	14:14:44.898	1.25226	1.25232			6
2024.12.26	14:14:45.217	1.25227				2
2024.12.26	14:14:47.670	1.25226				2
2024.12.26	14:14:48.286	1.25227				2
2024.12.26	14:14:50.126		1.25233			4
2024.12.26	14:14:52.283	1.25228				2
2024.12.26	14:14:53.830	1.25227				2
2024.12.26	14:14:55.679	1.25226	1.25230			6
2024.12.26	14:15:00.309	1.25226				2
2024.12.26	14:15:04.305	1.25225	1.25229			6
2024.12.26	14:15:04.923	1.25226	1.25230			6
2024.12.26	14:15:06.458	1.25225				2
2024.12.26	14:15:06.767	1.25220	1.25227			6
2024.12.26	14:15:07.077	1.25221				2
2024.12.26	14:15:08.003	1.25222				2
2024.12.26	14:15:08.305	1.25223				2
2024.12.26	14:15:08.921	1.25222				2
2024.12.26	14:15:09.223	1.25224				2
2024.12.26	14:15:17.223	1.25226	1.25231			6
2024.12.26	14:15:19.077	1.25229	1.25232			6
2024.12.26	14:15:19.385	1.25227				2
2024.12.26	14:15:19.690		1.25231			4
2024.12.26	14:15:24.311	1.25228	1.25232			6
2024.12.26	14:15:24.621	1.25232	1.25237			6
2024.12.26	14:15:26.156	1.25231				2
2024.12.26	14:15:30.157	1.25230	1.25236			6
2024.12.26	14:15:31.081	1.25225	1.25231			6
2024.12.26	14:15:31.392	1.25227				2
2024.12.26	14:15:36.012	1.25226				2
2024.12.26	14:15:38.473	1.25225				2
2024.12.26	14:15:39.085	1.25226				2
2024.12.26	14:15:40.943	1.25227				2
2024.12.26	14:15:44.305	1.25226				2
2024.12.26	14:15:44.922	1.25227				2
2024.12.26	14:15:45.229	1.25226				2
2024.12.26	14:15:46.457	1.25225				2
2024.12.26	14:15:46.757	1.25226				2
2024.12.26	14:15:47.064	1.25225				2
2024.12.26	14:15:47.678	1.25226				2
2024.12.26	14:15:47.987	1.25225				2
2024.12.26	14:15:50.422		1.25230			4
2024.12.26	14:15:53.790		1.25229			4
2024.12.26	14:15:54.093	1.25222	1.25227			6
2024.12.26	14:15:55.320		1.25228			4
2024.12.26	14:15:55.930		1.25229			4
2024.12.26	14:15:56.243	1.25223				2
2024.12.26	14:15:57.162		1.25228			4
2024.12.26	14:15:58.078	1.25224				2
2024.12.26	14:15:58.385	1.25223				2
2024.12.26	14:16:00.222	1.25223				2
2024.12.26	14:16:00.838	1.25224	1.25227			6
2024.12.26	14:16:01.147	1.25223				2
2024.12.26	14:16:02.979		1.25229			4
2024.12.26	14:16:03.286		1.25227			4
2024.12.26	14:16:06.047		1.25228			4
2024.12.26	14:16:08.818		1.25227			4
2024.12.26	14:16:10.967	1.25224				2
2024.12.26	14:16:11.586		1.25228			4
2024.12.26	14:16:12.200	1.25225	1.25227			6
2024.12.26	14:16:12.503	1.25224				2
2024.12.26	14:16:14.355	1.25223	1.25225			6
2024.12.26	14:16:14.671		1.25226			4
2024.12.26	14:16:15.587	1.25221				2
2024.12.26	14:16:19.885	1.25222				2
2024.12.26	14:16:20.493	1.25221				2
2024.12.26	14:16:21.416	1.25222				2
2024.12.26	14:16:24.756	1.25221				2
2024.12.26	14:16:26.899	1.25222				2
2024.12.26	14:16:28.129		1.25227			4
2024.12.26	14:16:28.430		1.25226			4
2024.12.26	14:16:28.734	1.25221	1.25225			6
2024.12.26	14:16:29.651	1.25220	1.25223			6
2024.12.26	14:16:30.870		1.25224			4
2024.12.26	14:16:32.093		1.25225			4
2024.12.26	14:16:32.713		1.25224			4
2024.12.26	14:16:33.325		1.25225			4
2024.12.26	14:16:34.239		1.25224			4
2024.12.26	14:16:34.853		1.25225			4
2024.12.26	14:16:35.763		1.25224			4
2024.12.26	14:16:36.984	1.25223	1.25227			6
2024.12.26	14:16:38.202		1.25226			4
2024.12.26	14:16:38.517		1.25227			4
2024.12.26	14:16:39.431		1.25226			4
2024.12.26	14:16:40.352		1.25227			4
2024.12.26	14:16:40.655	1.25222				2
2024.12.26	14:16:40.964		1.25226			4
2024.12.26	14:16:41.268	1.25223				2
2024.12.26	14:16:42.187		1.25227			4
2024.12.26	14:16:43.407	1.25222	1.25226			6
2024.12.26	14:16:44.329		1.25225			4
2024.12.26	14:16:44.941	1.25221				2
2024.12.26	14:16:46.788		1.25226			4
2024.12.26	14:16:47.408	1.25223				2
2024.12.26	14:16:50.770	1.25222				2
2024.12.26	14:16:51.074	1.25223				2
2024.12.26	14:16:52.297	1.25222				2
2024.12.26	14:16:52.904		1.25225			4
2024.12.26	14:16:53.206	1.25220	1.25224			6
2024.12.26	14:16:53.514	1.25221				2
2024.12.26	14:16:53.817		1.25225			4
2024.12.26	14:16:59.597		1.25226			4
2024.12.26	14:17:00.216	1.25221				2
2024.12.26	14:17:01.133		1.25225			4
2024.12.26	14:17:02.051	1.25223				2
2024.12.26	14:17:02.668		1.25226			4
2024.12.26	14:17:03.585		1.25225			4
2024.12.26	14:17:04.500		1.25226			4
2024.12.26	14:17:06.337		1.25225			4
2024.12.26	14:17:06.645	1.25222				2
2024.12.26	14:17:08.176	1.25221				2
2024.12.26	14:17:08.485		1.25224			4
2024.12.26	14:17:09.402		1.25225			4
2024.12.26	14:17:09.703	1.25220	1.25223			6
2024.12.26	14:17:10.013		1.25224			4
2024.12.26	14:17:10.622	1.25221	1.25225			6
2024.12.26	14:17:12.764	1.25220	1.25224			6
2024.12.26	14:17:13.069	1.25221	1.25225			6
2024.12.26	14:17:14.277		1.25223			4
2024.12.26	14:17:14.890	1.25220				2
2024.12.26	14:17:15.812	1.25219				2
2024.12.26	14:17:20.712	1.25220				2
2024.12.26	14:17:22.237	1.25222				2
2024.12.26	14:17:23.157	1.25223	1.25224			6
2024.12.26	14:17:23.461		1.25225			4
2024.12.26	14:17:25.601	1.25221				2
2024.12.26	14:17:27.137	1.25223	1.25226			6
2024.12.26	14:17:27.749	1.25224	1.25225			6
2024.12.26	14:17:28.054	1.25223	1.25226			6
2024.12.26	14:17:28.666		1.25225			4
2024.12.26	14:17:30.503	1.25224	1.25226			6
2024.12.26	14:17:34.783		1.25227			4
2024.12.26	14:17:36.930		1.25226			4
2024.12.26	14:17:37.838	1.25225				2
2024.12.26	14:17:38.761	1.25224				2
2024.12.26	14:17:49.425	1.25221	1.25224			6
2024.12.26	14:17:55.225	1.25222	1.25225			6
2024.12.26	14:17:55.532	1.25224				2
2024.12.26	14:17:57.065	1.25222	1.25224			6
2024.12.26	14:17:57.370	1.25221	1.25223			6
2024.12.26	14:17:57.985	1.25222	1.25224			6
2024.12.26	14:17:58.295	1.25223				2
2024.12.26	14:17:59.515	1.25221	1.25223			6
2024.12.26	14:18:00.120	1.25221				2
2024.12.26	14:18:00.427	1.25220				2
2024.12.26	14:18:00.728	1.25221	1.25224			6
2024.12.26	14:18:01.638	1.25220	1.25223			6
2024.12.26	14:18:02.247	1.25221	1.25224			6
2024.12.26	14:18:02.556	1.25220	1.25223			6
2024.12.26	14:18:02.861	1.25221	1.25224			6
2024.12.26	14:18:05.304	1.25222				2
2024.12.26	14:18:06.527		1.25223			4
2024.12.26	14:18:07.134	1.25221				2
2024.12.26	14:18:07.438	1.25222				2
2024.12.26	14:18:08.954		1.25224			4
2024.12.26	14:18:09.866	1.25224	1.25225			6
2024.12.26	14:18:10.179	1.25223	1.25224			6
2024.12.26	14:18:10.488	1.25224	1.25225			6
2024.12.26	14:18:11.095		1.25226			4
2024.12.26	14:18:15.041	1.25223				2
2024.12.26	14:18:15.348		1.25225			4
2024.12.26	14:18:16.262	1.25227	1.25228			6
2024.12.26	14:18:16.566	1.25224	1.25226			6
2024.12.26	14:18:17.169		1.25227			4
2024.12.26	14:18:18.386	1.25222	1.25223			6
2024.12.26	14:18:19.302	1.25221				2
2024.12.26	14:18:22.066	1.25212	1.25216			6
2024.12.26	14:18:22.377	1.25211				2
2024.12.26	14:18:22.687	1.25210	1.25215			6
2024.12.26	14:18:26.073	1.25211				2
2024.12.26	14:18:30.994	1.25210	1.25216			6
2024.12.26	14:18:31.601	1.25211	1.25217			6
2024.12.26	14:18:31.903		1.25216			4
2024.12.26	14:18:35.591	1.25214	1.25218			6
2024.12.26	14:18:39.887	1.25215				2
2024.12.26	14:18:42.037		1.25219			4
2024.12.26	14:18:42.344	1.25216	1.25222			6
2024.12.26	14:18:42.650	1.25217	1.25223			6
2024.12.26	14:18:46.038		1.25222			4
2024.12.26	14:18:52.469	1.25215	1.25221			6
2024.12.26	14:18:53.084	1.25213	1.25218			6
2024.12.26	14:18:54.008	1.25214				2
2024.12.26	14:18:54.318	1.25213	1.25219			6
2024.12.26	14:18:56.155	1.25212				2
2024.12.26	14:18:56.771	1.25213				2
2024.12.26	14:18:58.616	1.25214				2
2024.12.26	14:18:58.922	1.25215				2
2024.12.26	14:18:59.228	1.25214				2
2024.12.26	14:18:59.539	1.25213				2
2024.12.26	14:19:00.145	1.25213				2
2024.12.26	14:19:03.224		1.25218			4
2024.12.26	14:19:04.458	1.25212				2
2024.12.26	14:19:05.070	1.25213	1.25219			6
2024.12.26	14:19:12.148	1.25214				2
2024.12.26	14:19:14.301		1.25218			4
2024.12.26	14:19:14.914		1.25219			4
2024.12.26	14:19:17.379	1.25213	1.25218			6
2024.12.26	14:19:17.993	1.25212				2
2024.12.26	14:19:18.308		1.25216			4
2024.12.26	14:19:20.149	1.25213				2
2024.12.26	14:19:21.071	1.25210	1.25214			6
2024.12.26	14:19:21.380		1.25213			4
2024.12.26	14:19:22.305		1.25215			4
2024.12.26	14:19:23.535	1.25211				2
2024.12.26	14:19:23.842	1.25210	1.25214			6
2024.12.26	14:19:28.161		1.25213			4
2024.12.26	14:19:29.085	1.25211				2
2024.12.26	14:19:29.397		1.25214			4
2024.12.26	14:19:30.010	1.25212	1.25215			6
2024.12.26	14:19:30.317	1.25211	1.25214			6
2024.12.26	14:19:39.560	1.25212	1.25215			6
2024.12.26	14:19:40.171		1.25216			4
2024.12.26	14:19:40.780		1.25217			4
2024.12.26	14:19:44.482	1.25211	1.25215			6
2024.12.26	14:19:44.787	1.25210	1.25214			6
2024.12.26	14:19:45.098	1.25211	1.25215			6
2024.12.26	14:19:46.324	1.25208	1.25212			6
2024.12.26	14:19:46.631	1.25206	1.25210			6
2024.12.26	14:19:46.941	1.25201	1.25206			6
2024.12.26	14:19:47.252	1.25200	1.25205			6
2024.12.26	14:19:47.866	1.25202	1.25206			6
2024.12.26	14:19:48.171		1.25208			4
2024.12.26	14:19:50.315	1.25200	1.25205			6
2024.12.26	14:19:50.934		1.25207			4
2024.12.26	14:19:51.243	1.25203	1.25208			6
2024.12.26	14:19:52.476	1.25201				2
2024.12.26	14:19:53.709	1.25202				2
2024.12.26	14:19:54.014	1.25201				2
2024.12.26	14:19:55.235	1.25199	1.25205			6
2024.12.26	14:19:55.538	1.25200	1.25206			6
2024.12.26	14:19:56.457	1.25198	1.25203			6
2024.12.26	14:19:56.768	1.25197	1.25202			6
2024.12.26	14:19:57.081	1.25196	1.25201			6
2024.12.26	14:19:57.385		1.25202			4
2024.12.26	14:20:00.152	1.25196				2
2024.12.26	14:20:00.461	1.25198	1.25205			6
2024.12.26	14:20:01.391	1.25196	1.25204			6
2024.12.26	14:20:01.699	1.25197				2
2024.12.26	14:20:02.008		1.25203			4
2024.12.26	14:20:02.310	1.25198	1.25204			6
2024.12.26	14:20:04.464	1.25197				2
2024.12.26	14:20:04.775	1.25194	1.25199			6
2024.12.26	14:20:05.089	1.25193				2
2024.12.26	14:20:05.390	1.25194				2
2024.12.26	14:20:24.785	1.25192				2
2024.12.26	14:20:25.403		1.25198			4
2024.12.26	14:20:25.713	1.25190	1.25197			6
2024.12.26	14:20:26.021	1.25191				2
2024.12.26	14:20:26.329		1.25196			4
2024.12.26	14:20:26.635		1.25197			4
2024.12.26	14:20:27.871		1.25198			4
2024.12.26	14:20:28.487		1.25195			4
2024.12.26	14:20:29.104		1.25196			4
2024.12.26	14:20:31.871		1.25195			4
2024.12.26	14:20:32.491	1.25193	1.25197			6
2024.12.26	14:20:33.415	1.25194	1.25198			6
2024.12.26	14:20:34.341	1.25193				2
2024.12.26	14:20:36.190	1.25191	1.25195			6
2024.12.26	14:20:36.498	1.25190	1.25194			6
2024.12.26	14:20:37.424	1.25184	1.25190			6
2024.12.26	14:20:37.723	1.25183	1.25188			6
2024.12.26	14:20:38.347	1.25182				2
2024.12.26	14:20:42.343	1.25183	1.25189			6
2024.12.26	14:20:42.649	1.25184				2
2024.12.26	14:20:42.960	1.25185	1.25191			6
2024.12.26	14:20:43.264	1.25184				2
2024.12.26	14:20:45.119		1.25190			4
2024.12.26	14:20:46.339	1.25187	1.25193			6
2024.12.26	14:20:46.955	1.25186				2
2024.12.26	14:20:48.495		1.25192			4
2024.12.26	14:20:48.803	1.25185				2
2024.12.26	14:20:49.725	1.25184				2
2024.12.26	14:20:50.344	1.25185				2
2024.12.26	14:20:50.647	1.25184				2
2024.12.26	14:20:50.954	1.25186				2
2024.12.26	14:20:51.262	1.25185				2
2024.12.26	14:20:51.566	1.25186				2
2024.12.26	14:20:54.026		1.25193			4
2024.12.26	14:20:54.341	1.25187				2
2024.12.26	14:20:54.954		1.25192			4
2024.12.26	14:20:55.263	1.25186				2
2024.12.26	14:20:55.879	1.25187				2
2024.12.26	14:20:56.184		1.25193			4
2024.12.26	14:20:58.037	1.25188				2
2024.12.26	14:20:58.661	1.25187				2
2024.12.26	14:21:00.196	1.25187				2
2024.12.26	14:21:03.586	1.25188				2
2024.12.26	14:21:03.895	1.25185	1.25191			6
2024.12.26	14:21:05.123		1.25192			4
2024.12.26	14:21:06.356		1.25191			4
2024.12.26	14:21:06.665	1.25186				2
2024.12.26	14:21:06.972	1.25180	1.25181			6
2024.12.26	14:21:07.281	1.25173	1.25176			6
2024.12.26	14:21:07.591	1.25171				2
2024.12.26	14:21:09.742	1.25172				2
2024.12.26	14:21:10.353	1.25171	1.25178			6
2024.12.26	14:21:10.661		1.25176			4
2024.12.26	14:21:11.897	1.25172	1.25178			6
2024.12.26	14:21:13.741	1.25169	1.25174			6
2024.12.26	14:21:14.046	1.25164	1.25171			6
2024.12.26	14:21:14.973		1.25170			4
2024.12.26	14:21:16.816	1.25162	1.25169			6
2024.12.26	14:21:17.125	1.25167	1.25174			6
2024.12.26	14:21:19.588	1.25168				2
2024.12.26	14:21:20.819		1.25175			4
2024.12.26	14:21:21.126	1.25167	1.25174			6
2024.12.26	14:21:21.739	1.25169	1.25175			6
2024.12.26	14:21:22.352		1.25176			4
2024.12.26	14:21:22.660		1.25175			4
2024.12.26	14:21:22.971		1.25176			4
2024.12.26	14:21:24.214		1.25175			4
2024.12.26	14:21:24.823	1.25170				2
2024.12.26	14:21:25.439	1.25179	1.25185			6
2024.12.26	14:21:25.751	1.25183	1.25188			6
2024.12.26	14:21:26.055	1.25181				2
2024.12.26	14:21:26.366	1.25180				2
2024.12.26	14:21:27.587	1.25179	1.25187			6
2024.12.26	14:21:27.896	1.25180	1.25186			6
2024.12.26	14:21:28.200	1.25183	1.25189			6
2024.12.26	14:21:28.510		1.25190			4
2024.12.26	14:21:30.351		1.25191			4
2024.12.26	14:21:31.582		1.25190			4
2024.12.26	14:21:34.037	1.25182				2
2024.12.26	14:21:35.571	1.25180	1.25186			6
2024.12.26	14:21:35.886		1.25187			4
2024.12.26	14:21:37.730	1.25181				2
2024.12.26	14:21:38.037	1.25182	1.25189			6
2024.12.26	14:21:39.279	1.25181	1.25187			6
2024.12.26	14:21:40.499	1.25180				2
2024.12.26	14:21:41.426		1.25186			4
2024.12.26	14:21:45.108	1.25181	1.25187			6
2024.12.26	14:21:46.638	1.25180	1.25186			6
2024.12.26	14:21:48.176		1.25187			4
2024.12.26	14:21:48.489		1.25186			4
2024.12.26	14:21:50.329	1.25181	1.25187			6
2024.12.26	14:21:50.952		1.25186			4
2024.12.26	14:21:51.256	1.25182				2
2024.12.26	14:21:52.180	1.25183	1.25188			6
2024.12.26	14:21:52.483	1.25182	1.25187			6
2024.12.26	14:21:53.401	1.25181				2
2024.12.26	14:21:53.711		1.25186			4
2024.12.26	14:21:55.235		1.25187			4
2024.12.26	14:21:55.848	1.25180				2
2024.12.26	14:21:56.159	1.25182	1.25189			6
2024.12.26	14:21:57.074	1.25174	1.25181			6
2024.12.26	14:21:59.528	1.25176				2
2024.12.26	14:22:00.139	1.25176				2
2024.12.26	14:22:00.758	1.25175				2
2024.12.26	14:22:01.370	1.25174				2
2024.12.26	14:22:08.130		1.25180			4
2024.12.26	14:22:08.441	1.25171	1.25178			6
2024.12.26	14:22:08.752	1.25172				2
2024.12.26	14:22:09.362	1.25171				2
2024.12.26	14:22:13.661	1.25170	1.25176			6
2024.12.26	14:22:14.275		1.25178			4
2024.12.26	14:22:14.589	1.25172				2
2024.12.26	14:22:14.891	1.25176	1.25181			6
2024.12.26	14:22:15.501		1.25180			4
2024.12.26	14:22:20.398	1.25174				2
2024.12.26	14:22:23.763	1.25172				2
2024.12.26	14:22:24.066	1.25173				2
2024.12.26	14:22:24.377	1.25174				2
2024.12.26	14:22:24.680		1.25181			4
2024.12.26	14:22:24.985		1.25180			4
2024.12.26	14:22:25.294	1.25176	1.25182			6
2024.12.26	14:22:25.597	1.25181	1.25186			6
2024.12.26	14:22:27.429		1.25183			4
2024.12.26	14:22:27.736		1.25186			4
2024.12.26	14:22:28.351	1.25182	1.25185			6
2024.12.26	14:22:28.656		1.25186			4
2024.12.26	14:22:28.963	1.25181	1.25184			6
2024.12.26	14:22:29.886		1.25185			4
2024.12.26	14:22:31.418	1.25182	1.25186			6
2024.12.26	14:22:32.030	1.25185	1.25188			6
2024.12.26	14:22:32.333		1.25189			4
2024.12.26	14:22:33.260		1.25188			4
2024.12.26	14:22:33.561		1.25189			4
2024.12.26	14:22:33.867	1.25186	1.25190			6
2024.12.26	14:22:34.178	1.25187				2
2024.12.26	14:22:35.404	1.25186				2
2024.12.26	14:22:37.250	1.25182	1.25186			6
2024.12.26	14:22:37.557	1.25181	1.25185			6
2024.12.26	14:22:37.865	1.25182	1.25186			6
2024.12.26	14:22:57.280		1.25185			4
2024.12.26	14:23:00.046	1.25182				2
2024.12.26	14:23:00.353	1.25184	1.25186			6
2024.12.26	14:23:00.662	1.25182				2
2024.12.26	14:23:01.265		1.25185			4
2024.12.26	14:23:01.572	1.25183				2
2024.12.26	14:23:03.415		1.25186			4
2024.12.26	14:23:03.723	1.25181	1.25185			6
2024.12.26	14:23:06.490	1.25179	1.25183			6
2024.12.26	14:23:06.792	1.25175	1.25178			6
2024.12.26	14:23:07.101	1.25174	1.25179			6
2024.12.26	14:23:07.408	1.25175				2
2024.12.26	14:23:11.394	1.25173	1.25177			6
2024.12.26	14:23:11.701	1.25170	1.25174			6
2024.12.26	14:23:19.654	1.25171	1.25175			6
2024.12.26	14:23:30.993	1.25169	1.25173			6
2024.12.26	14:23:32.837	1.25170	1.25174			6
2024.12.26	14:23:34.372	1.25171	1.25175			6
2024.12.26	14:23:37.135		1.25174			4
2024.12.26	14:23:42.633		1.25175			4
2024.12.26	14:23:44.458		1.25174			4
2024.12.26	14:23:46.600	1.25170	1.25173			6
2024.12.26	14:23:46.909		1.25172			4
2024.12.26	14:23:48.129		1.25173			4
2024.12.26	14:23:49.052	1.25169				2
2024.12.26	14:23:51.488	1.25168	1.25171			6
2024.12.26	14:23:52.097	1.25171	1.25173			6
2024.12.26	14:23:56.684	1.25172	1.25174			6
2024.12.26	14:23:56.992	1.25173				2
2024.12.26	14:23:57.298		1.25175			4
2024.12.26	14:23:57.606	1.25172				2
2024.12.26	14:23:57.913		1.25174			4
2024.12.26	14:23:58.221		1.25175			4
2024.12.26	14:24:00.058	1.25172				2
2024.12.26	14:24:03.705	1.25171				2
2024.12.26	14:24:04.013	1.25166	1.25168			6
2024.12.26	14:24:04.314	1.25168	1.25171			6
2024.12.26	14:24:05.553	1.25167				2
2024.12.26	14:24:05.860	1.25168				2
2024.12.26	14:24:07.402	1.25167				2
2024.12.26	14:24:07.706	1.25168				2
2024.12.26	14:24:08.321	1.25167				2
2024.12.26	14:24:09.241	1.25168				2
2024.12.26	14:24:09.862	1.25167				2
2024.12.26	14:24:11.083	1.25166	1.25170			6
2024.12.26	14:24:11.701	1.25175	1.25180			6
2024.12.26	14:24:12.001		1.25179			4
2024.12.26	14:24:12.313		1.25180			4
2024.12.26	14:24:13.236	1.25172	1.25177			6
2024.12.26	14:24:13.541		1.25175			4
2024.12.26	14:24:13.845		1.25176			4
2024.12.26	14:24:14.776		1.25175			4
2024.12.26	14:24:15.076	1.25171	1.25177			6
2024.12.26	14:24:16.011	1.25174	1.25178			6
2024.12.26	14:24:16.313	1.25171	1.25177			6
2024.12.26	14:24:16.931		1.25176			4
2024.12.26	14:24:21.227	1.25172	1.25175			6
2024.12.26	14:24:23.382	1.25171	1.25176			6
2024.12.26	14:24:24.923	1.25172				2
2024.12.26	14:24:28.906		1.25175			4
2024.12.26	14:24:33.201	1.25173	1.25177			6
2024.12.26	14:24:33.504	1.25176	1.25180			6
2024.12.26	14:24:36.576	1.25175	1.25179			6
2024.12.26	14:24:36.882	1.25174	1.25178			6
2024.12.26	14:24:37.494	1.25175	1.25179			6
2024.12.26	14:24:43.036		1.25178			4
2024.12.26	14:24:43.343		1.25179			4
2024.12.26	14:24:44.263	1.25174				2
2024.12.26	14:24:45.181	1.25181	1.25184			6
2024.12.26	14:24:45.494		1.25185			4
2024.12.26	14:24:46.420	1.25180	1.25184			6
2024.12.26	14:24:47.033		1.25185			4
2024.12.26	14:24:47.341		1.25184			4
2024.12.26	14:24:51.039		1.25185			4
2024.12.26	14:24:54.109		1.25184			4
2024.12.26	14:24:54.418		1.25183			4
2024.12.26	14:24:57.789		1.25184			4
2024.12.26	14:24:59.314		1.25183			4
2024.12.26	14:24:59.624		1.25184			4
2024.12.26	14:25:00.237	1.25180				2
2024.12.26	14:25:01.154	1.25175	1.25178			6
2024.12.26	14:25:02.685	1.25174				2
2024.12.26	14:25:02.988	1.25175	1.25179			6
2024.12.26	14:25:03.606	1.25174	1.25177			6
2024.12.26	14:25:03.914	1.25172	1.25174			6
2024.12.26	14:25:04.224		1.25175			4
2024.12.26	14:25:04.831		1.25176			4
2024.12.26	14:25:08.222		1.25175			4
2024.12.26	14:25:08.840	1.25171				2
2024.12.26	14:25:11.303		1.25176			4
2024.12.26	14:25:14.687	1.25173				2
2024.12.26	14:25:15.001	1.25175	1.25179			6
2024.12.26	14:25:15.921	1.25174	1.25178			6
2024.12.26	14:25:16.541	1.25176	1.25179			6
2024.12.26	14:25:16.846	1.25175				2
2024.12.26	14:25:17.778		1.25180			4
2024.12.26	14:25:18.384		1.25179			4
2024.12.26	14:25:22.086	1.25176	1.25180			6
2024.12.26	14:25:23.317	1.25177				2
2024.12.26	14:25:23.937	1.25176				2
2024.12.26	14:25:25.165		1.25181			4
2024.12.26	14:25:25.468		1.25180			4
2024.12.26	14:25:26.389	1.25177	1.25181			6
2024.12.26	14:25:26.697		1.25182			4
2024.12.26	14:25:27.006		1.25181			4
2024.12.26	14:25:28.235		1.25180			4
2024.12.26	14:25:31.614	1.25182	1.25185			6
2024.12.26	14:25:32.226	1.25183				2
2024.12.26	14:25:33.150		1.25186			4
2024.12.26	14:25:35.301	1.25184				2
2024.12.26	14:25:39.299		1.25185			4
2024.12.26	14:25:39.906	1.25183				2
2024.12.26	14:25:50.680	1.25184				2
2024.12.26	14:25:52.523	1.25183				2
2024.12.26	14:25:54.349	1.25182				2
2024.12.26	14:25:54.653	1.25183				2
2024.12.26	14:25:54.970	1.25182				2
2024.12.26	14:25:58.028	1.25183				2
2024.12.26	14:25:59.567		1.25186			4
2024.12.26	14:26:00.179	1.25183				2
2024.12.26	14:26:01.097		1.25185			4
2024.12.26	14:26:02.619	1.25182				2
2024.12.26	14:26:02.923	1.25183				2
2024.12.26	14:26:04.455		1.25186			4
2024.12.26	14:26:05.377		1.25184			4
2024.12.26	14:26:12.425	1.25184	1.25185			6
2024.12.26	14:26:13.957	1.25183				2
2024.12.26	14:26:16.996	1.25185	1.25187			6
2024.12.26	14:26:18.523		1.25186			4
2024.12.26	14:26:20.057	1.25184				2
2024.12.26	14:26:20.365	1.25183	1.25184			6
2024.12.26	14:26:28.921	1.25184	1.25185			6
2024.12.26	14:26:31.059	1.25183	1.25184			6
2024.12.26	14:26:31.967	1.25182				2
2024.12.26	14:26:35.355	1.25173	1.25175			6
2024.12.26	14:26:35.661	1.25172	1.25174			6
2024.12.26	14:26:36.269		1.25175			4
2024.12.26	14:26:37.489	1.25174				2
2024.12.26	14:26:37.799	1.25172				2
2024.12.26	14:26:39.629	1.25175	1.25178			6
2024.12.26	14:26:41.774	1.25174				2
2024.12.26	14:26:44.223	1.25172				2
2024.12.26	14:26:45.136		1.25175			4
2024.12.26	14:26:53.380	1.25171	1.25174			6
2024.12.26	14:27:00.121	1.25171				2
2024.12.26	14:27:02.871	1.25172	1.25175			6
2024.12.26	14:27:16.941		1.25174			4
2024.12.26	14:27:19.691	1.25171				2
2024.12.26	14:27:20.309	1.25174	1.25175			6
2024.12.26	14:27:20.614	1.25172				2
2024.12.26	14:27:20.920		1.25174			4
2024.12.26	14:27:22.138	1.25169	1.25170			6
2024.12.26	14:27:24.895		1.25171			4
2024.12.26	14:27:26.118		1.25172			4
2024.12.26	14:27:27.648	1.25172	1.25174			6
2024.12.26	14:27:34.702	1.25173	1.25175			6
2024.12.26	14:27:35.007	1.25176	1.25178			6
2024.12.26	14:27:39.625	1.25173	1.25176			6
2024.12.26	14:27:39.928	1.25170	1.25173			6
2024.12.26	14:27:41.471	1.25171	1.25174			6
2024.12.26	14:27:43.324		1.25173			4
2024.12.26	14:27:55.003	1.25169	1.25170			6
2024.12.26	14:27:55.306	1.25168	1.25169			6
2024.12.26	14:27:55.618	1.25169	1.25170			6
2024.12.26	14:27:57.458	1.25168	1.25169			6
2024.12.26	14:27:57.772	1.25166				2
2024.12.26	14:28:00.224	1.25166				2
2024.12.26	14:28:03.300	1.25168	1.25170			6
2024.12.26	14:28:04.217	1.25167	1.25169			6
2024.12.26	14:28:04.527	1.25166				2
2024.12.26	14:28:09.131	1.25164	1.25167			6
2024.12.26	14:28:10.056	1.25166	1.25170			6
2024.12.26	14:28:10.365	1.25165	1.25168			6
2024.12.26	14:28:15.277	1.25163	1.25167			6
2024.12.26	14:28:16.196	1.25164				2
2024.12.26	14:28:18.043	1.25165				2
2024.12.26	14:28:31.483	1.25164				2
2024.12.26	14:28:31.788	1.25165				2
2024.12.26	14:28:33.617	1.25164				2
2024.12.26	14:28:34.530	1.25165				2
2024.12.26	14:28:35.748	1.25166	1.25169			6
2024.12.26	14:28:39.119	1.25164	1.25167			6
2024.12.26	14:28:42.780	1.25154	1.25157			6
2024.12.26	14:28:43.083	1.25153	1.25156			6
2024.12.26	14:28:43.384	1.25152				2
2024.12.26	14:28:43.995	1.25153				2
2024.12.26	14:28:44.302	1.25152				2
2024.12.26	14:28:44.610	1.25153				2
2024.12.26	14:28:44.919	1.25154	1.25158			6
2024.12.26	14:28:45.841	1.25153	1.25156			6
2024.12.26	14:28:47.068	1.25154				2
2024.12.26	14:28:48.608	1.25153				2
2024.12.26	14:28:49.224	1.25154				2
2024.12.26	14:28:52.302	1.25155	1.25158			6
2024.12.26	14:28:53.228		1.25157			4
2024.12.26	14:28:53.846	1.25161	1.25162			6
2024.12.26	14:28:54.464	1.25160				2
2024.12.26	14:28:54.767		1.25161			4
2024.12.26	14:28:55.991		1.25162			4
2024.12.26	14:28:56.613	1.25161				2
2024.12.26	14:29:00.306	1.25156	1.25159			6
2024.12.26	14:29:00.607	1.25157	1.25161			6
2024.12.26	14:29:00.923	1.25156	1.25159			6
2024.12.26	14:29:01.224	1.25155	1.25157			6
2024.12.26	14:29:01.847	1.25154	1.25156			6
2024.12.26	14:29:03.087	1.25153				2
2024.12.26	14:29:07.083	1.25154				2
2024.12.26	14:29:07.391	1.25155				2
2024.12.26	14:29:07.703	1.25154				2
2024.12.26	14:29:08.325		1.25157			4
2024.12.26	14:29:10.781	1.25153				2
2024.12.26	14:29:11.086	1.25152	1.25156			6
2024.12.26	14:29:11.401	1.25153				2
2024.12.26	14:29:12.012	1.25154				2
2024.12.26	14:29:12.625	1.25153				2
2024.12.26	14:29:14.781	1.25152				2
2024.12.26	14:29:15.393	1.25154				2
2024.12.26	14:29:17.854	1.25151	1.25158			6
2024.12.26	14:29:18.158		1.25157			4
2024.12.26	14:29:19.701	1.25154	1.25156			6
2024.12.26	14:29:24.003	1.25155				2
2024.12.26	14:29:26.470	1.25154				2
2024.12.26	14:29:28.007	1.25155				2
2024.12.26	14:29:28.316		1.25157			4
2024.12.26	14:29:30.469	1.25156				2
2024.12.26	14:29:31.084	1.25155				2
2024.12.26	14:29:31.391	1.25156				2
2024.12.26	14:29:32.928	1.25155				2
2024.12.26	14:29:33.240	1.25156				2
2024.12.26	14:29:34.472		1.25158			4
2024.12.26	14:29:34.774	1.25155	1.25157			6
2024.12.26	14:29:38.480	1.25156				2
2024.12.26	14:29:39.405	1.25155				2
2024.12.26	14:29:42.760	1.25154				2
2024.12.26	14:29:43.067	1.25155				2
2024.12.26	14:29:44.916	1.25156				2
2024.12.26	14:29:50.764	1.25157	1.25158			6
2024.12.26	14:29:52.917	1.25160	1.25162			6
2024.12.26	14:29:53.225	1.25165	1.25167			6
2024.12.26	14:29:53.840	1.25167	1.25168			6
2024.12.26	14:29:54.151	1.25166	1.25167			6
2024.12.26	14:29:56.301	1.25165				2
2024.12.26	14:29:58.763	1.25166				2
2024.12.26	14:29:59.062		1.25168			4
2024.12.26	14:30:00.298	1.25166				2
2024.12.26	14:30:02.143	1.25165				2
2024.12.26	14:30:02.443	1.25162	1.25163			6
2024.12.26	14:30:02.754	1.25163	1.25164			6
2024.12.26	14:30:08.899	1.25159	1.25161			6
2024.12.26	14:30:09.205	1.25153	1.25155			6
2024.12.26	14:30:09.507	1.25152				2
2024.12.26	14:30:14.114	1.25145	1.25149			6
2024.12.26	14:30:15.027	1.25148	1.25152			6
2024.12.26	14:30:15.329	1.25151	1.25155			6
2024.12.26	14:30:18.710	1.25152				2
2024.12.26	14:30:21.147	1.25153				2
2024.12.26	14:30:21.448	1.25152				2
2024.12.26	14:30:23.594	1.25153				2
2024.12.26	14:30:25.123	1.25148	1.25152			6
2024.12.26	14:30:25.424	1.25149	1.25154			6
2024.12.26	14:30:29.405	1.25151	1.25155			6
2024.12.26	14:30:30.633	1.25152	1.25156			6
2024.12.26	14:30:30.940	1.25151				2
2024.12.26	14:30:31.552	1.25152				2
2024.12.26	14:30:31.858	1.25154				2
2024.12.26	14:30:33.086	1.25153				2
2024.12.26	14:30:34.326		1.25159			4
2024.12.26	14:30:34.629		1.25158			4
2024.12.26	14:30:34.944	1.25155	1.25159			6
2024.12.26	14:30:35.253	1.25156	1.25160			6
2024.12.26	14:30:35.864	1.25155				2
2024.12.26	14:30:36.480	1.25154				2
2024.12.26	14:30:36.787	1.25160	1.25163			6
2024.12.26	14:30:38.025	1.25159				2
2024.12.26	14:30:39.855	1.25160				2
2024.12.26	14:30:41.082		1.25164			4
2024.12.26	14:30:41.694	1.25159				2
2024.12.26	14:30:42.002	1.25158				2
2024.12.26	14:30:43.850	1.25159				2
2024.12.26	14:30:44.157	1.25158	1.25163			6
2024.12.26	14:30:46.304	1.25159				2
2024.12.26	14:30:46.614	1.25160				2
2024.12.26	14:30:47.526	1.25159				2
2024.12.26	14:30:47.832		1.25164			4
2024.12.26	14:30:48.751		1.25163			4
2024.12.26	14:30:49.058		1.25164			4
2024.12.26	14:30:49.361	1.25162	1.25165			6
2024.12.26	14:30:52.119	1.25161				2
2024.12.26	14:30:53.342	1.25162				2
2024.12.26	14:30:53.648		1.25166			4
2024.12.26	14:30:54.260	1.25155	1.25158			6
2024.12.26	14:30:54.575	1.25150	1.25155			6
2024.12.26	14:30:55.492	1.25149	1.25154			6
2024.12.26	14:30:56.415	1.25150	1.25155			6
2024.12.26	14:30:56.721		1.25154			4
2024.12.26	14:30:57.028		1.25155			4
2024.12.26	14:30:59.486		1.25154			4
2024.12.26	14:31:00.102	1.25149				2
2024.12.26	14:31:00.404	1.25150				2
2024.12.26	14:31:01.334	1.25149				2
2024.12.26	14:31:02.250	1.25148	1.25153			6
2024.12.26	14:31:02.559	1.25151	1.25155			6
2024.12.26	14:31:03.784		1.25154			4
2024.12.26	14:31:04.090		1.25155			4
2024.12.26	14:31:10.221	1.25152	1.25156			6
2024.12.26	14:31:10.525	1.25154	1.25157			6
2024.12.26	14:31:10.826		1.25159			4
2024.12.26	14:31:11.755	1.25155	1.25160			6
2024.12.26	14:31:16.035	1.25157	1.25162			6
2024.12.26	14:31:16.337	1.25158				2
2024.12.26	14:31:16.949	1.25159				2
2024.12.26	14:31:17.258	1.25157				2
2024.12.26	14:31:17.882	1.25159	1.25163			6
2024.12.26	14:31:19.415	1.25157	1.25162			6
2024.12.26	14:31:23.134	1.25158	1.25161			6
2024.12.26	14:31:23.435		1.25162			4
2024.12.26	14:31:25.606	1.25157				2
2024.12.26	14:31:28.063		1.25161			4
2024.12.26	14:31:28.365	1.25158	1.25162			6
2024.12.26	14:31:30.816	1.25157				2
2024.12.26	14:31:31.121	1.25158	1.25163			6
2024.12.26	14:31:32.962		1.25164			4
2024.12.26	14:31:37.253		1.25163			4
2024.12.26	14:31:38.174	1.25160	1.25165			6
2024.12.26	14:31:38.481	1.25161	1.25166			6
2024.12.26	14:31:39.708	1.25163				2
2024.12.26	14:31:40.018	1.25162	1.25167			6
2024.12.26	14:31:40.321	1.25165	1.25168			6
2024.12.26	14:31:41.249		1.25169			4
2024.12.26	14:31:42.163	1.25164				2
2024.12.26	14:31:43.701	1.25165				2
2024.12.26	14:31:49.239	1.25163	1.25168			6
2024.12.26	14:31:50.781	1.25164	1.25169			6
2024.12.26	14:31:58.175	1.25165	1.25170			6
2024.12.26	14:31:58.481	1.25169	1.25173			6
2024.12.26	14:32:00.016	1.25169				2
2024.12.26	14:32:02.157	1.25166	1.25172			6
2024.12.26	14:32:03.069	1.25169				2
2024.12.26	14:32:03.372		1.25174			4
2024.12.26	14:32:04.301		1.25173			4
2024.12.26	14:32:04.609		1.25172			4
2024.12.26	14:32:04.917	1.25165	1.25170			6
2024.12.26	14:32:05.223	1.25162	1.25166			6
2024.12.26	14:32:05.529	1.25163	1.25168			6
2024.12.26	14:32:05.836		1.25167			4
2024.12.26	14:32:06.143		1.25168			4
2024.12.26	14:32:09.511	1.25164				2
2024.12.26	14:32:09.819	1.25165	1.25169			6
2024.12.26	14:32:13.491	1.25166	1.25170			6
2024.12.26	14:32:17.766	1.25165	1.25169			6
2024.12.26	14:32:22.371	1.25169	1.25173			6
2024.12.26	14:32:22.679	1.25167				2
2024.12.26	14:32:22.987		1.25172			4
2024.12.26	14:32:24.210	1.25169	1.25173			6
2024.12.26	14:32:24.513		1.25174			4
2024.12.26	14:32:24.816	1.25170	1.25173			6
2024.12.26	14:32:25.433	1.25167				2
2024.12.26	14:32:25.740		1.25174			4
2024.12.26	14:32:26.041		1.25173			4
2024.12.26	14:32:26.350	1.25170	1.25172			6
2024.12.26	14:32:26.959		1.25173			4
2024.12.26	14:32:27.876	1.25167	1.25172			6
2024.12.26	14:32:28.183	1.25171	1.25173			6
2024.12.26	14:32:30.327		1.25174			4
2024.12.26	14:32:35.842		1.25173			4
2024.12.26	14:32:37.979	1.25170				2
2024.12.26	14:32:49.326	1.25167	1.25171			6
2024.12.26	14:32:50.229		1.25170			4
2024.12.26	14:32:51.145		1.25169			4
2024.12.26	14:32:51.456	1.25165				2
2024.12.26	14:32:54.200	1.25166	1.25170			6
2024.12.26	14:32:54.504	1.25167				2
2024.12.26	14:32:56.946	1.25166				2
2024.12.26	14:32:57.252		1.25171			4
2024.12.26	14:33:00.005	1.25166				2
2024.12.26	14:33:00.311	1.25167	1.25170			6
2024.12.26	14:33:00.618	1.25166	1.25169			6
2024.12.26	14:33:01.229		1.25168			4
2024.12.26	14:33:01.532		1.25169			4
2024.12.26	14:33:02.150		1.25170			4
2024.12.26	14:33:05.231		1.25169			4
2024.12.26	14:33:07.980		1.25170			4
2024.12.26	14:33:15.036	1.25167	1.25171			6
2024.12.26	14:33:15.339	1.25168				2
2024.12.26	14:33:15.643		1.25170			4
2024.12.26	14:33:15.944	1.25167				2
2024.12.26	14:33:16.250	1.25168				2
2024.12.26	14:33:16.558	1.25167				2
2024.12.26	14:33:17.776	1.25168				2
2024.12.26	14:33:19.613	1.25167				2
2024.12.26	14:33:21.126	1.25162	1.25164			6
2024.12.26	14:33:21.433		1.25165			4
2024.12.26	14:33:22.352		1.25166			4
2024.12.26	14:33:24.817	1.25161	1.25165			6
2024.12.26	14:33:29.402	1.25162	1.25166			6
2024.12.26	14:33:30.325		1.25165			4
2024.12.26	14:33:33.677	1.25161				2
2024.12.26	14:33:33.978		1.25163			4
2024.12.26	14:33:34.282		1.25164			4
2024.12.26	14:33:51.119	1.25159	1.25161			6
2024.12.26	14:33:51.426	1.25160	1.25162			6
2024.12.26	14:33:51.735	1.25159	1.25161			6
2024.12.26	14:33:52.349	1.25160	1.25163			6
2024.12.26	14:33:53.264		1.25162			4
2024.12.26	14:33:54.183	1.25159	1.25161			6
2024.12.26	14:33:54.787	1.25160	1.25162			6
2024.12.26	14:33:56.011	1.25161				2
2024.12.26	14:33:56.923	1.25162	1.25163			6
2024.12.26	14:33:57.225	1.25163	1.25164			6
2024.12.26	14:34:00.289	1.25163				2
2024.12.26	14:34:08.209		1.25165			4
2024.12.26	14:34:18.288	1.25165	1.25167			6
2024.12.26	14:34:21.348		1.25166			4
2024.12.26	14:34:22.882	1.25162	1.25163			6
2024.12.26	14:34:23.489		1.25164			4
2024.12.26	14:34:23.790		1.25163			4
2024.12.26	14:34:29.584		1.25164			4
2024.12.26	14:34:29.893	1.25163	1.25165			6
2024.12.26	14:34:30.197	1.25162	1.25164			6
2024.12.26	14:34:36.312		1.25163			4
2024.12.26	14:34:40.593	1.25163	1.25164			6
2024.12.26	14:34:47.313	1.25165	1.25166			6
2024.12.26	14:34:49.150	1.25164				2
2024.12.26	14:34:49.456	1.25162	1.25163			6
2024.12.26	14:34:54.045	1.25163	1.25164			6
2024.12.26	14:34:54.354	1.25162	1.25163			6
2024.12.26	14:35:00.179	1.25162				2
2024.12.26	14:35:06.903	1.25164	1.25165			6
2024.12.26	14:35:07.208	1.25162	1.25163			6
2024.12.26	14:35:12.689	1.25155	1.25157			6
2024.12.26	14:35:12.998	1.25156				2
2024.12.26	14:35:14.215	1.25155	1.25158			6
2024.12.26	14:35:18.818		1.25157			4
2024.12.26	14:35:20.046	1.25152	1.25153			6
2024.12.26	14:35:20.970	1.25151				2
2024.12.26	14:35:21.281		1.25155			4
2024.12.26	14:35:28.978		1.25154			4
2024.12.26	14:35:29.282		1.25155			4
2024.12.26	14:35:30.212		1.25154			4
2024.12.26	14:35:30.517		1.25153			4
2024.12.26	14:35:33.898	1.25155	1.25157			6
2024.12.26	14:35:35.131		1.25158			4
2024.12.26	14:35:41.277	1.25156				2
2024.12.26	14:35:41.580	1.25155				2
2024.12.26	14:35:42.207		1.25157			4
2024.12.26	14:35:50.807	1.25156				2
2024.12.26	14:35:53.280	1.25157	1.25158			6
2024.12.26	14:35:53.589	1.25156				2
2024.12.26	14:35:53.893		1.25159			4
2024.12.26	14:35:55.130	1.25161	1.25162			6
2024.12.26	14:35:56.363	1.25154	1.25158			6
2024.12.26	14:35:56.675	1.25155				2
2024.12.26	14:35:57.291		1.25159			4
2024.12.26	14:35:57.596		1.25158			4
2024.12.26	14:35:57.906		1.25159			4
2024.12.26	14:35:59.441	1.25161	1.25163			6
2024.12.26	14:35:59.745	1.25158	1.25164			6
2024.12.26	14:36:00.047	1.25158	1.25163			6
2024.12.26	14:36:00.358	1.25159	1.25162			6
2024.12.26	14:36:00.664	1.25155	1.25159			6
2024.12.26	14:36:04.054		1.25158			4
2024.12.26	14:36:06.210		1.25159			4
2024.12.26	14:36:07.127	1.25156				2
2024.12.26	14:36:11.744	1.25157	1.25160			6
2024.12.26	14:36:12.050		1.25162			4
2024.12.26	14:36:12.357	1.25158	1.25161			6
2024.12.26	14:36:12.973	1.25160	1.25163			6
2024.12.26	14:36:13.275	1.25157	1.25162			6
2024.12.26	14:36:13.584		1.25161			4
2024.12.26	14:36:13.888	1.25158				2
2024.12.26	14:36:14.515	1.25157	1.25162			6
2024.12.26	14:36:15.432	1.25158	1.25161			6
2024.12.26	14:36:19.745	1.25154	1.25158			6
2024.12.26	14:36:20.974	1.25156	1.25163			6
2024.12.26	14:36:21.289	1.25157				2
2024.12.26	14:36:21.595	1.25158				2
2024.12.26	14:36:21.902		1.25164			4
2024.12.26	14:36:22.215	1.25157	1.25163			6
2024.12.26	14:36:23.441	1.25156	1.25162			6
2024.12.26	14:36:24.675		1.25161			4
2024.12.26	14:36:24.983	1.25161	1.25165			6
2024.12.26	14:36:25.600	1.25162	1.25166			6
2024.12.26	14:36:26.214	1.25163	1.25167			6
2024.12.26	14:36:26.528	1.25168	1.25171			6
2024.12.26	14:36:28.363	1.25167				2
2024.12.26	14:36:29.580		1.25172			4
2024.12.26	14:36:33.887	1.25169	1.25173			6
2024.12.26	14:36:34.192	1.25167	1.25172			6
2024.12.26	14:36:36.321	1.25170	1.25173			6
2024.12.26	14:36:38.465	1.25167	1.25172			6
2024.12.26	14:36:47.070		1.25171			4
2024.12.26	14:36:48.603	1.25165	1.25168			6
2024.12.26	14:36:49.521		1.25169			4
2024.12.26	14:36:56.267	1.25166				2
2024.12.26	14:36:56.572	1.25168	1.25172			6
2024.12.26	14:36:56.881		1.25171			4
2024.12.26	14:36:57.493	1.25165	1.25169			6
2024.12.26	14:36:57.798	1.25164	1.25168			6
2024.12.26	14:36:58.108	1.25161	1.25165			6
2024.12.26	14:37:00.244	1.25161				2
2024.12.26	14:37:05.792	1.25162	1.25166			6
2024.12.26	14:37:07.020	1.25163	1.25168			6
2024.12.26	14:37:07.331	1.25164				2
2024.12.26	14:37:07.632	1.25162	1.25167			6
2024.12.26	14:37:09.800	1.25164				2
2024.12.26	14:37:10.101		1.25168			4
2024.12.26	14:37:11.632	1.25167	1.25170			6
2024.12.26	14:37:12.241	1.25166	1.25169			6
2024.12.26	14:37:15.011	1.25165	1.25168			6
2024.12.26	14:37:18.092	1.25162	1.25165			6
2024.12.26	14:37:18.397		1.25166			4
2024.12.26	14:37:23.661		1.25165			4
2024.12.26	14:37:30.413	1.25163				2
2024.12.26	14:37:30.720	1.25165	1.25167			6
2024.12.26	14:37:33.771	1.25162	1.25166			6
2024.12.26	14:37:34.378		1.25167			4
2024.12.26	14:37:35.303	1.25163	1.25166			6
2024.12.26	14:37:39.245	1.25162	1.25165			6
2024.12.26	14:37:41.381		1.25164			4
2024.12.26	14:37:41.691	1.25163				2
2024.12.26	14:37:41.996		1.25165			4
2024.12.26	14:37:50.551	1.25164	1.25166			6
2024.12.26	14:37:50.853	1.25163				2
2024.12.26	14:37:52.392	1.25162	1.25164			6
2024.12.26	14:38:00.001	1.25162	1.25165			6
2024.12.26	14:38:01.835		1.25164			4
2024.12.26	14:38:04.276		1.25163			4
2024.12.26	14:38:05.193		1.25164			4
2024.12.26	14:38:05.499	1.25163				2
2024.12.26	14:38:06.101		1.25165			4
2024.12.26	14:38:09.160		1.25164			4
2024.12.26	14:38:09.462	1.25162				2
2024.12.26	14:38:11.296	1.25164	1.25165			6
2024.12.26	14:38:11.914		1.25166			4
2024.12.26	14:38:12.221		1.25167			4
2024.12.26	14:38:14.045	1.25165	1.25168			6
2024.12.26	14:38:14.354		1.25167			4
2024.12.26	14:38:19.847	1.25166				2
2024.12.26	14:38:22.291		1.25168			4
2024.12.26	14:38:22.593	1.25167	1.25169			6
2024.12.26	14:38:25.653	1.25165	1.25167			6
2024.12.26	14:38:25.955	1.25161	1.25163			6
2024.12.26	14:38:26.257		1.25165			4
2024.12.26	14:38:27.478	1.25162				2
2024.12.26	14:38:34.217	1.25163	1.25166			6
2024.12.26	14:38:35.138		1.25165			4
2024.12.26	14:38:36.059	1.25164	1.25166			6
2024.12.26	14:38:51.085	1.25163				2
2024.12.26	14:38:51.394		1.25165			4
2024.12.26	14:38:52.314		1.25164			4
2024.12.26	14:38:54.757	1.25160	1.25161			6
2024.12.26	14:38:55.066	1.25158				2
2024.12.26	14:38:55.368	1.25159				2
2024.12.26	14:38:56.281	1.25158	1.25162			6
2024.12.26	14:38:57.200	1.25159				2
2024.12.26	14:39:00.258	1.25159				2
2024.12.26	14:39:03.012	1.25160	1.25163			6
2024.12.26	14:39:08.229		1.25162			4
2024.12.26	14:39:09.758	1.25159	1.25161			6
2024.12.26	14:39:11.296	1.25160	1.25162			6
2024.12.26	14:39:11.603	1.25159	1.25161			6
2024.12.26	14:39:14.642	1.25158	1.25160			6
2024.12.26	14:39:20.734	1.25157	1.25159			6
2024.12.26	14:39:24.696	1.25158	1.25160			6
2024.12.26	14:39:29.581	1.25157	1.25159			6
2024.12.26	14:39:32.944	1.25158				2
2024.12.26	14:39:35.390		1.25160			4
2024.12.26	14:39:38.466	1.25157	1.25159			6
2024.12.26	14:39:39.074	1.25161	1.25163			6
2024.12.26	14:39:40.290	1.25160				2
2024.12.26	14:39:45.021	1.25159	1.25162			6
2024.12.26	14:39:45.327		1.25161			4
2024.12.26	14:39:45.639	1.25161	1.25163			6
2024.12.26	14:39:46.244		1.25164			4
2024.12.26	14:39:46.546	1.25160	1.25162			6
2024.12.26	14:39:48.689	1.25161	1.25164			6
2024.12.26	14:39:49.310	1.25160	1.25163			6
2024.12.26	14:39:56.100		1.25162			4
2024.12.26	14:40:00.094	1.25160				2
2024.12.26	14:40:02.836	1.25161	1.25163			6
2024.12.26	14:40:03.447	1.25163	1.25165			6
2024.12.26	14:40:04.360		1.25166			4
2024.12.26	14:40:09.260	1.25165	1.25167			6
2024.12.26	14:40:09.564	1.25173	1.25176			6
2024.12.26	14:40:09.872	1.25172	1.25175			6
2024.12.26	14:40:10.182	1.25171	1.25177			6
2024.12.26	14:40:10.485	1.25169				2
2024.12.26	14:40:11.410	1.25170	1.25176			6
2024.12.26	14:40:12.321		1.25175			4
2024.12.26	14:40:12.632	1.25169	1.25174			6
2024.12.26	14:40:18.752		1.25175			4
2024.12.26	14:40:19.060	1.25170				2
2024.12.26	14:40:22.126		1.25176			4
2024.12.26	14:40:25.484	1.25169	1.25175			6
2024.12.26	14:40:26.100		1.25174			4
2024.12.26	14:40:26.708	1.25170	1.25175			6
2024.12.26	14:40:27.017		1.25174			4
2024.12.26	14:40:27.324		1.25175			4
2024.12.26	14:40:29.794	1.25169	1.25174			6
2024.12.26	14:40:30.104	1.25167	1.25172			6
2024.12.26	14:40:30.409		1.25173			4
2024.12.26	14:40:31.022	1.25166	1.25172			6
2024.12.26	14:40:31.640	1.25165	1.25171			6
2024.12.26	14:40:33.184	1.25164	1.25170			6
2024.12.26	14:40:33.795		1.25169			4
2024.12.26	14:40:35.028		1.25170			4
2024.12.26	14:40:40.264	1.25165	1.25171			6
2024.12.26	14:40:40.879	1.25164	1.25170			6
2024.12.26	14:40:43.651	1.25165				2
2024.12.26	14:40:45.193	1.25164	1.25171			6
2024.12.26	14:40:45.501	1.25165				2
2024.12.26	14:40:48.277		1.25170			4
2024.12.26	14:40:52.289	1.25164				2
2024.12.26	14:40:55.362	1.25166	1.25171			6
2024.12.26	14:40:56.284	1.25165				2
2024.12.26	14:40:56.592	1.25168	1.25172			6
2024.12.26	14:40:57.210		1.25173			4
2024.12.26	14:40:57.832	1.25166	1.25172			6
2024.12.26	14:40:58.142		1.25171			4
2024.12.26	14:40:59.354		1.25172			4
2024.12.26	14:41:00.281	1.25166	1.25171			6
2024.12.26	14:41:01.821		1.25172			4
2024.12.26	14:41:05.196		1.25171			4
2024.12.26	14:41:05.510	1.25164	1.25169			6
2024.12.26	14:41:06.128		1.25170			4
2024.12.26	14:41:07.355		1.25169			4
2024.12.26	14:41:08.582	1.25165				2
2024.12.26	14:41:09.816	1.25163	1.25168			6
2024.12.26	14:41:10.121	1.25164				2
2024.12.26	14:41:13.202	1.25161	1.25167			6
2024.12.26	14:41:13.512	1.25159	1.25164			6
2024.12.26	14:41:14.136		1.25165			4
2024.12.26	14:41:18.137		1.25166			4
2024.12.26	14:41:18.448		1.25165			4
2024.12.26	14:41:20.297	1.25158	1.25164			6
2024.12.26	14:41:20.602	1.25159	1.25163			6
2024.12.26	14:41:20.908	1.25160	1.25164			6
2024.12.26	14:41:21.209	1.25163	1.25167			6
2024.12.26	14:41:21.528	1.25162	1.25166			6
2024.12.26	14:41:22.138		1.25167			4
2024.12.26	14:41:23.683	1.25161				2
2024.12.26	14:41:23.993	1.25163				2
2024.12.26	14:41:24.610		1.25168			4
2024.12.26	14:41:24.916	1.25164	1.25167			6
2024.12.26	14:41:25.842	1.25163				2
2024.12.26	14:41:26.145	1.25161	1.25165			6
2024.12.26	14:41:28.623	1.25159				2
2024.12.26	14:41:29.857	1.25160				2
2024.12.26	14:41:30.163	1.25159	1.25164			6
2024.12.26	14:41:31.704		1.25165			4
2024.12.26	14:41:34.477		1.25164			4
2024.12.26	14:41:34.785		1.25163			4
2024.12.26	14:41:35.098		1.25164			4
2024.12.26	14:41:36.942		1.25163			4
2024.12.26	14:41:38.790		1.25164			4
2024.12.26	14:41:39.715		1.25163			4
2024.12.26	14:41:44.339		1.25164			4
2024.12.26	14:41:45.885	1.25160				2
2024.12.26	14:41:46.188		1.25163			4
2024.12.26	14:41:46.492	1.25163	1.25167			6
2024.12.26	14:41:46.806	1.25164	1.25168			6
2024.12.26	14:41:47.110		1.25170			4
2024.12.26	14:41:49.270	1.25163				2
2024.12.26	14:41:50.492	1.25164				2
2024.12.26	14:41:53.276		1.25169			4
2024.12.26	14:41:55.745	1.25162	1.25166			6
2024.12.26	14:41:56.046	1.25160				2
2024.12.26	14:41:56.360	1.25162	1.25167			6
2024.12.26	14:41:56.671	1.25163	1.25168			6
2024.12.26	14:41:57.595	1.25164	1.25169			6
2024.12.26	14:42:00.064	1.25164				2
2024.12.26	14:42:01.300		1.25168			4
2024.12.26	14:42:01.921		1.25169			4
2024.12.26	14:42:02.229		1.25168			4
2024.12.26	14:42:02.844	1.25165	1.25169			6
2024.12.26	14:42:04.378	1.25164				2
2024.12.26	14:42:05.922		1.25168			4
2024.12.26	14:42:14.241		1.25167			4
2024.12.26	14:42:15.160	1.25163				2
2024.12.26	14:42:15.464	1.25164				2
2024.12.26	14:42:18.520		1.25168			4
2024.12.26	14:42:18.821		1.25167			4
2024.12.26	14:42:25.543		1.25166			4
2024.12.26	14:42:25.844		1.25167			4
2024.12.26	14:42:28.299		1.25166			4
2024.12.26	14:42:28.913		1.25165			4
2024.12.26	14:42:29.527		1.25166			4
2024.12.26	14:42:34.111	1.25162	1.25164			6
2024.12.26	14:42:34.416	1.25161	1.25163			6
2024.12.26	14:42:38.679	1.25162	1.25164			6
2024.12.26	14:42:39.296	1.25163				2
2024.12.26	14:42:39.600		1.25165			4
2024.12.26	14:42:46.331	1.25164	1.25166			6
2024.12.26	14:42:48.154	1.25163	1.25165			6
2024.12.26	14:42:50.900	1.25164	1.25166			6
2024.12.26	14:42:55.481	1.25163	1.25165			6
2024.12.26	14:42:55.783	1.25162	1.25164			6
2024.12.26	14:42:56.086	1.25161				2
2024.12.26	14:42:56.397	1.25162	1.25165			6
2024.12.26	14:42:58.222		1.25164			4
2024.12.26	14:42:58.530	1.25164	1.25166			6
2024.12.26	14:42:59.140		1.25167			4
2024.12.26	14:42:59.443	1.25162	1.25165			6
2024.12.26	14:43:00.055	1.25162				2
2024.12.26	14:43:02.810	1.25151	1.25152			6
2024.12.26	14:43:03.116	1.25149	1.25153			6
2024.12.26	14:43:03.424	1.25148				2
2024.12.26	14:43:03.730		1.25154			4
2024.12.26	14:43:04.340	1.25147	1.25153			6
2024.12.26	14:43:04.649	1.25148				2
2024.12.26	14:43:04.952	1.25150	1.25155			6
2024.12.26	14:43:05.565		1.25156			4
2024.12.26	14:43:05.878		1.25155			4
2024.12.26	14:43:12.628		1.25156			4
2024.12.26	14:43:32.350	1.25154	1.25159			6
2024.12.26	14:43:32.655		1.25160			4
2024.12.26	14:43:36.041	1.25152	1.25157			6
2024.12.26	14:43:36.343	1.25150	1.25156			6
2024.12.26	14:43:36.963		1.25155			4
2024.12.26	14:43:38.504		1.25156			4
2024.12.26	14:43:41.890	1.25149	1.25155			6
2024.12.26	14:43:42.818	1.25148	1.25154			6
2024.12.26	14:43:43.429	1.25150	1.25155			6
2024.12.26	14:43:45.879		1.25156			4
2024.12.26	14:43:48.038		1.25155			4
2024.12.26	14:43:50.802		1.25156			4
2024.12.26	14:43:51.116	1.25148	1.25154			6
2024.12.26	14:43:54.497	1.25149	1.25155			6
2024.12.26	14:43:54.806	1.25150				2
2024.12.26	14:43:58.191		1.25156			4
2024.12.26	14:44:00.044	1.25150				2
2024.12.26	14:44:01.274	1.25149				2
2024.12.26	14:44:01.885	1.25150				2
2024.12.26	14:44:05.896	1.25149				2
2024.12.26	14:44:06.818	1.25150	1.25155			6
2024.12.26	14:44:08.357		1.25154			4
2024.12.26	14:44:10.817		1.25156			4
2024.12.26	14:44:11.124	1.25151				2
2024.12.26	14:44:11.434	1.25153	1.25158			6
2024.12.26	14:44:11.740	1.25152	1.25157			6
2024.12.26	14:44:12.975	1.25153	1.25158			6
2024.12.26	14:44:13.887	1.25154	1.25159			6
2024.12.26	14:44:15.124		1.25160			4
2024.12.26	14:44:33.894	1.25155				2
2024.12.26	14:44:36.952	1.25159	1.25162			6
2024.12.26	14:44:40.005	1.25157				2
2024.12.26	14:44:40.924	1.25158	1.25163			6
2024.12.26	14:44:41.232	1.25159				2
2024.12.26	14:44:41.840	1.25158	1.25162			6
2024.12.26	14:44:42.145		1.25163			4
2024.12.26	14:44:42.760		1.25162			4
2024.12.26	14:44:43.066	1.25159	1.25163			6
2024.12.26	14:44:45.206	1.25161	1.25165			6
2024.12.26	14:44:46.124	1.25160	1.25164			6
2024.12.26	14:44:46.425		1.25165			4
2024.12.26	14:44:47.655	1.25161				2
2024.12.26	14:44:47.966	1.25162				2
2024.12.26	14:44:48.268		1.25164			4
2024.12.26	14:44:49.180	1.25160	1.25163			6
2024.12.26	14:44:49.487	1.25162				2
2024.12.26	14:44:50.105		1.25164			4
2024.12.26	14:44:51.028		1.25163			4
2024.12.26	14:44:52.254	1.25161				2
2024.12.26	14:44:55.320	1.25160				2
2024.12.26	14:45:00.223	1.25160				2
2024.12.26	14:45:00.835	1.25162	1.25165			6
2024.12.26	14:45:01.142	1.25163				2
2024.12.26	14:45:01.443	1.25164	1.25166			6
2024.12.26	14:45:01.744	1.25163	1.25165			6
2024.12.26	14:45:02.352		1.25167			4
2024.12.26	14:45:03.891	1.25160	1.25165			6
2024.12.26	14:45:04.203	1.25159	1.25163			6
2024.12.26	14:45:05.113		1.25164			4
2024.12.26	14:45:07.881		1.25163			4
2024.12.26	14:45:08.499	1.25158				2
2024.12.26	14:45:10.966	1.25159	1.25164			6
2024.12.26	14:45:11.270	1.25158	1.25163			6
2024.12.26	14:45:11.883	1.25157	1.25162			6
2024.12.26	14:45:13.107		1.25161			4
2024.12.26	14:45:13.415	1.25156				2
2024.12.26	14:45:16.471	1.25157	1.25162			6
2024.12.26	14:45:17.093		1.25161			4
2024.12.26	14:45:22.297	1.25156	1.25160			6
2024.12.26	14:45:22.603	1.25155	1.25159			6
2024.12.26	14:45:22.911	1.25156	1.25160			6
2024.12.26	14:45:24.436	1.25155	1.25159			6
2024.12.26	14:45:25.059	1.25152	1.25156			6
2024.12.26	14:45:25.671	1.25153	1.25157			6
2024.12.26	14:45:29.935	1.25155	1.25159			6
2024.12.26	14:45:30.858	1.25154	1.25158			6
2024.12.26	14:45:31.166	1.25155	1.25159			6
2024.12.26	14:45:32.692	1.25154	1.25158			6
2024.12.26	14:45:34.202	1.25156	1.25160			6
2024.12.26	14:45:34.503	1.25155	1.25159			6
2024.12.26	14:45:35.111	1.25156				2
2024.12.26	14:45:41.212		1.25158			4
2024.12.26	14:45:45.181	1.25157	1.25159			6
2024.12.26	14:45:45.796	1.25156	1.25158			6
2024.12.26	14:45:46.109	1.25157	1.25159			6
2024.12.26	14:45:55.263	1.25156	1.25158			6
2024.12.26	14:45:55.565	1.25151	1.25153			6
2024.12.26	14:45:56.173	1.25150	1.25155			6
2024.12.26	14:45:57.700	1.25151				2
2024.12.26	14:45:58.003	1.25150				2
2024.12.26	14:45:58.929	1.25151	1.25156			6
2024.12.26	14:45:59.238	1.25150				2
2024.12.26	14:45:59.548	1.25151				2
2024.12.26	14:46:00.168	1.25151				2
2024.12.26	14:46:00.779	1.25154	1.25158			6
2024.12.26	14:46:02.012		1.25159			4
2024.12.26	14:46:04.772		1.25160			4
2024.12.26	14:46:05.085		1.25159			4
2024.12.26	14:46:05.390		1.25160			4
2024.12.26	14:46:06.311	1.25155				2
2024.12.26	14:46:07.854		1.25161			4
2024.12.26	14:46:08.162	1.25156				2
2024.12.26	14:46:09.418	1.25155	1.25160			6
2024.12.26	14:46:10.047	1.25156	1.25161			6
2024.12.26	14:46:11.577	1.25155	1.25160			6
2024.12.26	14:46:11.899	1.25156	1.25161			6
2024.12.26	14:46:12.508	1.25155	1.25160			6
2024.12.26	14:46:13.734	1.25156	1.25161			6
2024.12.26	14:46:14.352		1.25160			4
2024.12.26	14:46:18.047	1.25157	1.25161			6
2024.12.26	14:46:21.123	1.25158				2
2024.12.26	14:46:25.099	1.25157	1.25160			6
2024.12.26	14:46:25.404	1.25158	1.25161			6
2024.12.26	14:46:25.715	1.25157	1.25160			6
2024.12.26	14:46:27.241		1.25159			4
2024.12.26	14:46:27.548	1.25161	1.25163			6
2024.12.26	14:46:27.850	1.25162	1.25164			6
2024.12.26	14:46:28.165	1.25161	1.25166			6
2024.12.26	14:46:28.776	1.25159	1.25164			6
2024.12.26	14:46:29.391	1.25158	1.25163			6
2024.12.26	14:46:33.093		1.25162			4
2024.12.26	14:46:34.322		1.25163			4
2024.12.26	14:46:37.699	1.25157				2
2024.12.26	14:46:38.007		1.25162			4
2024.12.26	14:46:38.310	1.25158				2
2024.12.26	14:46:38.612		1.25163			4
2024.12.26	14:46:41.996	1.25159	1.25164			6
2024.12.26	14:46:42.612	1.25161	1.25165			6
2024.12.26	14:46:42.920	1.25162	1.25166			6
2024.12.26	14:46:46.310		1.25165			4
2024.12.26	14:46:49.383		1.25166			4
2024.12.26	14:46:51.237	1.25163				2
2024.12.26	14:46:52.451	1.25164	1.25167			6
2024.12.26	14:46:59.193		1.25166			4
2024.12.26	14:46:59.499	1.25166	1.25167			6
2024.12.26	14:46:59.807	1.25167	1.25169			6
2024.12.26	14:47:00.110	1.25167	1.25170			6
2024.12.26	14:47:02.871	1.25166	1.25169			6
2024.12.26	14:47:05.327		1.25168			4
2024.12.26	14:47:08.701	1.25167	1.25169			6
2024.12.26	14:47:14.271	1.25163	1.25164			6
2024.12.26	14:47:14.575		1.25165			4
2024.12.26	14:47:14.880	1.25162	1.25164			6
2024.12.26	14:47:15.182	1.25161	1.25165			6
2024.12.26	14:47:16.421		1.25164			4
2024.12.26	14:47:16.731		1.25165			4
2024.12.26	14:47:18.572	1.25163				2
2024.12.26	14:47:18.889		1.25166			4
2024.12.26	14:47:19.201		1.25167			4
2024.12.26	14:47:21.360	1.25164				2
2024.12.26	14:47:22.886	1.25165	1.25168			6
2024.12.26	14:47:23.807	1.25166	1.25169			6
2024.12.26	14:47:29.307		1.25168			4
2024.12.26	14:47:30.530	1.25165	1.25167			6
2024.12.26	14:47:30.832	1.25163	1.25165			6
2024.12.26	14:47:31.138		1.25166			4
2024.12.26	14:47:31.448	1.25162				2
2024.12.26	14:47:32.370	1.25163				2
2024.12.26	14:47:36.978	1.25164				2
2024.12.26	14:47:40.656	1.25163				2
2024.12.26	14:47:41.265	1.25162	1.25163			6
2024.12.26	14:47:41.575		1.25164			4
2024.12.26	14:47:42.181		1.25165			4
2024.12.26	14:47:43.102	1.25161				2
2024.12.26	14:47:43.404	1.25164	1.25166			6
2024.12.26	14:47:45.546	1.25163				2
2024.12.26	14:47:45.851	1.25164	1.25167			6
2024.12.26	14:47:46.154	1.25162	1.25165			6
2024.12.26	14:47:52.256		1.25164			4
2024.12.26	14:47:52.876	1.25164	1.25165			6
2024.12.26	14:47:55.609	1.25163				2
2024.12.26	14:47:56.218	1.25165	1.25167			6
2024.12.26	14:47:56.828	1.25161	1.25162			6
2024.12.26	14:47:57.130	1.25154	1.25155			6
2024.12.26	14:47:57.434	1.25152	1.25153			6
2024.12.26	14:47:57.741	1.25151				2
2024.12.26	14:47:58.041	1.25150	1.25152			6
2024.12.26	14:47:58.344		1.25156			4
2024.12.26	14:47:58.967	1.25151				2
2024.12.26	14:48:00.193	1.25151				2
2024.12.26	14:48:01.118	1.25152	1.25157			6
2024.12.26	14:48:01.732	1.25150				2
2024.12.26	14:48:02.349	1.25152				2
2024.12.26	14:48:02.659	1.25150	1.25156			6
2024.12.26	14:48:04.189	1.25151				2
2024.12.26	14:48:04.498	1.25152	1.25157			6
2024.12.26	14:48:04.802	1.25153				2
2024.12.26	14:48:06.027		1.25158			4
2024.12.26	14:48:10.335		1.25157			4
2024.12.26	14:48:12.185	1.25151				2
2024.12.26	14:48:12.486		1.25155			4
2024.12.26	14:48:12.797	1.25152	1.25157			6
2024.12.26	14:48:14.032		1.25156			4
2024.12.26	14:48:15.878		1.25157			4
2024.12.26	14:48:16.804	1.25151				2
2024.12.26	14:48:17.112	1.25152				2
2024.12.26	14:48:19.888		1.25156			4
2024.12.26	14:48:21.120	1.25151				2
2024.12.26	14:48:22.963	1.25149	1.25154			6
2024.12.26	14:48:23.265	1.25148	1.25153			6
2024.12.26	14:48:30.636	1.25147				2
2024.12.26	14:48:31.861	1.25148				2
2024.12.26	14:48:32.472	1.25147				2
2024.12.26	14:48:33.086	1.25148	1.25154			6
2024.12.26	14:48:41.345	1.25147	1.25151			6
2024.12.26	14:48:41.648	1.25146				2
2024.12.26	14:48:42.570	1.25145				2
2024.12.26	14:48:45.014	1.25150	1.25156			6
2024.12.26	14:48:45.320	1.25151				2
2024.12.26	14:48:45.933	1.25150				2
2024.12.26	14:48:53.563		1.25157			4
2024.12.26	14:48:53.874		1.25156			4
2024.12.26	14:48:58.142	1.25153	1.25159			6
2024.12.26	14:49:00.282	1.25153				2
2024.12.26	14:49:00.584	1.25154				2
2024.12.26	14:49:00.886	1.25155	1.25161			6
2024.12.26	14:49:01.203	1.25158	1.25163			6
2024.12.26	14:49:01.806	1.25159				2
2024.12.26	14:49:02.429	1.25157				2
2024.12.26	14:49:03.039	1.25158				2
2024.12.26	14:49:04.568	1.25157				2
2024.12.26	14:49:05.843	1.25155	1.25160			6
2024.12.26	14:49:07.678	1.25153	1.25159			6
2024.12.26	14:49:08.290	1.25150	1.25158			6
2024.12.26	14:49:09.817	1.25152	1.25157			6
2024.12.26	14:49:10.121		1.25158			4
2024.12.26	14:49:11.036	1.25151				2
2024.12.26	14:49:16.569	1.25152				2
2024.12.26	14:49:16.879	1.25154	1.25160			6
2024.12.26	14:49:18.721	1.25151	1.25158			6
2024.12.26	14:49:19.028	1.25152				2
2024.12.26	14:49:19.341	1.25151				2
2024.12.26	14:49:21.495		1.25157			4
2024.12.26	14:49:27.021		1.25158			4
2024.12.26	14:49:28.242	1.25154	1.25160			6
2024.12.26	14:49:29.777	1.25153	1.25159			6
2024.12.26	14:49:31.701	1.25154	1.25160			6
2024.12.26	14:49:42.107	1.25155				2
2024.12.26	14:49:43.641	1.25154				2
2024.12.26	14:49:44.252	1.25155				2
2024.12.26	14:49:45.788	1.25151	1.25158			6
2024.12.26	14:49:46.092	1.25154				2
2024.12.26	14:49:46.402	1.25153				2
2024.12.26	14:49:46.714	1.25152				2
2024.12.26	14:49:48.244	1.25153				2
2024.12.26	14:49:48.547	1.25151	1.25156			6
2024.12.26	14:49:49.791		1.25157			4
2024.12.26	14:49:52.561	1.25152				2
2024.12.26	14:49:52.864		1.25158			4
2024.12.26	14:49:53.175	1.25151				2
2024.12.26	14:49:53.483	1.25152				2
2024.12.26	14:49:54.097	1.25151				2
2024.12.26	14:49:56.255		1.25157			4
2024.12.26	14:49:56.864		1.25156			4
2024.12.26	14:49:57.167		1.25157			4
2024.12.26	14:49:57.474	1.25153	1.25159			6
2024.12.26	14:50:00.252	1.25153				2
2024.12.26	14:50:01.173	1.25152	1.25157			6
2024.12.26	14:50:01.481	1.25151				2
2024.12.26	14:50:02.402	1.25152	1.25158			6
2024.12.26	14:50:03.322	1.25151	1.25157			6
2024.12.26	14:50:03.626	1.25152	1.25158			6
2024.12.26	14:50:03.938	1.25151	1.25157			6
2024.12.26	14:50:05.160	1.25152	1.25158			6
2024.12.26	14:50:05.469		1.25157			4
2024.12.26	14:50:05.772	1.25151				2
2024.12.26	14:50:07.311	1.25152				2
2024.12.26	14:50:07.620	1.25153	1.25158			6
2024.12.26	14:50:07.925	1.25152	1.25157			6
2024.12.26	14:50:08.837	1.25153	1.25158			6
2024.12.26	14:50:09.442	1.25154	1.25159			6
2024.12.26	14:50:09.744	1.25155	1.25160			6
2024.12.26	14:50:10.350	1.25154				2
2024.12.26	14:50:13.133	1.25155				2
2024.12.26	14:50:16.501	1.25154	1.25159			6
2024.12.26	14:50:16.806	1.25153	1.25158			6
2024.12.26	14:50:19.868	1.25152	1.25157			6
2024.12.26	14:50:20.170		1.25156			4
2024.12.26	14:50:24.157	1.25153				2
2024.12.26	14:50:29.340		1.25155			4
2024.12.26	14:50:31.178	1.25150	1.25152			6
2024.12.26	14:50:31.483	1.25149	1.25151			6
2024.12.26	14:50:32.095		1.25153			4
2024.12.26	14:50:33.615	1.25148				2
2024.12.26	14:50:34.222	1.25149	1.25154			6
2024.12.26	14:50:35.134	1.25148				2
2024.12.26	14:50:36.358	1.25149				2
2024.12.26	14:50:36.668		1.25153			4
2024.12.26	14:50:37.888	1.25148				2
2024.12.26	14:50:38.191	1.25149				2
2024.12.26	14:50:40.043	1.25147	1.25152			6
2024.12.26	14:50:40.664	1.25149	1.25153			6
2024.12.26	14:50:42.196	1.25147	1.25151			6
2024.12.26	14:50:49.247	1.25148				2
2024.12.26	14:50:50.464	1.25147	1.25150			6
2024.12.26	14:50:50.771	1.25145	1.25148			6
2024.12.26	14:50:51.385	1.25144	1.25149			6
2024.12.26	14:50:52.316		1.25148			4
2024.12.26	14:50:52.621		1.25147			4
2024.12.26	14:50:53.234		1.25148			4
2024.12.26	14:50:53.535	1.25145	1.25149			6
2024.12.26	14:50:54.153		1.25150			4
2024.12.26	14:50:54.764	1.25144	1.25149			6
2024.12.26	14:50:55.382	1.25145				2
2024.12.26	14:50:56.909	1.25144	1.25148			6
2024.12.26	14:50:57.515	1.25145	1.25149			6
2024.12.26	14:50:59.034	1.25144	1.25148			6
2024.12.26	14:50:59.640	1.25145	1.25149			6
2024.12.26	14:51:00.252	1.25146	1.25150			6
2024.12.26	14:51:01.165	1.25145	1.25149			6
2024.12.26	14:51:01.474		1.25148			4
2024.12.26	14:51:01.780		1.25149			4
2024.12.26	14:51:02.698	1.25143	1.25147			6
2024.12.26	14:51:07.275	1.25144				2
2024.12.26	14:51:07.892	1.25147	1.25150			6
2024.12.26	14:51:08.200	1.25146				2
2024.12.26	14:51:13.112	1.25147				2
2024.12.26	14:51:13.720	1.25145	1.25148			6
2024.12.26	14:51:14.021	1.25144	1.25147			6
2024.12.26	14:51:14.332		1.25148			4
2024.12.26	14:51:14.641	1.25146	1.25150			6
2024.12.26	14:51:15.248	1.25145				2
2024.12.26	14:51:18.314		1.25151			4
2024.12.26	14:51:20.151	1.25146				2
2024.12.26	14:51:22.903	1.25147				2
2024.12.26	14:51:24.731	1.25149	1.25153			6
2024.12.26	14:51:25.041	1.25150	1.25155			6
2024.12.26	14:51:25.347	1.25149				2
2024.12.26	14:51:26.254	1.25148	1.25154			6
2024.12.26	14:51:27.768	1.25149				2
2024.12.26	14:51:28.383	1.25150				2
2024.12.26	14:51:30.524	1.25151	1.25155			6
2024.12.26	14:51:30.826	1.25152	1.25156			6
2024.12.26	14:51:31.129		1.25157			4
2024.12.26	14:51:32.057	1.25153	1.25158			6
2024.12.26	14:51:32.361	1.25154	1.25159			6
2024.12.26	14:51:35.419	1.25155	1.25160			6
2024.12.26	14:51:37.262	1.25156	1.25161			6
2024.12.26	14:51:39.096		1.25160			4
2024.12.26	14:51:41.550	1.25155	1.25159			6
2024.12.26	14:51:42.156	1.25156	1.25160			6
2024.12.26	14:51:42.767	1.25155	1.25159			6
2024.12.26	14:51:43.073	1.25156	1.25160			6
2024.12.26	14:51:43.381	1.25157				2
2024.12.26	14:51:47.359		1.25159			4
2024.12.26	14:51:54.371	1.25155	1.25157			6
2024.12.26	14:51:54.678	1.25154	1.25156			6
2024.12.26	14:51:58.946	1.25155	1.25157			6
2024.12.26	14:52:00.188	1.25154	1.25156			6
2024.12.26	14:52:04.170	1.25152	1.25154			6
2024.12.26	14:52:10.608	1.25153	1.25155			6
2024.12.26	14:52:11.822	1.25156	1.25158			6
2024.12.26	14:52:12.124	1.25154	1.25156			6
2024.12.26	14:52:19.457	1.25155	1.25157			6
2024.12.26	14:52:22.822	1.25157	1.25159			6
2024.12.26	14:52:25.260	1.25156	1.25158			6
2024.12.26	14:52:29.531	1.25154	1.25156			6
2024.12.26	14:52:32.889	1.25153	1.25155			6
2024.12.26	14:52:34.109	1.25154	1.25156			6
2024.12.26	14:52:43.877	1.25153	1.25155			6
2024.12.26	14:52:51.523	1.25154	1.25156			6
2024.12.26	14:52:56.725	1.25155	1.25157			6
2024.12.26	14:53:00.091	1.25155				2
2024.12.26	14:53:01.002	1.25154	1.25156			6
2024.12.26	14:53:13.203	1.25155	1.25157			6
2024.12.26	14:53:15.641	1.25154	1.25156			6
2024.12.26	14:53:20.517	1.25155	1.25157			6
2024.12.26	14:53:22.345	1.25154	1.25156			6
2024.12.26	14:53:23.881	1.25155	1.25157			6
2024.12.26	14:53:24.187	1.25154	1.25156			6
2024.12.26	14:53:29.683	1.25153	1.25155			6
2024.12.26	14:53:29.984	1.25154	1.25156			6
2024.12.26	14:53:39.487	1.25155	1.25157			6
2024.12.26	14:53:39.788	1.25158	1.25160			6
2024.12.26	14:53:44.395	1.25157	1.25159			6
2024.12.26	14:53:48.708	1.25158	1.25160			6
2024.12.26	14:53:49.015	1.25159	1.25161			6
2024.12.26	14:53:49.320	1.25157	1.25159			6
2024.12.26	14:53:49.632	1.25156	1.25158			6
2024.12.26	14:53:51.170	1.25155	1.25157			6
2024.12.26	14:53:53.323	1.25156	1.25158			6
2024.12.26	14:53:53.939	1.25155	1.25157			6
2024.12.26	14:53:54.253	1.25156	1.25158			6
2024.12.26	14:53:54.555	1.25157	1.25159			6
2024.12.26	14:53:55.785	1.25159	1.25161			6
2024.12.26	14:53:56.087	1.25160	1.25162			6
2024.12.26	14:54:00.078	1.25160				2
2024.12.26	14:54:02.541	1.25158	1.25160			6
2024.12.26	14:54:04.695	1.25159	1.25161			6
2024.12.26	14:54:07.164	1.25158	1.25160			6
2024.12.26	14:54:15.461	1.25155	1.25157			6
2024.12.26	14:54:16.989	1.25156	1.25158			6
2024.12.26	14:54:17.602	1.25157	1.25159			6
2024.12.26	14:54:23.428	1.25156	1.25158			6
2024.12.26	14:54:24.040	1.25160	1.25162			6
2024.12.26	14:54:25.266	1.25159	1.25163			6
2024.12.26	14:54:26.186	1.25160				2
2024.12.26	14:54:28.320	1.25165	1.25167			6
2024.12.26	14:54:29.241	1.25162				2
2024.12.26	14:54:29.542	1.25163				2
2024.12.26	14:54:30.156		1.25168			4
2024.12.26	14:54:30.462	1.25165	1.25171			6
2024.12.26	14:54:35.110	1.25164	1.25169			6
2024.12.26	14:54:35.414	1.25163	1.25168			6
2024.12.26	14:54:36.030	1.25162				2
2024.12.26	14:54:36.955	1.25163	1.25169			6
2024.12.26	14:54:37.867	1.25162	1.25168			6
2024.12.26	14:54:38.172	1.25163				2
2024.12.26	14:54:41.848	1.25164	1.25169			6
2024.12.26	14:54:42.156	1.25165	1.25170			6
2024.12.26	14:54:44.301	1.25166	1.25171			6
2024.12.26	14:54:44.609	1.25167	1.25172			6
2024.12.26	14:54:52.282	1.25168				2
2024.12.26	14:54:53.812		1.25173			4
2024.12.26	14:54:55.037	1.25169				2
2024.12.26	14:54:55.653	1.25174	1.25178			6
2024.12.26	14:54:55.957	1.25173				2
2024.12.26	14:54:56.565	1.25172	1.25177			6
2024.12.26	14:54:56.874	1.25173	1.25178			6
2024.12.26	14:54:57.497		1.25179			4
2024.12.26	14:54:59.029	1.25175	1.25181			6
2024.12.26	14:54:59.339		1.25182			4
2024.12.26	14:54:59.957	1.25177				2
2024.12.26	14:55:00.261	1.25176				2
2024.12.26	14:55:04.253	1.25177				2
2024.12.26	14:55:04.863	1.25178	1.25183			6
2024.12.26	14:55:05.169	1.25179				2
2024.12.26	14:55:05.785	1.25177				2
2024.12.26	14:55:07.936	1.25178				2
2024.12.26	14:55:08.242	1.25177				2
2024.12.26	14:55:09.180		1.25182			4
2024.12.26	14:55:10.102	1.25178	1.25183			6
2024.12.26	14:55:12.262	1.25181	1.25185			6
2024.12.26	14:55:12.562	1.25180				2
2024.12.26	14:55:13.797	1.25183	1.25187			6
2024.12.26	14:55:14.414	1.25185	1.25188			6
2024.12.26	14:55:15.025	1.25184				2
2024.12.26	14:55:15.339	1.25183				2
2024.12.26	14:55:16.559	1.25181	1.25186			6
2024.12.26	14:55:18.403		1.25187			4
2024.12.26	14:55:18.709	1.25180	1.25185			6
2024.12.26	14:55:19.635	1.25176	1.25182			6
2024.12.26	14:55:19.941	1.25178	1.25183			6
2024.12.26	14:55:20.244	1.25177				2
2024.12.26	14:55:20.564	1.25178				2
2024.12.26	14:55:21.783	1.25177				2
2024.12.26	14:55:22.400	1.25178				2
2024.12.26	14:55:24.554		1.25182			4
2024.12.26	14:55:28.839	1.25177				2
2024.12.26	14:55:29.454	1.25176				2
2024.12.26	14:55:30.064	1.25178				2
2024.12.26	14:55:30.373	1.25179	1.25183			6
2024.12.26	14:55:32.216	1.25178				2
2024.12.26	14:55:34.363	1.25177	1.25182			6
2024.12.26	14:55:34.667	1.25178				2
2024.12.26	14:55:34.979	1.25177				2
2024.12.26	14:55:40.201	1.25179	1.25184			6
2024.12.26	14:55:46.662	1.25180	1.25182			6
2024.12.26	14:55:46.967	1.25182	1.25187			6
2024.12.26	14:55:47.271	1.25181				2
2024.12.26	14:55:49.120		1.25186			4
2024.12.26	14:55:49.735	1.25182	1.25187			6
2024.12.26	14:55:50.660	1.25183	1.25188			6
2024.12.26	14:55:54.660	1.25194	1.25195			6
2024.12.26	14:55:54.968	1.25196	1.25201			6
2024.12.26	14:55:55.273	1.25197				2
2024.12.26	14:55:56.807		1.25202			4
2024.12.26	14:55:58.340	1.25196	1.25201			6
2024.12.26	14:55:58.956		1.25200			4
2024.12.26	14:55:59.570	1.25195				2
2024.12.26	14:56:00.181	1.25195				2
2024.12.26	14:56:02.643	1.25196	1.25201			6
2024.12.26	14:56:02.947	1.25197				2
2024.12.26	14:56:05.696	1.25198				2
2024.12.26	14:56:06.010	1.25197				2
2024.12.26	14:56:07.238	1.25198				2
2024.12.26	14:56:07.542	1.25197				2
2024.12.26	14:56:09.698	1.25198				2
2024.12.26	14:56:10.003		1.25202			4
2024.12.26	14:56:16.164		1.25200			4
2024.12.26	14:56:16.776	1.25201	1.25202			6
2024.12.26	14:56:17.083		1.25205			4
2024.12.26	14:56:19.241	1.25202	1.25203			6
2024.12.26	14:56:20.165		1.25205			4
2024.12.26	14:56:20.473		1.25204			4
2024.12.26	14:56:21.392		1.25205			4
2024.12.26	14:56:21.706		1.25206			4
2024.12.26	14:56:22.012		1.25207			4
2024.12.26	14:56:22.313	1.25200				2
2024.12.26	14:56:22.623	1.25203	1.25206			6
2024.12.26	14:56:23.225	1.25201	1.25207			6
2024.12.26	14:56:23.531	1.25203				2
2024.12.26	14:56:23.836	1.25202	1.25206			6
2024.12.26	14:56:24.752		1.25205			4
2024.12.26	14:56:25.056		1.25206			4
2024.12.26	14:56:26.599	1.25204	1.25207			6
2024.12.26	14:56:27.521	1.25203				2
2024.12.26	14:56:27.828	1.25204				2
2024.12.26	14:56:29.371	1.25202				2
2024.12.26	14:56:30.293	1.25204	1.25208			6
2024.12.26	14:56:31.521	1.25205				2
2024.12.26	14:56:34.598	1.25206	1.25210			6
2024.12.26	14:56:34.906	1.25203	1.25208			6
2024.12.26	14:56:35.828	1.25201	1.25206			6
2024.12.26	14:56:36.129	1.25202				2
2024.12.26	14:56:37.676		1.25207			4
2024.12.26	14:56:37.978	1.25204	1.25209			6
2024.12.26	14:56:38.288	1.25202	1.25208			6
2024.12.26	14:56:39.829	1.25204	1.25209			6
2024.12.26	14:56:40.446		1.25208			4
2024.12.26	14:56:41.984	1.25203				2
2024.12.26	14:56:42.293	1.25201	1.25206			6
2024.12.26	14:56:42.609	1.25202				2
2024.12.26	14:56:42.916	1.25204	1.25208			6
2024.12.26	14:56:43.218		1.25207			4
2024.12.26	14:56:43.522	1.25202				2
2024.12.26	14:56:45.989	1.25203				2
2024.12.26	14:56:46.300	1.25202				2
2024.12.26	14:56:48.758	1.25203	1.25206			6
2024.12.26	14:56:50.914	1.25204	1.25207			6
2024.12.26	14:56:51.220		1.25208			4
2024.12.26	14:56:51.843	1.25206				2
2024.12.26	14:56:52.144	1.25205				2
2024.12.26	14:56:52.452	1.25203	1.25206			6
2024.12.26	14:56:52.761	1.25202				2
2024.12.26	14:56:53.061	1.25203	1.25207			6
2024.12.26	14:56:53.366	1.25204	1.25208			6
2024.12.26	14:56:57.695	1.25205				2
2024.12.26	14:56:58.926	1.25206	1.25209			6
2024.12.26	14:56:59.537	1.25208	1.25211			6
2024.12.26	14:57:00.150	1.25208				2
2024.12.26	14:57:02.000	1.25206				2
2024.12.26	14:57:03.846	1.25207				2
2024.12.26	14:57:04.156	1.25208				2
2024.12.26	14:57:04.770	1.25207				2
2024.12.26	14:57:05.081	1.25209	1.25212			6
2024.12.26	14:57:07.229	1.25210				2
2024.12.26	14:57:07.538		1.25211			4
2024.12.26	14:57:08.764	1.25209				2
2024.12.26	14:57:09.997	1.25207				2
2024.12.26	14:57:10.612	1.25209				2
2024.12.26	14:57:12.461	1.25208	1.25212			6
2024.12.26	14:57:15.239	1.25211	1.25215			6
2024.12.26	14:57:22.628		1.25216			4
2024.12.26	14:57:24.467	1.25212				2
2024.12.26	14:57:25.386	1.25211				2
2024.12.26	14:57:26.908		1.25217			4
2024.12.26	14:57:27.214		1.25216			4
2024.12.26	14:57:27.569	1.25214	1.25218			6
2024.12.26	14:57:27.874	1.25215				2
2024.12.26	14:57:28.796	1.25212	1.25217			6
2024.12.26	14:57:29.096	1.25211	1.25216			6
2024.12.26	14:57:30.323	1.25214	1.25218			6
2024.12.26	14:57:30.625	1.25212				2
2024.12.26	14:57:31.555	1.25214				2
2024.12.26	14:57:31.865	1.25212	1.25217			6
2024.12.26	14:57:32.173	1.25215	1.25220			6
2024.12.26	14:57:35.591	1.25217	1.25221			6
2024.12.26	14:57:36.205	1.25216				2
2024.12.26	14:57:36.519	1.25217				2
2024.12.26	14:57:37.758	1.25216				2
2024.12.26	14:57:38.680	1.25215	1.25219			6
2024.12.26	14:57:39.603		1.25218			4
2024.12.26	14:57:39.914	1.25213	1.25217			6
2024.12.26	14:57:40.216	1.25216	1.25218			6
2024.12.26	14:57:40.522		1.25219			4
2024.12.26	14:57:41.447	1.25214	1.25217			6
2024.12.26	14:57:42.062	1.25215	1.25218			6
2024.12.26	14:57:42.369	1.25214	1.25217			6
2024.12.26	14:57:42.678		1.25218			4
2024.12.26	14:57:42.986	1.25212	1.25217			6
2024.12.26	14:57:43.299	1.25214				2
2024.12.26	14:57:43.600	1.25211	1.25216			6
2024.12.26	14:57:50.040		1.25215			4
2024.12.26	14:57:50.652	1.25210				2
2024.12.26	14:57:51.883	1.25211				2
2024.12.26	14:57:54.642	1.25210				2
2024.12.26	14:57:54.946	1.25211				2
2024.12.26	14:57:56.166	1.25214	1.25216			6
2024.12.26	14:57:56.782	1.25213	1.25215			6
2024.12.26	14:57:57.386	1.25211				2
2024.12.26	14:57:58.610	1.25213	1.25216			6
2024.12.26	14:57:58.913	1.25214	1.25217			6
2024.12.26	14:57:59.843	1.25212	1.25216			6
2024.12.26	14:58:00.148	1.25212				2
2024.12.26	14:58:03.211	1.25211	1.25215			6
2024.12.26	14:58:06.880	1.25210	1.25214			6
2024.12.26	14:58:07.183	1.25211				2
2024.12.26	14:58:08.410	1.25208	1.25211			6
2024.12.26	14:58:08.716	1.25200	1.25203			6
2024.12.26	14:58:09.025	1.25202	1.25205			6
2024.12.26	14:58:09.634	1.25201	1.25204			6
2024.12.26	14:58:10.247		1.25206			4
2024.12.26	14:58:10.862	1.25199	1.25204			6
2024.12.26	14:58:11.788	1.25197	1.25201			6
2024.12.26	14:58:12.711	1.25202	1.25206			6
2024.12.26	14:58:13.328		1.25205			4
2024.12.26	14:58:13.949	1.25200				2
2024.12.26	14:58:15.481	1.25199				2
2024.12.26	14:58:15.783	1.25196	1.25201			6
2024.12.26	14:58:16.398		1.25200			4
2024.12.26	14:58:18.541		1.25201			4
2024.12.26	14:58:19.162	1.25193	1.25198			6
2024.12.26	14:58:20.390	1.25194	1.25199			6
2024.12.26	14:58:20.694	1.25196	1.25201			6
2024.12.26	14:58:21.001	1.25198	1.25202			6
2024.12.26	14:58:21.621		1.25203			4
2024.12.26	14:58:21.924	1.25197	1.25202			6
2024.12.26	14:58:22.543		1.25201			4
2024.12.26	14:58:24.375	1.25195	1.25200			6
2024.12.26	14:58:24.684		1.25199			4
2024.12.26	14:58:26.214	1.25192				2
2024.12.26	14:58:26.534	1.25193				2
2024.12.26	14:58:26.837	1.25194	1.25200			6
2024.12.26	14:58:27.143	1.25196	1.25201			6
2024.12.26	14:58:28.681	1.25195	1.25200			6
2024.12.26	14:58:28.985	1.25197				2
2024.12.26	14:58:30.525		1.25201			4
2024.12.26	14:58:35.755	1.25198				2
2024.12.26	14:58:36.978	1.25199	1.25202			6
2024.12.26	14:58:37.284	1.25196	1.25200			6
2024.12.26	14:58:37.599	1.25194	1.25196			6
2024.12.26	14:58:38.210		1.25197			4
2024.12.26	14:58:40.670	1.25195	1.25200			6
2024.12.26	14:58:40.977		1.25199			4
2024.12.26	14:58:42.510	1.25193	1.25196			6
2024.12.26	14:58:42.817	1.25194	1.25197			6
2024.12.26	14:58:43.435		1.25198			4
2024.12.26	14:58:44.978	1.25195				2
2024.12.26	14:58:45.285	1.25199	1.25203			6
2024.12.26	14:58:45.595	1.25198				2
2024.12.26	14:58:45.901	1.25197	1.25201			6
2024.12.26	14:58:46.209		1.25202			4
2024.12.26	14:58:46.517	1.25198				2
2024.12.26	14:58:48.048	1.25196	1.25200			6
2024.12.26	14:59:00.000	1.25196				2
2024.12.26	14:59:00.917	1.25197	1.25201			6
2024.12.26	14:59:01.228	1.25198	1.25202			6
2024.12.26	14:59:01.532	1.25197	1.25200			6
2024.12.26	14:59:02.144		1.25199			4
2024.12.26	14:59:05.220		1.25200			4
2024.12.26	14:59:08.913		1.25199			4
2024.12.26	14:59:09.529		1.25200			4
2024.12.26	14:59:11.375	1.25196				2
2024.12.26	14:59:13.847		1.25199			4
2024.12.26	14:59:16.002	1.25195				2
2024.12.26	14:59:16.309		1.25198			4
2024.12.26	14:59:16.926		1.25199			4
2024.12.26	14:59:17.541		1.25198			4
2024.12.26	14:59:18.772		1.25200			4
2024.12.26	14:59:19.080		1.25199			4
2024.12.26	14:59:23.397		1.25198			4
2024.12.26	14:59:25.555		1.25199			4
2024.12.26	14:59:27.711	1.25194	1.25197			6
2024.12.26	14:59:28.016		1.25198			4
2024.12.26	14:59:28.627	1.25195	1.25199			6
2024.12.26	14:59:29.841	1.25194				2
2024.12.26	14:59:30.147	1.25195				2
2024.12.26	14:59:36.558	1.25194	1.25198			6
2024.12.26	14:59:38.092	1.25195				2
2024.12.26	14:59:38.393	1.25194				2
2024.12.26	14:59:38.700	1.25195	1.25199			6
2024.12.26	14:59:39.318	1.25196				2
2024.12.26	14:59:39.934	1.25195	1.25198			6
2024.12.26	14:59:41.161	1.25196	1.25199			6
2024.12.26	14:59:45.133		1.25198			4
2024.12.26	14:59:46.041	1.25195	1.25197			6
2024.12.26	14:59:47.260	1.25194	1.25196			6
2024.12.26	14:59:48.180	1.25195	1.25197			6
2024.12.26	14:59:49.099	1.25199	1.25201			6
2024.12.26	14:59:49.402	1.25202	1.25204			6
2024.12.26	14:59:50.015	1.25203	1.25205			6
2024.12.26	14:59:50.316	1.25200				2
2024.12.26	14:59:50.628		1.25204			4
2024.12.26	14:59:54.313	1.25201	1.25205			6
2024.12.26	14:59:56.469	1.25202	1.25206			6
2024.12.26	14:59:57.395	1.25201	1.25204			6
2024.12.26	15:00:00.161	1.25202	1.25205			6
2024.12.26	15:00:00.778		1.25206			4
2024.12.26	15:00:01.395	1.25203				2
2024.12.26	15:00:01.703	1.25202				2
2024.12.26	15:00:02.009	1.25206	1.25210			6
2024.12.26	15:00:02.628	1.25207				2
2024.12.26	15:00:03.244	1.25206				2
2024.12.26	15:00:03.864	1.25204	1.25208			6
2024.12.26	15:00:04.167	1.25203	1.25207			6
2024.12.26	15:00:04.480	1.25204	1.25209			6
2024.12.26	15:00:04.781	1.25205				2
2024.12.26	15:00:05.084	1.25204				2
2024.12.26	15:00:05.384	1.25206	1.25210			6
2024.12.26	15:00:05.692	1.25205				2
2024.12.26	15:00:06.000	1.25208	1.25211			6
2024.12.26	15:00:06.303	1.25207	1.25212			6
2024.12.26	15:00:06.926		1.25211			4
2024.12.26	15:00:07.231	1.25205	1.25209			6
2024.12.26	15:00:07.846	1.25204				2
2024.12.26	15:00:08.460	1.25205				2
2024.12.26	15:00:09.690	1.25204				2
2024.12.26	15:00:10.000		1.25207			4
2024.12.26	15:00:10.314		1.25208			4
2024.12.26	15:00:10.614	1.25203				2
2024.12.26	15:00:10.925	1.25202	1.25207			6
2024.12.26	15:00:11.234	1.25203				2
2024.12.26	15:00:11.540	1.25201				2
2024.12.26	15:00:11.846	1.25204	1.25208			6
2024.12.26	15:00:12.769	1.25202	1.25207			6
2024.12.26	15:00:15.222	1.25191	1.25197			6
2024.12.26	15:00:15.524	1.25192	1.25196			6
2024.12.26	15:00:15.839	1.25191	1.25192			6
2024.12.26	15:00:16.148	1.25188				2
2024.12.26	15:00:16.449	1.25187	1.25191			6
2024.12.26	15:00:17.373	1.25190	1.25194			6
2024.12.26	15:00:18.609		1.25195			4
2024.12.26	15:00:21.159	1.25191				2
2024.12.26	15:00:21.465	1.25190				2
2024.12.26	15:00:22.083	1.25192				2
2024.12.26	15:00:22.387	1.25195	1.25199			6
2024.12.26	15:00:23.616	1.25193	1.25197			6
2024.12.26	15:00:24.536	1.25194	1.25198			6
2024.12.26	15:00:24.843	1.25192	1.25197			6
2024.12.26	15:00:28.229	1.25193				2
2024.12.26	15:00:31.910	1.25195	1.25200			6
2024.12.26	15:00:32.217	1.25196				2
2024.12.26	15:00:34.657	1.25197	1.25201			6
2024.12.26	15:00:34.961	1.25196	1.25200			6
2024.12.26	15:00:39.878	1.25191	1.25196			6
2024.12.26	15:00:42.022	1.25192				2
2024.12.26	15:00:43.552	1.25193	1.25197			6
2024.12.26	15:00:44.777	1.25194	1.25199			6
2024.12.26	15:00:46.603	1.25192	1.25197			6
2024.12.26	15:00:47.521	1.25193				2
2024.12.26	15:00:47.825	1.25192	1.25196			6
2024.12.26	15:00:49.053		1.25197			4
2024.12.26	15:00:54.560	1.25193				2
2024.12.26	15:00:55.172	1.25191	1.25196			6
2024.12.26	15:00:56.396		1.25195			4
2024.12.26	15:00:57.009		1.25196			4
2024.12.26	15:00:57.311		1.25195			4
2024.12.26	15:00:58.833		1.25196			4
2024.12.26	15:00:59.138	1.25192	1.25197			6
2024.12.26	15:01:00.058	1.25192				2
2024.12.26	15:01:00.674		1.25196			4
2024.12.26	15:01:01.588		1.25197			4
2024.12.26	15:01:02.204		1.25196			4
2024.12.26	15:01:03.423		1.25197			4
2024.12.26	15:01:03.729		1.25196			4
2024.12.26	15:01:07.402		1.25197			4
2024.12.26	15:01:07.709		1.25196			4
2024.12.26	15:01:11.996		1.25197			4
2024.12.26	15:01:12.306		1.25196			4
2024.12.26	15:01:13.833		1.25197			4
2024.12.26	15:01:15.674		1.25196			4
2024.12.26	15:01:15.982		1.25197			4
2024.12.26	15:01:16.904	1.25193	1.25198			6
2024.12.26	15:01:17.518	1.25192	1.25195			6
2024.12.26	15:01:17.822	1.25191				2
2024.12.26	15:01:18.128	1.25192	1.25196			6
2024.12.26	15:01:20.888	1.25191	1.25195			6
2024.12.26	15:01:21.499	1.25190				2
2024.12.26	15:01:21.804	1.25193	1.25197			6
2024.12.26	15:01:22.419		1.25198			4
2024.12.26	15:01:25.166	1.25192	1.25196			6
2024.12.26	15:01:25.783	1.25191	1.25195			6
2024.12.26	15:01:26.091	1.25189	1.25193			6
2024.12.26	15:01:28.863	1.25186	1.25189			6
2024.12.26	15:01:29.164		1.25191			4
2024.12.26	15:01:29.481	1.25185				2
2024.12.26	15:01:30.405		1.25192			4
2024.12.26	15:01:30.716	1.25186				2
2024.12.26	15:01:33.177	1.25187				2
2024.12.26	15:01:33.791	1.25186				2
2024.12.26	15:01:34.098	1.25191	1.25196			6
2024.12.26	15:01:34.407	1.25190				2
2024.12.26	15:01:34.712	1.25192	1.25195			6
2024.12.26	15:01:35.324	1.25190	1.25193			6
2024.12.26	15:01:35.633	1.25189				2
2024.12.26	15:01:35.938	1.25190				2
2024.12.26	15:01:36.245	1.25188				2
2024.12.26	15:01:37.480	1.25189				2
2024.12.26	15:01:40.861	1.25188				2
2024.12.26	15:01:41.162	1.25189				2
2024.12.26	15:01:42.700	1.25188				2
2024.12.26	15:01:45.461	1.25191	1.25195			6
2024.12.26	15:01:46.384	1.25192	1.25196			6
2024.12.26	15:01:48.519	1.25187	1.25191			6
2024.12.26	15:01:51.571		1.25192			4
2024.12.26	15:01:52.491		1.25191			4
2024.12.26	15:01:52.796	1.25185	1.25189			6
2024.12.26	15:01:53.103	1.25184				2
2024.12.26	15:01:53.714	1.25187	1.25191			6
2024.12.26	15:01:57.082		1.25192			4
2024.12.26	15:02:00.147	1.25187				2
2024.12.26	15:02:00.451		1.25191			4
2024.12.26	15:02:05.324	1.25185	1.25189			6
2024.12.26	15:02:05.938	1.25186	1.25190			6
2024.12.26	15:02:06.860	1.25185				2
2024.12.26	15:02:09.000	1.25187	1.25192			6
2024.12.26	15:02:09.305	1.25189	1.25193			6
2024.12.26	15:02:10.828	1.25188				2
2024.12.26	15:02:11.434		1.25192			4
2024.12.26	15:02:12.046		1.25193			4
2024.12.26	15:02:14.495		1.25192			4
2024.12.26	15:02:16.941	1.25186	1.25191			6
2024.12.26	15:02:17.244	1.25187				2
2024.12.26	15:02:18.156	1.25185	1.25188			6
2024.12.26	15:02:18.463	1.25184				2
2024.12.26	15:02:19.068	1.25182				2
2024.12.26	15:02:19.372	1.25183				2
2024.12.26	15:02:19.679	1.25182	1.25186			6
2024.12.26	15:02:19.982	1.25183	1.25189			6
2024.12.26	15:02:20.903	1.25182				2
2024.12.26	15:02:21.516		1.25188			4
2024.12.26	15:02:22.430		1.25186			4
2024.12.26	15:02:23.645	1.25183	1.25188			6
2024.12.26	15:02:23.947	1.25182	1.25186			6
2024.12.26	15:02:24.258	1.25183	1.25188			6
2024.12.26	15:02:26.097		1.25189			4
2024.12.26	15:02:26.401	1.25185				2
2024.12.26	15:02:31.576	1.25186	1.25190			6
2024.12.26	15:02:35.540	1.25185				2
2024.12.26	15:02:36.469		1.25187			4
2024.12.26	15:02:36.771	1.25190	1.25195			6
2024.12.26	15:02:37.073	1.25191				2
2024.12.26	15:02:37.680	1.25190	1.25194			6
2024.12.26	15:02:37.987	1.25188	1.25192			6
2024.12.26	15:02:38.297	1.25187				2
2024.12.26	15:02:38.908	1.25188				2
2024.12.26	15:02:39.210	1.25187				2
2024.12.26	15:02:39.832	1.25188	1.25193			6
2024.12.26	15:02:40.138		1.25192			4
2024.12.26	15:02:40.443	1.25187				2
2024.12.26	15:02:40.758		1.25191			4
2024.12.26	15:02:41.371		1.25192			4
2024.12.26	15:02:41.676	1.25185	1.25188			6
2024.12.26	15:02:43.219	1.25184				2
2024.12.26	15:02:43.526	1.25185	1.25190			6
2024.12.26	15:02:45.378	1.25186	1.25191			6
2024.12.26	15:02:45.685	1.25190	1.25194			6
2024.12.26	15:02:45.994	1.25191				2
2024.12.26	15:02:46.612	1.25188	1.25193			6
2024.12.26	15:02:46.917	1.25189				2
2024.12.26	15:02:47.227	1.25188	1.25192			6
2024.12.26	15:02:47.536	1.25189	1.25193			6
2024.12.26	15:03:00.141	1.25189				2
2024.12.26	15:03:09.638	1.25188	1.25192			6
2024.12.26	15:03:10.247	1.25189				2
2024.12.26	15:03:14.228	1.25188				2
2024.12.26	15:03:14.532	1.25189				2
2024.12.26	15:03:15.147	1.25188				2
2024.12.26	15:03:17.900	1.25189				2
2024.12.26	15:03:18.516	1.25188				2
2024.12.26	15:03:18.918	1.25189				2
2024.12.26	15:03:19.834	1.25190	1.25193			6
2024.12.26	15:03:20.138		1.25192			4
2024.12.26	15:03:20.441	1.25189				2
2024.12.26	15:03:21.052	1.25190				2
2024.12.26	15:03:21.358	1.25189				2
2024.12.26	15:03:21.660	1.25190				2
2024.12.26	15:03:21.963	1.25188	1.25190			6
2024.12.26	15:03:25.922	1.25198	1.25199			6
2024.12.26	15:03:26.226	1.25190	1.25194			6
2024.12.26	15:03:26.538	1.25191	1.25195			6
2024.12.26	15:03:28.993		1.25194			4
2024.12.26	15:03:29.302	1.25187	1.25189			6
2024.12.26	15:03:29.910	1.25188	1.25192			6
2024.12.26	15:03:30.531		1.25191			4
2024.12.26	15:03:30.840	1.25189	1.25192			6
2024.12.26	15:03:31.147		1.25191			4
2024.12.26	15:03:32.684	1.25188				2
2024.12.26	15:03:33.904	1.25189				2
2024.12.26	15:03:34.515	1.25188				2
2024.12.26	15:03:34.819		1.25192			4
2024.12.26	15:03:35.737	1.25190	1.25194			6
2024.12.26	15:03:36.039	1.25188	1.25191			6
2024.12.26	15:03:36.962		1.25192			4
2024.12.26	15:03:37.574	1.25189				2
2024.12.26	15:03:38.814	1.25188	1.25191			6
2024.12.26	15:03:39.119	1.25189	1.25192			6
2024.12.26	15:03:40.340	1.25188	1.25191			6
2024.12.26	15:03:40.650		1.25192			4
2024.12.26	15:03:42.174	1.25189				2
2024.12.26	15:03:47.971	1.25190				2
2024.12.26	15:03:48.582	1.25189				2
2024.12.26	15:03:50.117	1.25190				2
2024.12.26	15:03:51.652	1.25192	1.25195			6
2024.12.26	15:03:52.878	1.25191				2
2024.12.26	15:03:56.846	1.25190	1.25193			6
2024.12.26	15:03:57.152	1.25191	1.25195			6
2024.12.26	15:04:00.231	1.25191				2
2024.12.26	15:04:08.494	1.25187	1.25190			6
2024.12.26	15:04:09.419		1.25191			4
2024.12.26	15:04:10.334		1.25190			4
2024.12.26	15:04:11.857	1.25189	1.25191			6
2024.12.26	15:04:13.081	1.25188				2
2024.12.26	15:04:13.388		1.25192			4
2024.12.26	15:04:14.310	1.25189				2
2024.12.26	15:04:15.533	1.25188	1.25191			6
2024.12.26	15:04:16.746		1.25192			4
2024.12.26	15:04:17.047		1.25191			4
2024.12.26	15:04:17.965		1.25192			4
2024.12.26	15:04:18.269	1.25189				2
2024.12.26	15:04:20.708		1.25193			4
2024.12.26	15:04:21.020	1.25190	1.25192			6
2024.12.26	15:04:21.329	1.25189				2
2024.12.26	15:04:23.156		1.25191			4
2024.12.26	15:04:24.069	1.25188				2
2024.12.26	15:04:25.594	1.25189	1.25192			6
2024.12.26	15:04:26.199	1.25192	1.25194			6
2024.12.26	15:04:27.732	1.25191				2
2024.12.26	15:04:28.345	1.25188	1.25191			6
2024.12.26	15:04:29.259	1.25187	1.25190			6
2024.12.26	15:04:29.570		1.25191			4
2024.12.26	15:04:30.182	1.25188	1.25192			6
2024.12.26	15:04:31.409	1.25187	1.25191			6
2024.12.26	15:04:33.560		1.25190			4
2024.12.26	15:04:38.460	1.25188	1.25191			6
2024.12.26	15:04:45.809	1.25189				2
2024.12.26	15:04:46.114	1.25188				2
2024.12.26	15:04:46.418	1.25189				2
2024.12.26	15:04:47.341	1.25190	1.25193			6
2024.12.26	15:04:48.262		1.25194			4
2024.12.26	15:04:51.333		1.25192			4
2024.12.26	15:04:51.645		1.25194			4
2024.12.26	15:04:51.947		1.25192			4
2024.12.26	15:04:52.869		1.25193			4
2024.12.26	15:04:53.174	1.25189	1.25190			6
2024.12.26	15:04:53.481		1.25191			4
2024.12.26	15:04:54.391	1.25188				2
2024.12.26	15:04:55.299		1.25190			4
2024.12.26	15:04:55.607		1.25191			4
2024.12.26	15:04:56.520	1.25187	1.25190			6
2024.12.26	15:04:57.745	1.25188				2
2024.12.26	15:05:00.196	1.25188				2
2024.12.26	15:05:00.501		1.25191			4
2024.12.26	15:05:05.417	1.25187	1.25190			6
2024.12.26	15:05:05.722	1.25184	1.25186			6
2024.12.26	15:05:06.344	1.25185				2
2024.12.26	15:05:06.645		1.25187			4
2024.12.26	15:05:06.952	1.25186				2
2024.12.26	15:05:07.259	1.25185				2
2024.12.26	15:05:08.476	1.25186	1.25189			6
2024.12.26	15:05:08.783	1.25188	1.25191			6
2024.12.26	15:05:09.092	1.25190	1.25194			6
2024.12.26	15:05:09.393		1.25193			4
2024.12.26	15:05:10.310	1.25189				2
2024.12.26	15:05:10.619	1.25188	1.25192			6
2024.12.26	15:05:11.527	1.25189				2
2024.12.26	15:05:12.139		1.25193			4
2024.12.26	15:05:13.050	1.25188	1.25192			6
2024.12.26	15:05:16.107	1.25189	1.25193			6
2024.12.26	15:05:17.636	1.25188	1.25192			6
2024.12.26	15:05:19.481	1.25189	1.25193			6
2024.12.26	15:05:20.691		1.25192			4
2024.12.26	15:05:20.995	1.25190				2
2024.12.26	15:05:21.601	1.25189				2
2024.12.26	15:05:21.901	1.25190	1.25193			6
2024.12.26	15:05:22.208		1.25192			4
2024.12.26	15:05:24.030	1.25189	1.25191			6
2024.12.26	15:05:24.949	1.25188				2
2024.12.26	15:05:25.256	1.25189				2
2024.12.26	15:05:26.172	1.25188	1.25189			6
2024.12.26	15:05:26.780	1.25187				2
2024.12.26	15:05:30.731	1.25186				2
2024.12.26	15:05:31.035	1.25187				2
2024.12.26	15:05:31.339	1.25186	1.25188			6
2024.12.26	15:05:44.191	1.25185	1.25186			6
2024.12.26	15:05:44.497	1.25184				2
2024.12.26	15:05:44.804		1.25185			4
2024.12.26	15:05:45.109	1.25182				2
2024.12.26	15:05:45.422	1.25183				2
2024.12.26	15:05:48.497	1.25182				2
2024.12.26	15:05:50.646		1.25184			4
2024.12.26	15:05:51.253	1.25183	1.25185			6
2024.12.26	15:05:52.783	1.25182				2
2024.12.26	15:05:53.091	1.25183	1.25186			6
2024.12.26	15:05:53.394	1.25182	1.25185			6
2024.12.26	15:05:54.929	1.25181				2
2024.12.26	15:05:56.755	1.25184	1.25186			6
2024.12.26	15:05:57.067	1.25191	1.25195			6
2024.12.26	15:05:57.679	1.25190	1.25194			6
2024.12.26	15:05:57.984	1.25187	1.25190			6
2024.12.26	15:05:58.290	1.25185				2
2024.12.26	15:05:58.908		1.25188			4
2024.12.26	15:05:59.216	1.25184				2
2024.12.26	15:05:59.526	1.25185	1.25190			6
2024.12.26	15:06:00.139	1.25185				2
2024.12.26	15:06:00.445	1.25184	1.25188			6
2024.12.26	15:06:01.674	1.25185	1.25190			6
2024.12.26	15:06:01.979	1.25184	1.25188			6
2024.12.26	15:06:04.429	1.25185	1.25190			6
2024.12.26	15:06:07.484		1.25189			4
2024.12.26	15:06:08.105		1.25188			4
2024.12.26	15:06:16.353	1.25184				2
2024.12.26	15:06:19.423	1.25183	1.25186			6
2024.12.26	15:06:20.642	1.25184	1.25188			6
2024.12.26	15:06:22.792	1.25183	1.25187			6
2024.12.26	15:06:23.094		1.25186			4
2024.12.26	15:06:24.634	1.25182				2
2024.12.26	15:06:25.245	1.25181				2
2024.12.26	15:06:28.006	1.25182	1.25188			6
2024.12.26	15:06:28.614	1.25181	1.25185			6
2024.12.26	15:06:30.757	1.25182				2
2024.12.26	15:06:32.580	1.25181				2
2024.12.26	15:06:33.201	1.25183	1.25188			6
2024.12.26	15:06:33.506	1.25182	1.25185			6
2024.12.26	15:06:35.647	1.25185	1.25188			6
2024.12.26	15:06:36.254	1.25184				2
2024.12.26	15:06:41.175	1.25185				2
2024.12.26	15:06:42.095	1.25186	1.25189			6
2024.12.26	15:06:42.402	1.25185				2
2024.12.26	15:06:44.844		1.25188			4
2024.12.26	15:06:47.917	1.25186	1.25189			6
2024.12.26	15:06:48.229	1.25185				2
2024.12.26	15:06:49.444		1.25188			4
2024.12.26	15:06:50.679	1.25184	1.25187			6
2024.12.26	15:06:51.584	1.25188	1.25192			6
2024.12.26	15:06:52.189	1.25185	1.25189			6
2024.12.26	15:06:53.734	1.25186	1.25190			6
2024.12.26	15:06:54.355	1.25185	1.25188			6
2024.12.26	15:06:54.966	1.25186				2
2024.12.26	15:06:55.577	1.25185				2
2024.12.26	15:06:56.499		1.25190			4
2024.12.26	15:06:56.807	1.25186	1.25191			6
2024.12.26	15:06:57.117	1.25187				2
2024.12.26	15:06:57.422	1.25186	1.25190			6
2024.12.26	15:07:00.195	1.25187				2
2024.12.26	15:07:08.466	1.25185	1.25188			6
2024.12.26	15:07:08.768		1.25187			4
2024.12.26	15:07:09.070		1.25188			4
2024.12.26	15:07:09.685		1.25187			4
2024.12.26	15:07:11.835		1.25188			4
2024.12.26	15:07:13.364	1.25182	1.25185			6
2024.12.26	15:07:13.665	1.25183	1.25186			6
2024.12.26	15:07:14.274	1.25182				2
2024.12.26	15:07:14.580	1.25183				2
2024.12.26	15:07:15.192	1.25182	1.25185			6
2024.12.26	15:07:15.496	1.25181				2
2024.12.26	15:07:15.804	1.25182				2
2024.12.26	15:07:16.412	1.25181				2
2024.12.26	15:07:21.011	1.25182				2
2024.12.26	15:07:22.542		1.25186			4
2024.12.26	15:07:25.900	1.25183	1.25187			6
2024.12.26	15:07:27.436	1.25184	1.25188			6
2024.12.26	15:07:29.280	1.25183	1.25187			6
2024.12.26	15:07:30.506	1.25185	1.25189			6
2024.12.26	15:07:30.813	1.25184	1.25187			6
2024.12.26	15:07:32.349	1.25185				2
2024.12.26	15:07:37.867		1.25188			4
2024.12.26	15:07:38.478	1.25188	1.25191			6
2024.12.26	15:07:39.092	1.25189	1.25193			6
2024.12.26	15:07:39.409	1.25188	1.25190			6
2024.12.26	15:07:41.240	1.25187	1.25189			6
2024.12.26	15:07:41.541	1.25183	1.25186			6
2024.12.26	15:07:42.150	1.25184	1.25187			6
2024.12.26	15:07:43.062	1.25182	1.25186			6
2024.12.26	15:07:43.669	1.25180	1.25184			6
2024.12.26	15:07:44.900		1.25183			4
2024.12.26	15:07:45.206	1.25179				2
2024.12.26	15:07:45.510	1.25176	1.25180			6
2024.12.26	15:07:45.824	1.25177	1.25181			6
2024.12.26	15:07:47.056	1.25178	1.25182			6
2024.12.26	15:07:51.666	1.25180	1.25184			6
2024.12.26	15:07:52.280		1.25183			4
2024.12.26	15:07:52.895	1.25179				2
2024.12.26	15:07:53.204	1.25180	1.25184			6
2024.12.26	15:07:54.130		1.25185			4
2024.12.26	15:07:55.055	1.25182	1.25186			6
2024.12.26	15:07:56.290	1.25181	1.25185			6
2024.12.26	15:07:57.515		1.25186			4
2024.12.26	15:07:58.127	1.25182				2
2024.12.26	15:08:00.282	1.25182				2
2024.12.26	15:08:00.591	1.25184	1.25187			6
2024.12.26	15:08:00.897	1.25185	1.25189			6
2024.12.26	15:08:02.134	1.25184				2
2024.12.26	15:08:02.746		1.25188			4
2024.12.26	15:08:03.979	1.25192	1.25194			6
2024.12.26	15:08:04.286		1.25196			4
2024.12.26	15:08:05.203	1.25191	1.25195			6
2024.12.26	15:08:06.433	1.25190	1.25193			6
2024.12.26	15:08:06.740	1.25189	1.25194			6
2024.12.26	15:08:07.665	1.25186	1.25190			6
2024.12.26	15:08:07.970	1.25181	1.25185			6
2024.12.26	15:08:11.664	1.25180	1.25184			6
2024.12.26	15:08:11.969	1.25179				2
2024.12.26	15:08:12.585	1.25180	1.25185			6
2024.12.26	15:08:12.894	1.25181				2
2024.12.26	15:08:13.202	1.25180				2
2024.12.26	15:08:16.590		1.25184			4
2024.12.26	15:08:16.891	1.25179				2
2024.12.26	15:08:17.818	1.25180	1.25185			6
2024.12.26	15:08:18.127	1.25181				2
2024.12.26	15:08:18.434	1.25182	1.25186			6
2024.12.26	15:08:19.663		1.25187			4
2024.12.26	15:08:19.974		1.25186			4
2024.12.26	15:08:20.281		1.25187			4
2024.12.26	15:08:20.589	1.25183	1.25188			6
2024.12.26	15:08:20.892	1.25184				2
2024.12.26	15:08:21.818		1.25187			4
2024.12.26	15:08:22.434	1.25181	1.25186			6
2024.12.26	15:08:23.060	1.25182				2
2024.12.26	15:08:23.671	1.25184	1.25188			6
2024.12.26	15:08:23.976		1.25187			4
2024.12.26	15:08:25.209		1.25188			4
2024.12.26	15:08:29.521		1.25189			4
2024.12.26	15:08:31.669	1.25186				2
2024.12.26	15:08:32.897	1.25182	1.25186			6
2024.12.26	15:08:34.743		1.25187			4
2024.12.26	15:08:35.358		1.25186			4
2024.12.26	15:08:37.827		1.25187			4
2024.12.26	15:08:38.443		1.25188			4
2024.12.26	15:08:42.436	1.25187	1.25191			6
2024.12.26	15:08:45.830	1.25186				2
2024.12.26	15:08:46.135	1.25187				2
2024.12.26	15:08:47.990	1.25186				2
2024.12.26	15:08:48.312	1.25187				2
2024.12.26	15:08:51.439		1.25192			4
2024.12.26	15:08:59.138	1.25191	1.25195			6
2024.12.26	15:09:00.059	1.25191				2
2024.12.26	15:09:01.288	1.25192	1.25196			6
2024.12.26	15:09:01.601	1.25191	1.25195			6
2024.12.26	15:09:04.375	1.25190	1.25194			6
2024.12.26	15:09:10.278	1.25186	1.25190			6
2024.12.26	15:09:11.512		1.25191			4
2024.12.26	15:09:12.127	1.25187	1.25192			6
2024.12.26	15:09:12.434	1.25189	1.25194			6
2024.12.26	15:09:12.749	1.25190	1.25195			6
2024.12.26	15:09:15.509	1.25191				2
2024.12.26	15:09:15.815	1.25193	1.25197			6
2024.12.26	15:09:19.502	1.25191	1.25196			6
2024.12.26	15:09:25.373	1.25190	1.25195			6
2024.12.26	15:09:26.907	1.25185	1.25189			6
2024.12.26	15:09:27.221	1.25187	1.25190			6
2024.12.26	15:09:28.139	1.25186				2
2024.12.26	15:09:33.335	1.25187				2
2024.12.26	15:09:33.944	1.25186				2
2024.12.26	15:09:36.994	1.25187	1.25191			6
2024.12.26	15:09:37.299		1.25190			4
2024.12.26	15:09:42.804		1.25191			4
2024.12.26	15:09:43.111	1.25188				2
2024.12.26	15:09:44.035	1.25189	1.25193			6
2024.12.26	15:09:44.340	1.25188				2
2024.12.26	15:09:45.261		1.25192			4
2024.12.26	15:09:45.571	1.25189				2
2024.12.26	15:09:46.497	1.25188	1.25190			6
2024.12.26	15:09:47.724	1.25187				2
2024.12.26	15:09:48.337	1.25189	1.25193			6
2024.12.26	15:09:49.258		1.25192			4
2024.12.26	15:09:50.181	1.25188				2
2024.12.26	15:09:50.482	1.25189				2
2024.12.26	15:09:52.310	1.25188				2
2024.12.26	15:09:53.228	1.25189				2
2024.12.26	15:09:54.142	1.25190				2
2024.12.26	15:09:55.067	1.25189				2
2024.12.26	15:09:55.975		1.25193			4
2024.12.26	15:09:58.116		1.25192			4
2024.12.26	15:09:58.420		1.25193			4
2024.12.26	15:10:00.265	1.25189				2
2024.12.26	15:10:04.520	1.25190	1.25194			6
2024.12.26	15:10:09.792	1.25191				2
2024.12.26	15:10:11.940	1.25190				2
2024.12.26	15:10:12.861	1.25191				2
2024.12.26	15:10:13.476		1.25195			4
2024.12.26	15:10:14.090	1.25195	1.25198			6
2024.12.26	15:10:14.398	1.25200	1.25204			6
2024.12.26	15:10:14.700	1.25202	1.25206			6
2024.12.26	15:10:15.004	1.25198	1.25202			6
2024.12.26	15:10:15.310	1.25196				2
2024.12.26	15:10:15.621	1.25200	1.25203			6
2024.12.26	15:10:15.927	1.25197	1.25201			6
2024.12.26	15:10:16.234		1.25203			4
2024.12.26	15:10:16.541		1.25201			4
2024.12.26	15:10:16.850	1.25196				2
2024.12.26	15:10:18.076	1.25197				2
2024.12.26	15:10:18.383	1.25200	1.25205			6
2024.12.26	15:10:19.306	1.25198	1.25204			6
2024.12.26	15:10:19.616	1.25195	1.25202			6
2024.12.26	15:10:19.923	1.25196				2
2024.12.26	15:10:21.146		1.25203			4
2024.12.26	15:10:22.988	1.25195	1.25202			6
2024.12.26	15:10:23.291	1.25196				2
2024.12.26	15:10:23.597	1.25195	1.25200			6
2024.12.26	15:10:23.905	1.25194				2
2024.12.26	15:10:24.210		1.25199			4
2024.12.26	15:10:28.220	1.25195	1.25198			6
2024.12.26	15:10:30.065		1.25197			4
2024.12.26	15:10:30.383		1.25198			4
2024.12.26	15:10:32.839		1.25199			4
2024.12.26	15:10:33.448		1.25200			4
2024.12.26	15:10:34.383	1.25197	1.25201			6
2024.12.26	15:10:37.156	1.25195	1.25198			6
2024.12.26	15:10:37.470		1.25199			4
2024.12.26	15:10:38.080	1.25200	1.25205			6
2024.12.26	15:10:38.692	1.25197	1.25204			6
2024.12.26	15:10:39.001	1.25198				2
2024.12.26	15:10:39.306	1.25199				2
2024.12.26	15:10:39.615		1.25203			4
2024.12.26	15:10:39.922		1.25204			4
2024.12.26	15:10:41.769	1.25201	1.25205			6
2024.12.26	15:10:42.692	1.25199	1.25204			6
2024.12.26	15:10:43.311	1.25201	1.25205			6
2024.12.26	15:10:45.763	1.25200	1.25204			6
2024.12.26	15:10:46.074	1.25199				2
2024.12.26	15:10:48.230	1.25200	1.25207			6
2024.12.26	15:10:48.538	1.25201				2
2024.12.26	15:10:48.844	1.25200				2
2024.12.26	15:10:49.153	1.25201				2
2024.12.26	15:10:49.462	1.25200				2
2024.12.26	15:10:49.763	1.25202	1.25208			6
2024.12.26	15:10:50.065	1.25204	1.25210			6
2024.12.26	15:10:53.139	1.25208	1.25214			6
2024.12.26	15:10:53.759	1.25207				2
2024.12.26	15:10:54.364	1.25208	1.25213			6
2024.12.26	15:10:55.293	1.25207	1.25214			6
2024.12.26	15:10:56.208	1.25206	1.25213			6
2024.12.26	15:10:56.510	1.25207				2
2024.12.26	15:10:57.126	1.25208				2
2024.12.26	15:11:00.191	1.25208				2
2024.12.26	15:11:01.110	1.25210	1.25215			6
2024.12.26	15:11:02.333	1.25208	1.25213			6
2024.12.26	15:11:02.640	1.25210	1.25215			6
2024.12.26	15:11:09.990		1.25216			4
2024.12.26	15:11:12.137	1.25212	1.25218			6
2024.12.26	15:11:13.049	1.25213	1.25219			6
2024.12.26	15:11:13.351	1.25215	1.25220			6
2024.12.26	15:11:14.578	1.25212	1.25219			6
2024.12.26	15:11:14.885		1.25218			4
2024.12.26	15:11:15.189	1.25214				2
2024.12.26	15:11:15.496		1.25216			4
2024.12.26	15:11:15.800		1.25217			4
2024.12.26	15:11:16.108		1.25218			4
2024.12.26	15:11:16.413	1.25216	1.25220			6
2024.12.26	15:11:18.252	1.25215				2
2024.12.26	15:11:20.089		1.25219			4
2024.12.26	15:11:20.397		1.25220			4
2024.12.26	15:11:22.539		1.25219			4
2024.12.26	15:11:22.842		1.25220			4
2024.12.26	15:11:23.152		1.25219			4
2024.12.26	15:11:25.297	1.25214	1.25218			6
2024.12.26	15:11:25.605		1.25217			4
2024.12.26	15:11:27.134		1.25215			4
2024.12.26	15:11:27.751	1.25212				2
2024.12.26	15:11:33.263		1.25214			4
2024.12.26	15:11:35.100		1.25215			4
2024.12.26	15:11:39.076		1.25214			4
2024.12.26	15:11:39.378	1.25211				2
2024.12.26	15:11:39.679		1.25216			4
2024.12.26	15:11:39.985	1.25214				2
2024.12.26	15:11:40.907		1.25217			4
2024.12.26	15:11:44.261	1.25212				2
2024.12.26	15:11:44.564	1.25214	1.25220			6
2024.12.26	15:11:45.481	1.25216				2
2024.12.26	15:11:46.702		1.25218			4
2024.12.26	15:11:47.002		1.25219			4
2024.12.26	15:11:47.305		1.25218			4
2024.12.26	15:11:48.836	1.25226	1.25227			6
2024.12.26	15:11:49.141	1.25231	1.25232			6
2024.12.26	15:11:49.443	1.25235	1.25239			6
2024.12.26	15:11:49.758		1.25238			4
2024.12.26	15:11:50.368		1.25240			4
2024.12.26	15:11:50.673	1.25237				2
2024.12.26	15:11:51.591	1.25235	1.25239			6
2024.12.26	15:11:52.205		1.25240			4
2024.12.26	15:11:53.127		1.25238			4
2024.12.26	15:11:53.441		1.25240			4
2024.12.26	15:11:53.750	1.25234	1.25238			6
2024.12.26	15:11:57.433	1.25243	1.25246			6
2024.12.26	15:11:58.351	1.25242				2
2024.12.26	15:11:59.273		1.25247			4
2024.12.26	15:12:00.195	1.25243	1.25249			6
2024.12.26	15:12:00.499	1.25245	1.25250			6
2024.12.26	15:12:01.425	1.25244	1.25248			6
2024.12.26	15:12:01.732	1.25246				2
2024.12.26	15:12:02.967		1.25250			4
2024.12.26	15:12:04.504		1.25249			4
2024.12.26	15:12:05.425		1.25250			4
2024.12.26	15:12:05.726	1.25244	1.25248			6
2024.12.26	15:12:07.884	1.25251	1.25256			6
2024.12.26	15:12:08.190	1.25255	1.25260			6
2024.12.26	15:12:08.498	1.25254	1.25257			6
2024.12.26	15:12:09.419		1.25258			4
2024.12.26	15:12:14.946		1.25259			4
2024.12.26	15:12:15.564		1.25258			4
2024.12.26	15:12:15.872		1.25257			4
2024.12.26	15:12:16.178		1.25258			4
2024.12.26	15:12:16.793	1.25256				2
2024.12.26	15:12:17.407		1.25259			4
2024.12.26	15:12:18.022		1.25258			4
2024.12.26	15:12:22.948		1.25257			4
2024.12.26	15:12:24.792	1.25253				2
2024.12.26	15:12:25.406		1.25258			4
2024.12.26	15:12:26.020		1.25257			4
2024.12.26	15:12:26.332		1.25258			4
2024.12.26	15:12:26.637		1.25257			4
2024.12.26	15:12:30.335	1.25252	1.25256			6
2024.12.26	15:12:33.725		1.25255			4
2024.12.26	15:12:34.031	1.25253	1.25258			6
2024.12.26	15:12:37.430		1.25259			4
2024.12.26	15:12:37.739	1.25263	1.25266			6
2024.12.26	15:12:38.047	1.25265	1.25269			6
2024.12.26	15:12:39.284	1.25267	1.25270			6
2024.12.26	15:12:39.894		1.25271			4
2024.12.26	15:12:40.201	1.25272	1.25276			6
2024.12.26	15:12:40.503		1.25277			4
2024.12.26	15:12:41.123	1.25276				2
2024.12.26	15:12:41.425		1.25279			4
2024.12.26	15:12:41.728	1.25274	1.25276			6
2024.12.26	15:12:43.891		1.25275			4
2024.12.26	15:12:44.198	1.25273	1.25274			6
2024.12.26	15:12:45.432	1.25270				2
2024.12.26	15:12:46.043		1.25275			4
2024.12.26	15:12:46.973	1.25272	1.25277			6
2024.12.26	15:12:52.513		1.25278			4
2024.12.26	15:12:54.979		1.25275			4
2024.12.26	15:12:57.742		1.25276			4
2024.12.26	15:12:58.050	1.25274	1.25279			6
2024.12.26	15:13:00.211	1.25274				2
2024.12.26	15:13:05.453	1.25276				2
2024.12.26	15:13:10.376	1.25274				2
2024.12.26	15:13:13.464		1.25280			4
2024.12.26	15:13:14.691		1.25279			4
2024.12.26	15:13:27.260		1.25280			4
2024.12.26	15:13:30.320	1.25277				2
2024.12.26	15:13:30.931	1.25279				2
2024.12.26	15:13:32.469	1.25277				2
2024.12.26	15:13:34.625		1.25278			4
2024.12.26	15:13:34.928	1.25273	1.25276			6
2024.12.26	15:13:38.901		1.25277			4
2024.12.26	15:13:39.819		1.25274			4
2024.12.26	15:13:40.125		1.25277			4
2024.12.26	15:13:40.741	1.25274				2
2024.12.26	15:13:42.273		1.25278			4
2024.12.26	15:13:43.794		1.25277			4
2024.12.26	15:13:44.102		1.25278			4
2024.12.26	15:13:45.328		1.25277			4
2024.12.26	15:13:45.634		1.25278			4
2024.12.26	15:13:46.242		1.25277			4
2024.12.26	15:13:46.552		1.25276			4
2024.12.26	15:13:47.165		1.25277			4
2024.12.26	15:13:48.700	1.25273	1.25274			6
2024.12.26	15:13:49.321		1.25275			4
2024.12.26	15:13:49.935		1.25278			4
2024.12.26	15:13:50.857	1.25275				2
2024.12.26	15:13:51.473		1.25280			4
2024.12.26	15:13:52.399	1.25277				2
2024.12.26	15:13:54.241		1.25279			4
2024.12.26	15:13:54.545		1.25280			4
2024.12.26	15:13:55.480		1.25279			4
2024.12.26	15:13:58.251	1.25280	1.25284			6
2024.12.26	15:13:58.562	1.25279	1.25285			6
2024.12.26	15:14:00.099	1.25279				2
2024.12.26	15:14:00.715	1.25278				2
2024.12.26	15:14:01.333	1.25283	1.25288			6
2024.12.26	15:14:01.636		1.25286			4
2024.12.26	15:14:01.945		1.25287			4
2024.12.26	15:14:02.254		1.25286			4
2024.12.26	15:14:04.718		1.25285			4
2024.12.26	15:14:06.257		1.25284			4
2024.12.26	15:14:09.031		1.25285			4
2024.12.26	15:14:13.335		1.25284			4
2024.12.26	15:14:15.486	1.25286	1.25290			6
2024.12.26	15:14:16.718	1.25287	1.25293			6
2024.12.26	15:14:17.028	1.25289				2
2024.12.26	15:14:17.330	1.25287				2
2024.12.26	15:14:19.501		1.25292			4
2024.12.26	15:14:19.819		1.25293			4
2024.12.26	15:14:20.121	1.25290	1.25298			6
2024.12.26	15:14:20.428	1.25292	1.25296			6
2024.12.26	15:14:21.968		1.25297			4
2024.12.26	15:14:22.583	1.25291	1.25295			6
2024.12.26	15:14:22.888	1.25288	1.25294			6
2024.12.26	15:14:25.364	1.25289				2
2024.12.26	15:14:25.661	1.25288				2
2024.12.26	15:14:25.978	1.25289				2
2024.12.26	15:14:26.287	1.25288				2
2024.12.26	15:14:28.143		1.25292			4
2024.12.26	15:14:28.751		1.25293			4
2024.12.26	15:14:29.058		1.25292			4
2024.12.26	15:14:31.212	1.25289	1.25293			6
2024.12.26	15:14:31.519		1.25294			4
2024.12.26	15:14:31.825		1.25292			4
2024.12.26	15:14:32.130	1.25290	1.25293			6
2024.12.26	15:14:32.445	1.25289	1.25292			6
2024.12.26	15:14:32.755	1.25290	1.25295			6
2024.12.26	15:14:33.067	1.25294	1.25300			6
2024.12.26	15:14:33.994		1.25299			4
2024.12.26	15:14:34.610	1.25293	1.25298			6
2024.12.26	15:14:37.377		1.25297			4
2024.12.26	15:14:38.293	1.25294	1.25299			6
2024.12.26	15:14:38.604		1.25298			4
2024.12.26	15:14:38.913		1.25299			4
2024.12.26	15:14:41.680	1.25297	1.25301			6
2024.12.26	15:14:42.298		1.25300			4
2024.12.26	15:14:42.610		1.25302			4
2024.12.26	15:14:42.911	1.25298				2
2024.12.26	15:14:43.531		1.25301			4
2024.12.26	15:14:43.840		1.25299			4
2024.12.26	15:14:44.765	1.25296	1.25298			6
2024.12.26	15:14:46.001		1.25299			4
2024.12.26	15:14:47.681	1.25295	1.25296			6
2024.12.26	15:14:47.992	1.25296	1.25299			6
2024.12.26	15:14:50.146		1.25300			4
2024.12.26	15:14:50.460		1.25299			4
2024.12.26	15:14:51.371		1.25300			4
2024.12.26	15:14:54.739		1.25301			4
2024.12.26	15:14:55.044	1.25297				2
2024.12.26	15:14:56.266	1.25302	1.25305			6
2024.12.26	15:14:56.571	1.25298	1.25304			6
2024.12.26	15:14:56.879		1.25305			4
2024.12.26	15:14:57.488	1.25300	1.25303			6
2024.12.26	15:14:57.801		1.25302			4
2024.12.26	15:14:58.407	1.25298				2
2024.12.26	15:15:00.245	1.25298	1.25301			6
2024.12.26	15:15:00.552		1.25300			4
2024.12.26	15:15:01.158		1.25301			4
2024.12.26	15:15:01.461	1.25303	1.25307			6
2024.12.26	15:15:01.764	1.25305	1.25308			6
2024.12.26	15:15:02.684		1.25311			4
2024.12.26	15:15:03.297		1.25310			4
2024.12.26	15:15:03.604	1.25307				2
2024.12.26	15:15:07.897		1.25311			4
2024.12.26	15:15:10.054	1.25304	1.25308			6
2024.12.26	15:15:10.359	1.25306	1.25309			6
2024.12.26	15:15:18.052		1.25308			4
2024.12.26	15:15:19.902		1.25309			4
2024.12.26	15:15:23.590		1.25310			4
2024.12.26	15:15:24.823		1.25309			4
2024.12.26	15:15:29.140		1.25310			4
2024.12.26	15:15:32.186		1.25309			4
2024.12.26	15:15:32.797		1.25310			4
2024.12.26	15:15:33.408		1.25308			4
2024.12.26	15:15:34.331		1.25309			4
2024.12.26	15:15:41.393		1.25308			4
2024.12.26	15:15:41.697		1.25310			4
2024.12.26	15:15:41.999		1.25309			4
2024.12.26	15:15:45.432	1.25297	1.25299			6
2024.12.26	15:15:45.737	1.25296				2
2024.12.26	15:15:46.652		1.25300			4
2024.12.26	15:15:48.186		1.25299			4
2024.12.26	15:15:50.341	1.25294				2
2024.12.26	15:15:51.876	1.25295				2
2024.12.26	15:15:53.103		1.25300			4
2024.12.26	15:15:53.405	1.25296	1.25301			6
2024.12.26	15:15:53.716	1.25297				2
2024.12.26	15:15:54.337	1.25303	1.25309			6
2024.12.26	15:15:54.643	1.25306	1.25312			6
2024.12.26	15:15:57.108		1.25313			4
2024.12.26	15:15:57.420	1.25305	1.25311			6
2024.12.26	15:15:58.030	1.25306				2
2024.12.26	15:15:58.964	1.25305	1.25310			6
2024.12.26	15:15:59.882	1.25306				2
2024.12.26	15:16:00.188	1.25306				2
2024.12.26	15:16:01.418	1.25308	1.25311			6
2024.12.26	15:16:02.645		1.25312			4
2024.12.26	15:16:06.963	1.25305	1.25309			6
2024.12.26	15:16:09.722	1.25306				2
2024.12.26	15:16:10.036		1.25311			4
2024.12.26	15:16:11.260		1.25310			4
2024.12.26	15:16:13.724		1.25311			4
2024.12.26	15:16:14.951	1.25305	1.25310			6
2024.12.26	15:16:16.176	1.25304	1.25308			6
2024.12.26	15:16:17.097		1.25309			4
2024.12.26	15:16:17.401		1.25308			4
2024.12.26	15:16:18.017		1.25309			4
2024.12.26	15:16:22.001	1.25303	1.25308			6
2024.12.26	15:16:23.233	1.25304				2
2024.12.26	15:16:25.684	1.25303				2
2024.12.26	15:16:29.672	1.25302	1.25307			6
2024.12.26	15:16:29.981	1.25298	1.25305			6
2024.12.26	15:16:35.491		1.25304			4
2024.12.26	15:16:35.797		1.25305			4
2024.12.26	15:16:36.100	1.25295	1.25300			6
2024.12.26	15:16:36.405		1.25299			4
2024.12.26	15:16:37.629	1.25292	1.25297			6
2024.12.26	15:16:40.381		1.25296			4
2024.12.26	15:16:41.303	1.25293	1.25297			6
2024.12.26	15:16:41.607	1.25283	1.25285			6
2024.12.26	15:16:41.913		1.25287			4
2024.12.26	15:16:42.221	1.25282	1.25285			6
2024.12.26	15:16:42.529		1.25286			4
2024.12.26	15:16:44.975		1.25287			4
2024.12.26	15:16:48.967	1.25283	1.25288			6
2024.12.26	15:16:49.275	1.25284	1.25289			6
2024.12.26	15:16:50.189	1.25285				2
2024.12.26	15:16:52.333		1.25287			4
2024.12.26	15:16:52.642	1.25283	1.25288			6
2024.12.26	15:16:56.636		1.25289			4
2024.12.26	15:16:57.244	1.25285	1.25291			6
2024.12.26	15:16:57.546		1.25289			4
2024.12.26	15:16:57.858		1.25290			4
2024.12.26	15:17:00.006	1.25285				2
2024.12.26	15:17:00.311		1.25289			4
2024.12.26	15:17:00.615		1.25290			4
2024.12.26	15:17:00.916		1.25289			4
2024.12.26	15:17:01.228		1.25288			4
2024.12.26	15:17:01.530		1.25289			4
2024.12.26	15:17:03.676	1.25282	1.25287			6
2024.12.26	15:17:04.899		1.25289			4
2024.12.26	15:17:09.183		1.25287			4
2024.12.26	15:17:09.487	1.25278	1.25283			6
2024.12.26	15:17:09.794		1.25284			4
2024.12.26	15:17:15.001	1.25275	1.25279			6
2024.12.26	15:17:15.303	1.25273				2
2024.12.26	15:17:15.913	1.25275				2
2024.12.26	15:17:16.524		1.25280			4
2024.12.26	15:17:18.041	1.25276	1.25281			6
2024.12.26	15:17:18.953	1.25275	1.25280			6
2024.12.26	15:17:21.093		1.25279			4
2024.12.26	15:17:24.148		1.25280			4
2024.12.26	15:17:24.449	1.25276				2
2024.12.26	15:17:25.063		1.25281			4
2024.12.26	15:17:26.900		1.25283			4
2024.12.26	15:17:36.095	1.25275	1.25281			6
2024.12.26	15:17:39.478		1.25280			4
2024.12.26	15:17:40.395		1.25279			4
2024.12.26	15:17:44.061		1.25278			4
2024.12.26	15:17:44.372		1.25279			4
2024.12.26	15:17:44.980		1.25280			4
2024.12.26	15:17:45.904		1.25279			4
2024.12.26	15:17:48.035		1.25280			4
2024.12.26	15:17:48.342		1.25279			4
2024.12.26	15:17:50.788		1.25280			4
2024.12.26	15:17:51.093		1.25279			4
2024.12.26	15:17:51.399	1.25276	1.25280			6
2024.12.26	15:17:52.006	1.25275				2
2024.12.26	15:17:52.310	1.25276				2
2024.12.26	15:17:57.515	1.25283	1.25288			6
2024.12.26	15:17:57.818	1.25282	1.25287			6
2024.12.26	15:17:58.129	1.25283				2
2024.12.26	15:18:00.266	1.25283				2
2024.12.26	15:18:04.241	1.25286	1.25291			6
2024.12.26	15:18:04.854	1.25287	1.25293			6
2024.12.26	15:18:05.162	1.25286	1.25291			6
2024.12.26	15:18:05.467	1.25287	1.25292			6
2024.12.26	15:18:05.777	1.25286	1.25290			6
2024.12.26	15:18:06.394		1.25291			4
2024.12.26	15:18:06.697	1.25287	1.25292			6
2024.12.26	15:18:07.006		1.25291			4
2024.12.26	15:18:07.313	1.25286	1.25292			6
2024.12.26	15:18:07.621	1.25287				2
2024.12.26	15:18:11.312	1.25285	1.25291			6
2024.12.26	15:18:11.619		1.25289			4
2024.12.26	15:18:12.844	1.25283				2
2024.12.26	15:18:13.152	1.25286	1.25292			6
2024.12.26	15:18:16.521		1.25290			4
2024.12.26	15:18:16.825		1.25292			4
2024.12.26	15:18:18.362	1.25285	1.25289			6
2024.12.26	15:18:20.816		1.25290			4
2024.12.26	15:18:21.424		1.25289			4
2024.12.26	15:18:24.481		1.25290			4
2024.12.26	15:18:26.925	1.25284	1.25287			6
2024.12.26	15:18:27.226	1.25287	1.25293			6
2024.12.26	15:18:28.457		1.25292			4
2024.12.26	15:18:34.283	1.25288				2
2024.12.26	15:18:36.121		1.25293			4
2024.12.26	15:18:36.733	1.25292	1.25298			6
2024.12.26	15:18:37.038	1.25289	1.25293			6
2024.12.26	15:18:37.344	1.25286	1.25291			6
2024.12.26	15:18:38.269	1.25287				2
2024.12.26	15:18:39.180		1.25292			4
2024.12.26	15:18:40.101		1.25291			4
2024.12.26	15:18:40.713		1.25292			4
2024.12.26	15:18:41.021	1.25286	1.25291			6
2024.12.26	15:18:41.631	1.25287				2
2024.12.26	15:18:41.940	1.25286	1.25290			6
2024.12.26	15:18:42.554	1.25287	1.25291			6
2024.12.26	15:18:43.171	1.25286				2
2024.12.26	15:18:43.472	1.25287				2
2024.12.26	15:18:44.084	1.25286	1.25289			6
2024.12.26	15:18:44.397	1.25287	1.25291			6
2024.12.26	15:18:44.702		1.25290			4
2024.12.26	15:18:45.312	1.25286	1.25291			6
2024.12.26	15:18:46.223		1.25289			4
2024.12.26	15:18:46.839	1.25285				2
2024.12.26	15:18:48.064		1.25290			4
2024.12.26	15:18:48.373		1.25289			4
2024.12.26	15:18:50.822	1.25282	1.25287			6
2024.12.26	15:18:51.127	1.25283	1.25288			6
2024.12.26	15:18:52.350	1.25284	1.25289			6
2024.12.26	15:18:54.176		1.25288			4
2024.12.26	15:18:58.471	1.25285	1.25289			6
2024.12.26	15:19:00.301	1.25285				2
2024.12.26	15:19:00.610	1.25284	1.25288			6
2024.12.26	15:19:01.220		1.25287			4
2024.12.26	15:19:01.524	1.25285	1.25288			6
2024.12.26	15:19:09.171		1.25287			4
2024.12.26	15:19:13.509	1.25282	1.25284			6
2024.12.26	15:19:14.114	1.25281				2
2024.12.26	15:19:14.422		1.25282			4
2024.12.26	15:19:14.723	1.25279				2
2024.12.26	15:19:15.024	1.25275	1.25278			6
2024.12.26	15:19:15.331	1.25276				2
2024.12.26	15:19:16.243		1.25279			4
2024.12.26	15:19:16.871	1.25277	1.25280			6
2024.12.26	15:19:17.484	1.25276				2
2024.12.26	15:19:21.159		1.25279			4
2024.12.26	15:19:22.991		1.25278			4
2024.12.26	15:19:25.426		1.25277			4
2024.12.26	15:19:26.040	1.25275				2
2024.12.26	15:19:26.959		1.25278			4
2024.12.26	15:19:27.577		1.25277			4
2024.12.26	15:19:29.712	1.25265	1.25266			6
2024.12.26	15:19:30.020	1.25262				2
2024.12.26	15:19:30.324	1.25264	1.25267			6
2024.12.26	15:19:30.627		1.25268			4
2024.12.26	15:19:31.850	1.25263				2
2024.12.26	15:19:33.694	1.25262				2
2024.12.26	15:19:37.992	1.25261				2
2024.12.26	15:19:39.826	1.25262				2
2024.12.26	15:19:41.055	1.25267	1.25272			6
2024.12.26	15:19:43.806	1.25265	1.25269			6
2024.12.26	15:19:45.644		1.25270			4
2024.12.26	15:19:45.955		1.25267			4
2024.12.26	15:19:46.265	1.25262	1.25268			6
2024.12.26	15:19:49.632		1.25267			4
2024.12.26	15:19:51.763	1.25263				2
2024.12.26	15:19:56.365	1.25264	1.25268			6
2024.12.26	15:19:56.979		1.25269			4
2024.12.26	15:19:57.283		1.25268			4
2024.12.26	15:19:57.903	1.25265	1.25271			6
2024.12.26	15:19:58.204	1.25263	1.25269			6
2024.12.26	15:19:58.516	1.25265	1.25272			6
2024.12.26	15:19:58.822		1.25273			4
2024.12.26	15:20:00.044	1.25271	1.25275			6
2024.12.26	15:20:00.345	1.25266	1.25271			6
2024.12.26	15:20:01.582	1.25267				2
2024.12.26	15:20:03.414	1.25268	1.25272			6
2024.12.26	15:20:03.721	1.25266				2
2024.12.26	15:20:04.023	1.25268	1.25273			6
2024.12.26	15:20:04.333	1.25266	1.25270			6
2024.12.26	15:20:04.641	1.25265				2
2024.12.26	15:20:04.943	1.25256	1.25261			6
2024.12.26	15:20:05.247	1.25255	1.25259			6
2024.12.26	15:20:05.555	1.25256	1.25260			6
2024.12.26	15:20:06.475	1.25259	1.25263			6
2024.12.26	15:20:06.782	1.25257	1.25262			6
2024.12.26	15:20:07.084	1.25256	1.25261			6
2024.12.26	15:20:07.389		1.25262			4
2024.12.26	15:20:09.542	1.25257				2
2024.12.26	15:20:09.844	1.25258	1.25263			6
2024.12.26	15:20:10.155	1.25257				2
2024.12.26	15:20:10.459	1.25256	1.25260			6
2024.12.26	15:20:10.764		1.25259			4
2024.12.26	15:20:12.920	1.25255				2
2024.12.26	15:20:14.151	1.25256	1.25260			6
2024.12.26	15:20:14.770		1.25259			4
2024.12.26	15:20:15.996		1.25260			4
2024.12.26	15:20:16.921	1.25255	1.25259			6
2024.12.26	15:20:23.385		1.25257			4
2024.12.26	15:20:23.691		1.25258			4
2024.12.26	15:20:25.225		1.25259			4
2024.12.26	15:20:25.837		1.25258			4
2024.12.26	15:20:27.681		1.25259			4
2024.12.26	15:20:31.681	1.25256	1.25260			6
2024.12.26	15:20:32.296		1.25259			4
2024.12.26	15:20:33.218	1.25255	1.25258			6
2024.12.26	15:20:33.524	1.25256				2
2024.12.26	15:20:33.836		1.25259			4
2024.12.26	15:20:34.755	1.25255				2
2024.12.26	15:20:35.067	1.25256				2
2024.12.26	15:20:36.597	1.25255				2
2024.12.26	15:20:37.217	1.25254	1.25258			6
2024.12.26	15:20:39.981	1.25244	1.25245			6
2024.12.26	15:20:40.292	1.25239	1.25243			6
2024.12.26	15:20:40.598	1.25238	1.25242			6
2024.12.26	15:20:41.209	1.25239	1.25243			6
2024.12.26	15:20:41.827	1.25236	1.25241			6
2024.12.26	15:20:42.137	1.25235	1.25240			6
2024.12.26	15:20:43.368	1.25236	1.25243			6
2024.12.26	15:20:43.981	1.25237	1.25244			6
2024.12.26	15:20:45.825		1.25243			4
2024.12.26	15:20:46.136	1.25240	1.25246			6
2024.12.26	15:20:49.510	1.25241	1.25247			6
2024.12.26	15:20:49.816	1.25236	1.25243			6
2024.12.26	15:20:53.508	1.25235	1.25240			6
2024.12.26	15:20:53.819	1.25234				2
2024.12.26	15:20:58.121	1.25235				2
2024.12.26	15:20:58.423	1.25236	1.25241			6
2024.12.26	15:20:59.047	1.25235	1.25239			6
2024.12.26	15:20:59.356		1.25240			4
2024.12.26	15:21:00.286	1.25235				2
2024.12.26	15:21:00.898	1.25236				2
2024.12.26	15:21:05.206	1.25235				2
2024.12.26	15:21:05.517		1.25239			4
2024.12.26	15:21:15.050	1.25236	1.25243			6
2024.12.26	15:21:17.210		1.25242			4
2024.12.26	15:21:17.515		1.25243			4
2024.12.26	15:21:18.128	1.25235	1.25239			6
2024.12.26	15:21:19.975	1.25234				2
2024.12.26	15:21:21.206	1.25232	1.25237			6
2024.12.26	15:21:24.903	1.25233	1.25239			6
2024.12.26	15:21:27.366	1.25232	1.25237			6
2024.12.26	15:21:28.286		1.25238			4
2024.12.26	15:21:29.208	1.25233				2
2024.12.26	15:21:29.822	1.25234	1.25239			6
2024.12.26	15:21:30.133	1.25235	1.25241			6
2024.12.26	15:21:31.053		1.25240			4
2024.12.26	15:21:31.361	1.25236	1.25241			6
2024.12.26	15:21:31.665		1.25240			4
2024.12.26	15:21:32.592	1.25235	1.25239			6
2024.12.26	15:21:35.354	1.25231	1.25237			6
2024.12.26	15:21:35.661	1.25232				2
2024.12.26	15:21:37.507	1.25234	1.25238			6
2024.12.26	15:21:37.814	1.25232	1.25237			6
2024.12.26	15:21:43.922	1.25231				2
2024.12.26	15:21:46.366	1.25232				2
2024.12.26	15:21:51.882	1.25245	1.25247			6
2024.12.26	15:21:52.186		1.25248			4
2024.12.26	15:21:57.075	1.25247	1.25250			6
2024.12.26	15:21:57.380	1.25246				2
2024.12.26	15:21:59.523	1.25245	1.25249			6
2024.12.26	15:22:00.138	1.25245				2
2024.12.26	15:22:00.445	1.25246	1.25250			6
2024.12.26	15:22:01.058	1.25245	1.25249			6
2024.12.26	15:22:02.897	1.25243				2
2024.12.26	15:22:04.118	1.25244	1.25248			6
2024.12.26	15:22:04.729	1.25245	1.25249			6
2024.12.26	15:22:12.673		1.25247			4
2024.12.26	15:22:12.980		1.25249			4
2024.12.26	15:22:15.126	1.25247				2
2024.12.26	15:22:15.430	1.25245				2
2024.12.26	15:22:16.343	1.25242	1.25248			6
2024.12.26	15:22:24.302	1.25246	1.25250			6
2024.12.26	15:22:24.912	1.25245				2
2024.12.26	15:22:25.225		1.25249			4
2024.12.26	15:22:26.143	1.25239	1.25242			6
2024.12.26	15:22:26.450	1.25237	1.25243			6
2024.12.26	15:22:27.063	1.25236	1.25241			6
2024.12.26	15:22:27.673		1.25242			4
2024.12.26	15:22:27.982		1.25243			4
2024.12.26	15:22:28.283	1.25237				2
2024.12.26	15:22:29.821	1.25245	1.25249			6
2024.12.26	15:22:30.741	1.25246	1.25250			6
2024.12.26	15:22:31.042		1.25251			4
2024.12.26	15:22:31.357		1.25250			4
2024.12.26	15:22:31.663		1.25249			4
2024.12.26	15:22:31.976		1.25250			4
2024.12.26	15:22:33.506		1.25251			4
2024.12.26	15:22:33.814		1.25250			4
2024.12.26	15:22:39.346	1.25245	1.25249			6
2024.12.26	15:22:40.577	1.25243				2
2024.12.26	15:22:40.879		1.25248			4
2024.12.26	15:22:41.199	1.25245	1.25249			6
2024.12.26	15:22:43.965	1.25243				2
2024.12.26	15:22:45.200	1.25242	1.25248			6
2024.12.26	15:22:50.442	1.25241	1.25246			6
2024.12.26	15:22:50.746		1.25247			4
2024.12.26	15:22:51.980		1.25246			4
2024.12.26	15:22:52.294		1.25247			4
2024.12.26	15:22:52.595		1.25246			4
2024.12.26	15:22:52.903		1.25247			4
2024.12.26	15:22:54.136		1.25246			4
2024.12.26	15:23:00.285	1.25241				2
2024.12.26	15:23:03.704		1.25247			4
2024.12.26	15:23:05.858	1.25236	1.25242			6
2024.12.26	15:23:06.164		1.25241			4
2024.12.26	15:23:06.778	1.25235	1.25240			6
2024.12.26	15:23:07.083	1.25237	1.25243			6
2024.12.26	15:23:07.391	1.25236	1.25242			6
2024.12.26	15:23:08.919	1.25238	1.25243			6
2024.12.26	15:23:14.739	1.25241	1.25246			6
2024.12.26	15:23:15.353	1.25240				2
2024.12.26	15:23:15.660		1.25245			4
2024.12.26	15:23:16.279	1.25241	1.25246			6
2024.12.26	15:23:17.502	1.25242				2
2024.12.26	15:23:18.725	1.25241	1.25245			6
2024.12.26	15:23:20.263	1.25237	1.25241			6
2024.12.26	15:23:20.566	1.25235	1.25239			6
2024.12.26	15:23:20.874	1.25236				2
2024.12.26	15:23:21.179	1.25235				2
2024.12.26	15:23:23.633		1.25238			4
2024.12.26	15:23:23.939	1.25232				2
2024.12.26	15:23:24.241		1.25237			4
2024.12.26	15:23:25.155		1.25238			4
2024.12.26	15:23:25.776	1.25228	1.25236			6
2024.12.26	15:23:27.620	1.25229	1.25235			6
2024.12.26	15:23:28.239		1.25234			4
2024.12.26	15:23:28.548		1.25235			4
2024.12.26	15:23:29.467		1.25236			4
2024.12.26	15:23:30.990		1.25235			4
2024.12.26	15:23:31.601	1.25232	1.25237			6
2024.12.26	15:23:31.905	1.25231	1.25238			6
2024.12.26	15:23:32.211	1.25232				2
2024.12.26	15:23:33.735	1.25230	1.25237			6
2024.12.26	15:23:34.038	1.25232	1.25238			6
2024.12.26	15:23:34.644		1.25239			4
2024.12.26	15:23:40.156		1.25238			4
2024.12.26	15:23:40.463	1.25233	1.25239			6
2024.12.26	15:23:47.209	1.25235				2
2024.12.26	15:23:50.254	1.25233	1.25238			6
2024.12.26	15:23:53.302	1.25232	1.25237			6
2024.12.26	15:23:53.605	1.25234	1.25239			6
2024.12.26	15:23:55.118	1.25233	1.25238			6
2024.12.26	15:23:56.336	1.25234				2
2024.12.26	15:23:57.255	1.25235	1.25239			6
2024.12.26	15:24:00.011	1.25235				2
2024.12.26	15:24:01.835	1.25236	1.25240			6
2024.12.26	15:24:05.202		1.25239			4
2024.12.26	15:24:09.487	1.25235	1.25238			6
2024.12.26	15:24:11.328	1.25237	1.25240			6
2024.12.26	15:24:12.857	1.25239	1.25242			6
2024.12.26	15:24:17.760	1.25243	1.25246			6
2024.12.26	15:24:18.069	1.25235	1.25237			6
2024.12.26	15:24:19.291		1.25238			4
2024.12.26	15:24:24.484		1.25239			4
2024.12.26	15:24:24.785	1.25236	1.25240			6
2024.12.26	15:24:25.999		1.25239			4
2024.12.26	15:24:27.540	1.25235	1.25238			6
2024.12.26	15:24:29.064	1.25234	1.25237			6
2024.12.26	15:24:29.368	1.25233	1.25236			6
2024.12.26	15:24:30.276	1.25234	1.25237			6
2024.12.26	15:24:34.552	1.25233	1.25236			6
2024.12.26	15:24:34.854	1.25234	1.25237			6
2024.12.26	15:24:36.380	1.25229	1.25232			6
2024.12.26	15:24:39.134	1.25231	1.25234			6
2024.12.26	15:24:39.440	1.25233	1.25236			6
2024.12.26	15:24:40.044	1.25232	1.25235			6
2024.12.26	15:24:40.348		1.25237			4
2024.12.26	15:24:41.273		1.25236			4
2024.12.26	15:24:44.030	1.25231	1.25235			6
2024.12.26	15:24:44.338	1.25232	1.25236			6
2024.12.26	15:24:44.945	1.25231	1.25235			6
2024.12.26	15:24:45.251		1.25234			4
2024.12.26	15:24:45.555		1.25235			4
2024.12.26	15:24:45.856		1.25233			4
2024.12.26	15:24:46.164		1.25234			4
2024.12.26	15:24:46.466	1.25233	1.25235			6
2024.12.26	15:24:46.768		1.25237			4
2024.12.26	15:24:47.069	1.25232	1.25236			6
2024.12.26	15:24:47.371	1.25233	1.25237			6
2024.12.26	15:24:49.207	1.25232	1.25236			6
2024.12.26	15:24:50.116	1.25234	1.25238			6
2024.12.26	15:24:50.730	1.25233	1.25237			6
2024.12.26	15:24:51.647		1.25236			4
2024.12.26	15:24:51.954	1.25234	1.25238			6
2024.12.26	15:24:52.260	1.25235	1.25239			6
2024.12.26	15:24:52.570	1.25236	1.25240			6
2024.12.26	15:24:53.484	1.25237	1.25241			6
2024.12.26	15:24:54.408	1.25238	1.25242			6
2024.12.26	15:24:54.717	1.25237	1.25241			6
2024.12.26	15:25:00.243	1.25237				2
2024.12.26	15:25:00.553	1.25233	1.25237			6
2024.12.26	15:25:01.166		1.25238			4
2024.12.26	15:25:02.393		1.25237			4
2024.12.26	15:25:02.997		1.25236			4
2024.12.26	15:25:03.309	1.25232				2
2024.12.26	15:25:06.997		1.25235			4
2024.12.26	15:25:07.301		1.25236			4
2024.12.26	15:25:09.144		1.25235			4
2024.12.26	15:25:11.903		1.25234			4
2024.12.26	15:25:12.205		1.25235			4
2024.12.26	15:25:13.726	1.25233	1.25236			6
2024.12.26	15:25:14.332	1.25234	1.25237			6
2024.12.26	15:25:14.637	1.25233	1.25236			6
2024.12.26	15:25:14.944	1.25234	1.25237			6
2024.12.26	15:25:15.247	1.25233	1.25236			6
2024.12.26	15:25:15.552	1.25234	1.25237			6
2024.12.26	15:25:15.853	1.25235	1.25238			6
2024.12.26	15:25:16.155	1.25236	1.25239			6
2024.12.26	15:25:16.458	1.25235	1.25238			6
2024.12.26	15:25:17.368	1.25234	1.25237			6
2024.12.26	15:25:19.807	1.25236	1.25239			6
2024.12.26	15:25:21.333	1.25237	1.25240			6
2024.12.26	15:25:21.942	1.25239	1.25242			6
2024.12.26	15:25:22.245	1.25237	1.25240			6
2024.12.26	15:25:23.773	1.25236	1.25239			6
2024.12.26	15:25:24.077	1.25235	1.25238			6
2024.12.26	15:25:24.392	1.25234	1.25237			6
2024.12.26	15:25:25.301	1.25235	1.25238			6
2024.12.26	15:25:25.909	1.25236	1.25239			6
2024.12.26	15:25:26.216	1.25235				2
2024.12.26	15:25:28.363	1.25236				2
2024.12.26	15:25:32.032	1.25234	1.25236			6
2024.12.26	15:25:32.338	1.25231	1.25234			6
2024.12.26	15:25:33.253		1.25235			4
2024.12.26	15:25:35.401	1.25232	1.25237			6
2024.12.26	15:25:38.169	1.25233				2
2024.12.26	15:25:38.475	1.25234				2
2024.12.26	15:25:38.784		1.25238			4
2024.12.26	15:25:39.089	1.25235	1.25239			6
2024.12.26	15:25:39.396	1.25236	1.25240			6
2024.12.26	15:25:39.702	1.25235	1.25238			6
2024.12.26	15:25:41.539		1.25239			4
2024.12.26	15:25:43.063	1.25236	1.25240			6
2024.12.26	15:25:45.532	1.25237	1.25241			6
2024.12.26	15:25:45.844	1.25236	1.25240			6
2024.12.26	15:25:46.761	1.25237	1.25241			6
2024.12.26	15:25:48.290	1.25238				2
2024.12.26	15:25:52.281	1.25242	1.25245			6
2024.12.26	15:25:52.593	1.25241	1.25244			6
2024.12.26	15:25:53.822	1.25238	1.25241			6
2024.12.26	15:25:54.125	1.25237				2
2024.12.26	15:25:54.431	1.25236	1.25239			6
2024.12.26	15:25:54.740	1.25235				2
2024.12.26	15:25:56.878	1.25236	1.25240			6
2024.12.26	15:26:00.253	1.25236				2
2024.12.26	15:26:02.087		1.25239			4
2024.12.26	15:26:06.370	1.25237	1.25240			6
2024.12.26	15:26:06.675	1.25236	1.25239			6
2024.12.26	15:26:07.893	1.25237	1.25240			6
2024.12.26	15:26:08.204	1.25236	1.25239			6
2024.12.26	15:26:09.419	1.25238	1.25241			6
2024.12.26	15:26:09.724	1.25237	1.25240			6
2024.12.26	15:26:11.259		1.25239			4
2024.12.26	15:26:12.787	1.25236	1.25238			6
2024.12.26	15:26:18.589		1.25237			4
2024.12.26	15:26:19.192		1.25238			4
2024.12.26	15:26:19.497		1.25237			4
2024.12.26	15:26:20.101		1.25238			4
2024.12.26	15:26:21.935		1.25237			4
2024.12.26	15:26:22.237		1.25238			4
2024.12.26	15:26:24.684	1.25235	1.25237			6
2024.12.26	15:26:24.987	1.25236	1.25238			6
2024.12.26	15:26:25.292	1.25237	1.25239			6
2024.12.26	15:26:27.743	1.25238	1.25240			6
2024.12.26	15:26:29.262	1.25243	1.25244			6
2024.12.26	15:26:29.569	1.25245	1.25247			6
2024.12.26	15:26:29.878		1.25246			4
2024.12.26	15:26:30.193		1.25248			4
2024.12.26	15:26:32.944	1.25244				2
2024.12.26	15:26:33.248		1.25247			4
2024.12.26	15:26:33.859	1.25242	1.25246			6
2024.12.26	15:26:34.161	1.25243	1.25245			6
2024.12.26	15:26:35.079	1.25242				2
2024.12.26	15:26:35.384	1.25243	1.25246			6
2024.12.26	15:26:35.999	1.25245	1.25248			6
2024.12.26	15:26:42.746		1.25249			4
2024.12.26	15:26:43.052		1.25248			4
2024.12.26	15:26:43.441		1.25247			4
2024.12.26	15:26:44.048		1.25248			4
2024.12.26	15:26:44.964	1.25243	1.25246			6
2024.12.26	15:26:45.888	1.25245	1.25247			6
2024.12.26	15:26:50.492	1.25243	1.25246			6
2024.12.26	15:26:51.106		1.25245			4
2024.12.26	15:26:52.324	1.25242				2
2024.12.26	15:26:52.935	1.25243				2
2024.12.26	15:26:55.398	1.25244	1.25246			6
2024.12.26	15:26:56.930	1.25243				2
2024.12.26	15:26:57.239		1.25245			4
2024.12.26	15:26:59.389	1.25245	1.25246			6
2024.12.26	15:26:59.699		1.25247			4
2024.12.26	15:27:00.002	1.25245				2
2024.12.26	15:27:01.229		1.25246			4
2024.12.26	15:27:01.538	1.25244				2
2024.12.26	15:27:03.991	1.25245				2
2024.12.26	15:27:07.354	1.25244				2
2024.12.26	15:27:07.657	1.25243	1.25245			6
2024.12.26	15:27:09.488	1.25238	1.25240			6
2024.12.26	15:27:10.101	1.25237				2
2024.12.26	15:27:12.566	1.25238				2
2024.12.26	15:27:12.866	1.25239	1.25242			6
2024.12.26	15:27:13.180	1.25238	1.25241			6
2024.12.26	15:27:13.481	1.25239				2
2024.12.26	15:27:14.102	1.25238				2
2024.12.26	15:27:14.718		1.25240			4
2024.12.26	15:27:16.247	1.25239	1.25242			6
2024.12.26	15:27:18.698	1.25238	1.25241			6
2024.12.26	15:27:19.623	1.25239	1.25242			6
2024.12.26	15:27:20.230		1.25241			4
2024.12.26	15:27:22.377	1.25238				2
2024.12.26	15:27:22.988		1.25240			4
2024.12.26	15:27:26.049	1.25240	1.25242			6
2024.12.26	15:27:26.968	1.25238	1.25240			6
2024.12.26	15:27:27.270	1.25239	1.25241			6
2024.12.26	15:27:30.926		1.25240			4
2024.12.26	15:27:31.227		1.25241			4
2024.12.26	15:27:31.841		1.25240			4
2024.12.26	15:27:33.669	1.25238				2
2024.12.26	15:27:37.055	1.25239				2
2024.12.26	15:27:37.659		1.25241			4
2024.12.26	15:27:37.972		1.25240			4
2024.12.26	15:27:40.100	1.25238				2
2024.12.26	15:27:40.405	1.25239	1.25241			6
2024.12.26	15:27:41.014	1.25238	1.25240			6
2024.12.26	15:27:41.318	1.25239				2
2024.12.26	15:27:43.461		1.25241			4
2024.12.26	15:27:44.691	1.25240	1.25242			6
2024.12.26	15:27:45.911	1.25239	1.25241			6
2024.12.26	15:27:46.225	1.25238	1.25240			6
2024.12.26	15:27:47.142	1.25239	1.25241			6
2024.12.26	15:27:48.070	1.25238	1.25240			6
2024.12.26	15:27:50.208	1.25236	1.25238			6
2024.12.26	15:27:50.821	1.25234	1.25236			6
2024.12.26	15:27:51.122	1.25235	1.25237			6
2024.12.26	15:27:52.344	1.25232	1.25234			6
2024.12.26	15:27:53.563	1.25231	1.25233			6
2024.12.26	15:27:54.174	1.25232	1.25234			6
2024.12.26	15:27:55.708	1.25227	1.25229			6
2024.12.26	15:27:56.011	1.25226	1.25228			6
2024.12.26	15:27:56.347	1.25224	1.25226			6
2024.12.26	15:27:56.654	1.25223	1.25225			6
2024.12.26	15:27:57.260		1.25228			4
2024.12.26	15:28:00.016	1.25223				2
2024.12.26	15:28:12.586	1.25225	1.25230			6
2024.12.26	15:28:13.817	1.25224	1.25229			6
2024.12.26	15:28:15.352	1.25225	1.25230			6
2024.12.26	15:28:15.958	1.25226	1.25231			6
2024.12.26	15:28:16.567	1.25224	1.25229			6
2024.12.26	15:28:16.870	1.25225				2
2024.12.26	15:28:17.487	1.25224	1.25228			6
2024.12.26	15:28:18.409	1.25225	1.25229			6
2024.12.26	15:28:23.626	1.25224	1.25228			6
2024.12.26	15:28:24.241	1.25225				2
2024.12.26	15:28:32.206	1.25226				2
2024.12.26	15:28:35.266	1.25225	1.25227			6
2024.12.26	15:28:35.892	1.25226	1.25228			6
2024.12.26	15:28:45.357	1.25225	1.25227			6
2024.12.26	15:28:52.394	1.25227	1.25229			6
2024.12.26	15:28:57.308	1.25226	1.25228			6
2024.12.26	15:28:57.919	1.25227	1.25229			6
2024.12.26	15:29:00.053	1.25227				2
2024.12.26	15:29:00.357	1.25226	1.25228			6
2024.12.26	15:29:01.288	1.25227	1.25229			6
2024.12.26	15:29:01.598	1.25226	1.25228			6
2024.12.26	15:29:09.246	1.25227	1.25229			6
2024.12.26	15:29:09.852	1.25225	1.25227			6
2024.12.26	15:29:18.394	1.25226	1.25228			6
2024.12.26	15:29:20.226	1.25224	1.25226			6
2024.12.26	15:29:22.360	1.25223	1.25225			6
2024.12.26	15:29:22.664	1.25224	1.25226			6
2024.12.26	15:29:23.271	1.25225	1.25227			6
2024.12.26	15:29:38.860	1.25224	1.25226			6
2024.12.26	15:29:45.281	1.25225	1.25227			6
2024.12.26	15:29:49.877	1.25224	1.25226			6
2024.12.26	15:29:50.180	1.25226	1.25228			6
2024.12.26	15:29:52.016	1.25221	1.25222			6
2024.12.26	15:29:52.322	1.25222	1.25224			6
2024.12.26	15:29:54.471	1.25221	1.25223			6
2024.12.26	15:29:54.780	1.25222	1.25224			6
2024.12.26	15:29:55.394	1.25221	1.25223			6
2024.12.26	15:29:56.620	1.25222	1.25224			6
2024.12.26	15:29:58.461	1.25221	1.25223			6
2024.12.26	15:29:58.763	1.25222	1.25224			6
2024.12.26	15:30:00.003	1.25222				2
2024.12.26	15:30:00.307	1.25219	1.25221			6
2024.12.26	15:30:02.463	1.25218	1.25220			6
2024.12.26	15:30:09.546	1.25221	1.25223			6
2024.12.26	15:30:09.859	1.25219	1.25221			6
2024.12.26	15:30:10.777	1.25220	1.25222			6
2024.12.26	15:30:14.785	1.25219	1.25221			6
2024.12.26	15:30:15.095	1.25239	1.25241			6
2024.12.26	15:30:15.402	1.25235	1.25237			6
2024.12.26	15:30:16.025	1.25237	1.25239			6
2024.12.26	15:30:16.330		1.25245			4
2024.12.26	15:30:16.949		1.25246			4
2024.12.26	15:30:17.255	1.25236	1.25243			6
2024.12.26	15:30:17.564	1.25233	1.25239			6
2024.12.26	15:30:17.866	1.25231				2
2024.12.26	15:30:18.178	1.25232				2
2024.12.26	15:30:18.484	1.25233	1.25241			6
2024.12.26	15:30:19.106	1.25230	1.25239			6
2024.12.26	15:30:20.031	1.25231				2
2024.12.26	15:30:20.332	1.25233	1.25240			6
2024.12.26	15:30:21.256	1.25232	1.25239			6
2024.12.26	15:30:21.872	1.25230	1.25238			6
2024.12.26	15:30:22.488	1.25231				2
2024.12.26	15:30:23.103	1.25230				2
2024.12.26	15:30:24.024	1.25232	1.25239			6
2024.12.26	15:30:25.565	1.25231				2
2024.12.26	15:30:25.869	1.25230	1.25238			6
2024.12.26	15:30:26.178	1.25231	1.25239			6
2024.12.26	15:30:27.420	1.25237	1.25246			6
2024.12.26	15:30:28.643		1.25243			4
2024.12.26	15:30:29.261	1.25241	1.25249			6
2024.12.26	15:30:29.877	1.25242				2
2024.12.26	15:30:30.183	1.25249	1.25254			6
2024.12.26	15:30:30.487	1.25244	1.25249			6
2024.12.26	15:30:31.110	1.25243	1.25251			6
2024.12.26	15:30:31.728	1.25244	1.25252			6
2024.12.26	15:30:32.959	1.25242	1.25247			6
2024.12.26	15:30:33.265	1.25237	1.25246			6
2024.12.26	15:30:33.887		1.25245			4
2024.12.26	15:30:34.507	1.25236				2
2024.12.26	15:30:40.362	1.25237				2
2024.12.26	15:30:40.664	1.25239				2
2024.12.26	15:30:40.969	1.25238	1.25246			6
2024.12.26	15:30:41.288	1.25239	1.25248			6
2024.12.26	15:30:41.597	1.25244	1.25252			6
2024.12.26	15:30:41.904		1.25251			4
2024.12.26	15:30:42.213	1.25243				2
2024.12.26	15:30:42.520	1.25242	1.25250			6
2024.12.26	15:30:43.444		1.25249			4
2024.12.26	15:30:44.058	1.25243				2
2024.12.26	15:30:44.368		1.25251			4
2024.12.26	15:30:44.984		1.25250			4
2024.12.26	15:30:45.288	1.25244	1.25251			6
2024.12.26	15:30:45.594	1.25243				2
2024.12.26	15:30:46.526	1.25244				2
2024.12.26	15:30:46.837	1.25243				2
2024.12.26	15:30:47.145	1.25244	1.25252			6
2024.12.26	15:30:47.451	1.25242	1.25251			6
2024.12.26	15:30:47.760	1.25243				2
2024.12.26	15:30:48.375	1.25242				2
2024.12.26	15:30:48.681	1.25243	1.25252			6
2024.12.26	15:30:48.982	1.25244				2
2024.12.26	15:30:50.230	1.25243				2
2024.12.26	15:30:52.692	1.25246	1.25254			6
2024.12.26	15:30:55.775		1.25253			4
2024.12.26	15:30:57.007		1.25254			4
2024.12.26	15:31:00.085	1.25246				2
2024.12.26	15:31:00.389	1.25242	1.25249			6
2024.12.26	15:31:01.018		1.25248			4
2024.12.26	15:31:01.320		1.25249			4
2024.12.26	15:31:04.714		1.25250			4
2024.12.26	15:31:05.018	1.25241				2
2024.12.26	15:31:07.175		1.25249			4
2024.12.26	15:31:07.481	1.25240				2
2024.12.26	15:31:12.413	1.25249	1.25257			6
2024.12.26	15:31:12.723	1.25254	1.25260			6
2024.12.26	15:31:13.644	1.25255	1.25262			6
2024.12.26	15:31:14.881	1.25250	1.25258			6
2024.12.26	15:31:15.801	1.25251	1.25259			6
2024.12.26	15:31:16.724		1.25260			4
2024.12.26	15:31:17.026	1.25254	1.25263			6
2024.12.26	15:31:17.341	1.25255				2
2024.12.26	15:31:20.421		1.25262			4
2024.12.26	15:31:21.340	1.25244	1.25250			6
2024.12.26	15:31:21.648	1.25242				2
2024.12.26	15:31:23.186	1.25243				2
2024.12.26	15:31:24.124		1.25251			4
2024.12.26	15:31:25.046	1.25242	1.25250			6
2024.12.26	15:31:25.355	1.25241				2
2024.12.26	15:31:27.199	1.25244	1.25251			6
2024.12.26	15:31:27.503	1.25245	1.25253			6
2024.12.26	15:31:30.277		1.25252			4
2024.12.26	15:31:30.586	1.25248	1.25256			6
2024.12.26	15:31:30.895	1.25247				2
2024.12.26	15:31:36.754		1.25253			4
2024.12.26	15:31:37.063	1.25245				2
2024.12.26	15:31:39.229		1.25252			4
2024.12.26	15:31:39.540	1.25244	1.25251			6
2024.12.26	15:31:40.154	1.25243				2
2024.12.26	15:31:40.461	1.25242	1.25250			6
2024.12.26	15:31:41.079	1.25244	1.25253			6
2024.12.26	15:31:41.697	1.25242	1.25251			6
2024.12.26	15:31:42.310		1.25250			4
2024.12.26	15:31:42.927		1.25249			4
2024.12.26	15:31:43.232		1.25251			4
2024.12.26	15:31:43.540		1.25250			4
2024.12.26	15:31:43.849	1.25240	1.25247			6
2024.12.26	15:31:45.083	1.25238				2
2024.12.26	15:31:46.627	1.25237	1.25245			6
2024.12.26	15:31:47.551	1.25236	1.25244			6
2024.12.26	15:31:48.476	1.25232	1.25241			6
2024.12.26	15:31:49.098	1.25233				2
2024.12.26	15:31:49.700	1.25235	1.25244			6
2024.12.26	15:31:51.844		1.25243			4
2024.12.26	15:31:54.318		1.25242			4
2024.12.26	15:31:54.620		1.25243			4
2024.12.26	15:31:55.237	1.25234				2
2024.12.26	15:31:57.386	1.25224	1.25233			6
2024.12.26	15:31:59.246	1.25225				2
2024.12.26	15:31:59.553	1.25224				2
2024.12.26	15:31:59.864		1.25232			4
2024.12.26	15:32:00.174	1.25224				2
2024.12.26	15:32:00.792	1.25223				2
2024.12.26	15:32:01.410	1.25225				2
2024.12.26	15:32:02.640	1.25224	1.25233			6
2024.12.26	15:32:03.561		1.25232			4
2024.12.26	15:32:05.721	1.25223				2
2024.12.26	15:32:07.573		1.25231			4
2024.12.26	15:32:07.883	1.25213	1.25220			6
2024.12.26	15:32:08.501	1.25212				2
2024.12.26	15:32:08.810		1.25221			4
2024.12.26	15:32:09.423	1.25213				2
2024.12.26	15:32:09.734		1.25222			4
2024.12.26	15:32:11.275	1.25218	1.25224			6
2024.12.26	15:32:11.583		1.25227			4
2024.12.26	15:32:13.116		1.25226			4
2024.12.26	15:32:13.742	1.25216	1.25224			6
2024.12.26	15:32:14.974	1.25217	1.25226			6
2024.12.26	15:32:19.290	1.25218				2
2024.12.26	15:32:19.909	1.25219				2
2024.12.26	15:32:20.214	1.25222	1.25229			6
2024.12.26	15:32:20.524		1.25230			4
2024.12.26	15:32:21.142	1.25221	1.25228			6
2024.12.26	15:32:21.452	1.25224	1.25232			6
2024.12.26	15:32:21.753	1.25219	1.25227			6
2024.12.26	15:32:22.054		1.25226			4
2024.12.26	15:32:24.531	1.25221	1.25228			6
2024.12.26	15:32:25.157		1.25229			4
2024.12.26	15:32:26.081		1.25228			4
2024.12.26	15:32:26.683	1.25218	1.25225			6
2024.12.26	15:32:30.394	1.25219	1.25226			6
2024.12.26	15:32:31.321	1.25220	1.25228			6
2024.12.26	15:32:31.630		1.25227			4
2024.12.26	15:32:32.861		1.25226			4
2024.12.26	15:32:34.705	1.25221	1.25228			6
2024.12.26	15:32:35.630	1.25223	1.25231			6
2024.12.26	15:32:37.479	1.25222	1.25229			6
2024.12.26	15:32:37.781	1.25220	1.25227			6
2024.12.26	15:32:38.708	1.25219				2
2024.12.26	15:32:43.021		1.25226			4
2024.12.26	15:32:43.942		1.25227			4
2024.12.26	15:32:44.245	1.25221	1.25228			6
2024.12.26	15:32:46.400	1.25220				2
2024.12.26	15:32:46.701	1.25216	1.25221			6
2024.12.26	15:32:47.007	1.25211	1.25219			6
2024.12.26	15:32:47.314	1.25212	1.25220			6
2024.12.26	15:32:47.622	1.25211	1.25219			6
2024.12.26	15:32:48.248	1.25212				2
2024.12.26	15:32:51.330	1.25215	1.25221			6
2024.12.26	15:32:51.638	1.25213	1.25220			6
2024.12.26	15:32:52.254	1.25214				2
2024.12.26	15:32:52.560	1.25215	1.25222			6
2024.12.26	15:32:54.111	1.25213	1.25221			6
2024.12.26	15:32:57.490	1.25214	1.25220			6
2024.12.26	15:32:57.799	1.25213				2
2024.12.26	15:33:00.265	1.25214				2
2024.12.26	15:33:01.190	1.25224	1.25230			6
2024.12.26	15:33:01.499		1.25231			4
2024.12.26	15:33:02.115	1.25223	1.25229			6
2024.12.26	15:33:02.425	1.25220	1.25228			6
2024.12.26	15:33:02.731	1.25219	1.25227			6
2024.12.26	15:33:04.271	1.25220				2
2024.12.26	15:33:04.578	1.25219				2
2024.12.26	15:33:05.192	1.25218				2
2024.12.26	15:33:05.500		1.25226			4
2024.12.26	15:33:06.739	1.25213	1.25220			6
2024.12.26	15:33:07.044	1.25212	1.25219			6
2024.12.26	15:33:07.660		1.25218			4
2024.12.26	15:33:07.963	1.25213	1.25220			6
2024.12.26	15:33:08.581	1.25212	1.25219			6
2024.12.26	15:33:09.821	1.25211	1.25218			6
2024.12.26	15:33:12.281	1.25210	1.25214			6
2024.12.26	15:33:12.585	1.25212	1.25219			6
2024.12.26	15:33:12.888	1.25213				2
2024.12.26	15:33:13.202	1.25214	1.25220			6
2024.12.26	15:33:13.516	1.25217	1.25221			6
2024.12.26	15:33:13.826	1.25218	1.25224			6
2024.12.26	15:33:14.135	1.25217				2
2024.12.26	15:33:16.293	1.25216	1.25221			6
2024.12.26	15:33:16.906	1.25214	1.25220			6
2024.12.26	15:33:17.532	1.25213				2
2024.12.26	15:33:18.761	1.25215				2
2024.12.26	15:33:19.066		1.25221			4
2024.12.26	15:33:20.296	1.25214				2
2024.12.26	15:33:21.221	1.25213	1.25219			6
2024.12.26	15:33:21.524	1.25212				2
2024.12.26	15:33:23.069	1.25214	1.25220			6
2024.12.26	15:33:23.685	1.25215				2
2024.12.26	15:33:23.987	1.25216				2
2024.12.26	15:33:24.312	1.25215				2
2024.12.26	15:33:24.613	1.25216	1.25222			6
2024.12.26	15:33:25.229	1.25215				2
2024.12.26	15:33:26.467		1.25220			4
2024.12.26	15:33:28.625	1.25216	1.25222			6
2024.12.26	15:33:28.927		1.25221			4
2024.12.26	15:33:31.394	1.25215				2
2024.12.26	15:33:31.702	1.25216	1.25222			6
2024.12.26	15:33:32.315	1.25215				2
2024.12.26	15:33:33.859	1.25214	1.25220			6
2024.12.26	15:33:35.707	1.25215				2
2024.12.26	15:33:36.011	1.25217	1.25221			6
2024.12.26	15:33:36.941	1.25216	1.25220			6
2024.12.26	15:33:37.250		1.25221			4
2024.12.26	15:33:38.484	1.25215				2
2024.12.26	15:33:39.103	1.25217				2
2024.12.26	15:33:39.726	1.25215				2
2024.12.26	15:33:40.030	1.25216	1.25222			6
2024.12.26	15:33:40.335		1.25221			4
2024.12.26	15:33:40.641	1.25215				2
2024.12.26	15:33:41.259		1.25220			4
2024.12.26	15:33:41.563	1.25214				2
2024.12.26	15:33:42.801	1.25215				2
2024.12.26	15:33:44.348	1.25211	1.25218			6
2024.12.26	15:33:44.656	1.25212				2
2024.12.26	15:33:46.811		1.25219			4
2024.12.26	15:33:47.117		1.25218			4
2024.12.26	15:33:48.968	1.25213				2
2024.12.26	15:33:49.274	1.25214	1.25219			6
2024.12.26	15:33:49.891	1.25217	1.25221			6
2024.12.26	15:33:50.193	1.25214	1.25220			6
2024.12.26	15:33:50.818	1.25215				2
2024.12.26	15:33:53.912	1.25216				2
2024.12.26	15:33:54.213	1.25215				2
2024.12.26	15:33:54.834	1.25209	1.25217			6
2024.12.26	15:33:55.140	1.25211				2
2024.12.26	15:33:55.755	1.25212				2
2024.12.26	15:33:56.996		1.25218			4
2024.12.26	15:33:57.611	1.25214				2
2024.12.26	15:33:58.854	1.25213				2
2024.12.26	15:33:59.158	1.25218	1.25221			6
2024.12.26	15:33:59.772		1.25223			4
2024.12.26	15:34:00.082	1.25218	1.25221			6
2024.12.26	15:34:00.395	1.25222	1.25228			6
2024.12.26	15:34:00.702	1.25220	1.25226			6
2024.12.26	15:34:01.007	1.25217	1.25223			6
2024.12.26	15:34:01.940	1.25218				2
2024.12.26	15:34:02.245	1.25216				2
2024.12.26	15:34:04.408	1.25220	1.25225			6
2024.12.26	15:34:05.326	1.25218	1.25223			6
2024.12.26	15:34:08.103	1.25222	1.25226			6
2024.12.26	15:34:08.408	1.25224	1.25229			6
2024.12.26	15:34:09.028	1.25226	1.25230			6
2024.12.26	15:34:09.337	1.25225	1.25231			6
2024.12.26	15:34:09.957	1.25224	1.25229			6
2024.12.26	15:34:12.434	1.25226	1.25230			6
2024.12.26	15:34:14.584	1.25229	1.25236			6
2024.12.26	15:34:15.504	1.25228	1.25233			6
2024.12.26	15:34:18.279	1.25227				2
2024.12.26	15:34:21.049	1.25229	1.25235			6
2024.12.26	15:34:21.667	1.25230				2
2024.12.26	15:34:21.977	1.25228	1.25232			6
2024.12.26	15:34:22.289	1.25227	1.25231			6
2024.12.26	15:34:23.518		1.25232			4
2024.12.26	15:34:27.832	1.25225	1.25230			6
2024.12.26	15:34:28.140		1.25229			4
2024.12.26	15:34:29.685	1.25224				2
2024.12.26	15:34:29.993	1.25223	1.25228			6
2024.12.26	15:34:30.301	1.25221	1.25227			6
2024.12.26	15:34:31.222	1.25224	1.25228			6
2024.12.26	15:34:31.525	1.25221	1.25227			6
2024.12.26	15:34:36.772	1.25224	1.25228			6
2024.12.26	15:34:39.544	1.25227	1.25232			6
2024.12.26	15:34:41.082		1.25231			4
2024.12.26	15:34:43.234	1.25226	1.25229			6
2024.12.26	15:34:43.538		1.25231			4
2024.12.26	15:34:44.155	1.25229	1.25233			6
2024.12.26	15:34:44.458	1.25228				2
2024.12.26	15:34:45.065	1.25229				2
2024.12.26	15:34:45.370	1.25228	1.25234			6
2024.12.26	15:34:46.587	1.25230	1.25236			6
2024.12.26	15:34:46.892	1.25234	1.25239			6
2024.12.26	15:34:48.123	1.25233	1.25238			6
2024.12.26	15:34:48.760	1.25232				2
2024.12.26	15:34:49.373	1.25234				2
2024.12.26	15:34:54.899		1.25240			4
2024.12.26	15:34:55.213	1.25236				2
2024.12.26	15:34:55.519	1.25235				2
2024.12.26	15:34:59.804	1.25238	1.25243			6
2024.12.26	15:35:00.106	1.25237	1.25242			6
2024.12.26	15:35:00.410	1.25236	1.25241			6
2024.12.26	15:35:00.712	1.25237				2
2024.12.26	15:35:01.638	1.25236				2
2024.12.26	15:35:01.944	1.25238	1.25243			6
2024.12.26	15:35:05.321	1.25237	1.25240			6
2024.12.26	15:35:05.630	1.25232	1.25237			6
2024.12.26	15:35:06.862	1.25234				2
2024.12.26	15:35:07.480	1.25235	1.25239			6
2024.12.26	15:35:08.711	1.25236				2
2024.12.26	15:35:09.016	1.25238	1.25243			6
2024.12.26	15:35:09.630	1.25239				2
2024.12.26	15:35:10.242	1.25237	1.25241			6
2024.12.26	15:35:10.560		1.25242			4
2024.12.26	15:35:12.404	1.25235	1.25239			6
2024.12.26	15:35:13.325	1.25236				2
2024.12.26	15:35:16.114		1.25240			4
2024.12.26	15:35:18.873	1.25239	1.25243			6
2024.12.26	15:35:19.179	1.25238				2
2024.12.26	15:35:19.483	1.25239				2
2024.12.26	15:35:20.410	1.25238	1.25242			6
2024.12.26	15:35:20.713	1.25239				2
2024.12.26	15:35:21.023	1.25241				2
2024.12.26	15:35:21.328	1.25230	1.25233			6
2024.12.26	15:35:21.630	1.25222	1.25227			6
2024.12.26	15:35:21.934	1.25225	1.25228			6
2024.12.26	15:35:22.242	1.25222				2
2024.12.26	15:35:22.552	1.25223				2
2024.12.26	15:35:22.854	1.25224				2
2024.12.26	15:35:23.169	1.25225				2
2024.12.26	15:35:23.478	1.25226	1.25230			6
2024.12.26	15:35:24.097	1.25223	1.25229			6
2024.12.26	15:35:24.406	1.25224				2
2024.12.26	15:35:27.486	1.25225				2
2024.12.26	15:35:28.725	1.25226				2
2024.12.26	15:35:29.340	1.25225				2
2024.12.26	15:35:31.808	1.25223	1.25227			6
2024.12.26	15:35:32.127	1.25222				2
2024.12.26	15:35:36.443	1.25225	1.25229			6
2024.12.26	15:35:36.758	1.25226				2
2024.12.26	15:35:38.912	1.25225	1.25228			6
2024.12.26	15:35:40.749	1.25232	1.25236			6
2024.12.26	15:35:41.977	1.25233				2
2024.12.26	15:35:42.289	1.25236	1.25237			6
2024.12.26	15:35:42.897	1.25235				2
2024.12.26	15:35:43.207	1.25234				2
2024.12.26	15:35:43.515	1.25235				2
2024.12.26	15:35:44.128		1.25238			4
2024.12.26	15:35:47.208	1.25234				2
2024.12.26	15:35:47.513	1.25232	1.25237			6
2024.12.26	15:35:48.440	1.25234	1.25238			6
2024.12.26	15:35:49.366	1.25235	1.25239			6
2024.12.26	15:35:49.979	1.25233				2
2024.12.26	15:35:50.589	1.25231	1.25234			6
2024.12.26	15:35:50.908	1.25229				2
2024.12.26	15:35:51.213		1.25233			4
2024.12.26	15:35:51.818	1.25227	1.25230			6
2024.12.26	15:35:52.428	1.25226	1.25229			6
2024.12.26	15:35:53.053	1.25225				2
2024.12.26	15:35:54.904	1.25224	1.25227			6
2024.12.26	15:35:55.206	1.25222				2
2024.12.26	15:35:55.812		1.25226			4
2024.12.26	15:35:57.024	1.25223	1.25227			6
2024.12.26	15:35:57.326	1.25224				2
2024.12.26	15:35:57.639	1.25225				2
2024.12.26	15:35:57.942	1.25224	1.25228			6
2024.12.26	15:35:58.244	1.25222	1.25227			6
2024.12.26	15:35:58.547	1.25224				2
2024.12.26	15:35:58.854	1.25222				2
2024.12.26	15:36:00.094	1.25221	1.25226			6
2024.12.26	15:36:00.400	1.25222				2
2024.12.26	15:36:02.247	1.25221				2
2024.12.26	15:36:02.556	1.25222				2
2024.12.26	15:36:04.401	1.25221				2
2024.12.26	15:36:05.329	1.25222				2
2024.12.26	15:36:05.633	1.25221				2
2024.12.26	15:36:06.253	1.25222				2
2024.12.26	15:36:09.943	1.25225	1.25227			6
2024.12.26	15:36:10.247	1.25222	1.25226			6
2024.12.26	15:36:12.697	1.25223	1.25225			6
2024.12.26	15:36:13.003	1.25224	1.25227			6
2024.12.26	15:36:13.316	1.25225				2
2024.12.26	15:36:13.623		1.25228			4
2024.12.26	15:36:15.160	1.25235	1.25238			6
2024.12.26	15:36:15.471	1.25234				2
2024.12.26	15:36:16.083	1.25233				2
2024.12.26	15:36:16.389	1.25232	1.25236			6
2024.12.26	15:36:17.320	1.25233				2
2024.12.26	15:36:17.936	1.25232				2
2024.12.26	15:36:19.470	1.25231				2
2024.12.26	15:36:20.704	1.25233	1.25237			6
2024.12.26	15:36:21.319	1.25235				2
2024.12.26	15:36:21.936	1.25234				2
2024.12.26	15:36:22.241	1.25232				2
2024.12.26	15:36:22.861	1.25233				2
2024.12.26	15:36:23.163	1.25231	1.25236			6
2024.12.26	15:36:23.781	1.25234	1.25237			6
2024.12.26	15:36:24.090	1.25235				2
2024.12.26	15:36:28.083	1.25236				2
2024.12.26	15:36:28.388	1.25234				2
2024.12.26	15:36:29.937	1.25232	1.25236			6
2024.12.26	15:36:30.553	1.25234				2
2024.12.26	15:36:30.860		1.25238			4
2024.12.26	15:36:33.622	1.25233				2
2024.12.26	15:36:33.930	1.25234				2
2024.12.26	15:36:34.850	1.25233				2
2024.12.26	15:36:36.082	1.25234				2
2024.12.26	15:36:37.923	1.25236	1.25240			6
2024.12.26	15:36:38.231	1.25238	1.25243			6
2024.12.26	15:36:38.541		1.25242			4
2024.12.26	15:36:40.383		1.25243			4
2024.12.26	15:36:40.691		1.25242			4
2024.12.26	15:36:41.613	1.25237				2
2024.12.26	15:36:41.922	1.25239				2
2024.12.26	15:36:42.535	1.25238				2
2024.12.26	15:36:42.843	1.25237	1.25241			6
2024.12.26	15:36:44.393	1.25236				2
2024.12.26	15:36:44.697	1.25234	1.25238			6
2024.12.26	15:36:45.312	1.25236	1.25239			6
2024.12.26	15:36:45.620		1.25241			4
2024.12.26	15:36:45.928		1.25239			4
2024.12.26	15:36:48.692	1.25237				2
2024.12.26	15:36:49.001	1.25242	1.25245			6
2024.12.26	15:36:49.303	1.25244	1.25248			6
2024.12.26	15:36:49.921	1.25242	1.25247			6
2024.12.26	15:36:51.150	1.25237	1.25242			6
2024.12.26	15:36:52.075	1.25238				2
2024.12.26	15:36:56.691	1.25242	1.25243			6
2024.12.26	15:36:57.000	1.25238	1.25242			6
2024.12.26	15:36:57.306	1.25240	1.25245			6
2024.12.26	15:36:58.231	1.25235	1.25239			6
2024.12.26	15:36:58.541	1.25234	1.25238			6
2024.12.26	15:36:59.770	1.25235				2
2024.12.26	15:37:00.079	1.25235				2
2024.12.26	15:37:00.395	1.25236				2
2024.12.26	15:37:01.626	1.25235				2
2024.12.26	15:37:03.160	1.25236				2
2024.12.26	15:37:03.776	1.25237	1.25239			6
2024.12.26	15:37:05.315	1.25245	1.25247			6
2024.12.26	15:37:06.545	1.25244				2
2024.12.26	15:37:07.160	1.25245				2
2024.12.26	15:37:08.998	1.25244				2
2024.12.26	15:37:12.368	1.25242				2
2024.12.26	15:37:12.672		1.25246			4
2024.12.26	15:37:13.592	1.25243				2
2024.12.26	15:37:15.422	1.25245	1.25248			6
2024.12.26	15:37:15.733	1.25244				2
2024.12.26	15:37:16.339	1.25242	1.25246			6
2024.12.26	15:37:18.790	1.25237	1.25240			6
2024.12.26	15:37:19.099	1.25239	1.25241			6
2024.12.26	15:37:19.401	1.25240				2
2024.12.26	15:37:20.321	1.25238				2
2024.12.26	15:37:20.634	1.25240				2
2024.12.26	15:37:21.241	1.25239				2
2024.12.26	15:37:21.548	1.25240				2
2024.12.26	15:37:21.855	1.25239	1.25243			6
2024.12.26	15:37:24.311	1.25238	1.25241			6
2024.12.26	15:37:24.628	1.25237				2
2024.12.26	15:37:24.933	1.25238				2
2024.12.26	15:37:25.240		1.25242			4
2024.12.26	15:37:25.858	1.25237	1.25240			6
2024.12.26	15:37:26.159	1.25235				2
2024.12.26	15:37:26.777	1.25236				2
2024.12.26	15:37:27.086	1.25235				2
2024.12.26	15:37:27.399		1.25238			4
2024.12.26	15:37:29.853	1.25234				2
2024.12.26	15:37:31.695	1.25233	1.25237			6
2024.12.26	15:37:32.007	1.25235				2
2024.12.26	15:37:33.230	1.25232				2
2024.12.26	15:37:44.310	1.25226	1.25230			6
2024.12.26	15:37:44.612	1.25225	1.25229			6
2024.12.26	15:37:44.917	1.25226	1.25230			6
2024.12.26	15:37:49.535	1.25230	1.25234			6
2024.12.26	15:37:49.841	1.25228				2
2024.12.26	15:37:51.076	1.25229				2
2024.12.26	15:37:52.001	1.25227	1.25233			6
2024.12.26	15:37:53.231	1.25228				2
2024.12.26	15:37:54.150	1.25227	1.25230			6
2024.12.26	15:37:54.456	1.25226	1.25231			6
2024.12.26	15:37:55.070	1.25229	1.25233			6
2024.12.26	15:37:56.608	1.25226	1.25229			6
2024.12.26	15:37:56.909		1.25231			4
2024.12.26	15:37:57.210	1.25227	1.25233			6
2024.12.26	15:37:58.149	1.25225	1.25229			6
2024.12.26	15:38:00.301	1.25225				2
2024.12.26	15:38:00.915	1.25224	1.25228			6
2024.12.26	15:38:01.221	1.25222				2
2024.12.26	15:38:03.997	1.25221	1.25227			6
2024.12.26	15:38:04.604	1.25224	1.25229			6
2024.12.26	15:38:04.914	1.25223				2
2024.12.26	15:38:05.220	1.25221	1.25226			6
2024.12.26	15:38:09.841		1.25227			4
2024.12.26	15:38:10.144	1.25222				2
2024.12.26	15:38:11.991	1.25223	1.25228			6
2024.12.26	15:38:13.830		1.25229			4
2024.12.26	15:38:14.448	1.25222	1.25228			6
2024.12.26	15:38:15.059	1.25223				2
2024.12.26	15:38:15.371		1.25229			4
2024.12.26	15:38:15.677		1.25228			4
2024.12.26	15:38:18.430	1.25222				2
2024.12.26	15:38:19.338	1.25221	1.25227			6
2024.12.26	15:38:23.309	1.25207	1.25208			6
2024.12.26	15:38:23.924	1.25201	1.25207			6
2024.12.26	15:38:24.227	1.25202	1.25205			6
2024.12.26	15:38:24.843	1.25203	1.25206			6
2024.12.26	15:38:25.146	1.25202	1.25205			6
2024.12.26	15:38:26.068	1.25203	1.25206			6
2024.12.26	15:38:26.377		1.25208			4
2024.12.26	15:38:26.687	1.25201	1.25209			6
2024.12.26	15:38:27.001	1.25202	1.25208			6
2024.12.26	15:38:28.223	1.25203	1.25209			6
2024.12.26	15:38:28.841		1.25208			4
2024.12.26	15:38:29.458	1.25202				2
2024.12.26	15:38:29.765		1.25207			4
2024.12.26	15:38:30.071	1.25201	1.25206			6
2024.12.26	15:38:33.441	1.25197	1.25200			6
2024.12.26	15:38:33.746	1.25200	1.25204			6
2024.12.26	15:38:34.056	1.25199				2
2024.12.26	15:38:34.669	1.25198	1.25203			6
2024.12.26	15:38:34.976	1.25197	1.25202			6
2024.12.26	15:38:35.283	1.25198	1.25203			6
2024.12.26	15:38:35.901	1.25199	1.25204			6
2024.12.26	15:38:36.511	1.25197				2
2024.12.26	15:38:37.434	1.25199				2
2024.12.26	15:38:37.741	1.25198				2
2024.12.26	15:38:38.348		1.25203			4
2024.12.26	15:38:39.263	1.25200	1.25204			6
2024.12.26	15:38:39.571	1.25198				2
2024.12.26	15:38:40.187	1.25199				2
2024.12.26	15:38:40.497	1.25198				2
2024.12.26	15:38:41.107	1.25199				2
2024.12.26	15:38:41.415	1.25197	1.25203			6
2024.12.26	15:38:41.724	1.25198				2
2024.12.26	15:38:42.030	1.25200				2
2024.12.26	15:38:42.338	1.25199				2
2024.12.26	15:38:43.565	1.25201				2
2024.12.26	15:38:43.871	1.25198	1.25205			6
2024.12.26	15:38:44.790		1.25203			4
2024.12.26	15:38:46.634	1.25197				2
2024.12.26	15:38:48.175		1.25201			4
2024.12.26	15:38:49.097		1.25203			4
2024.12.26	15:38:50.325	1.25198				2
2024.12.26	15:38:54.018	1.25203	1.25208			6
2024.12.26	15:38:54.323	1.25202				2
2024.12.26	15:38:56.172	1.25201	1.25207			6
2024.12.26	15:38:56.481	1.25202				2
2024.12.26	15:38:56.787	1.25200	1.25208			6
2024.12.26	15:38:57.100	1.25202				2
2024.12.26	15:38:59.249	1.25201	1.25207			6
2024.12.26	15:39:00.171	1.25202	1.25208			6
2024.12.26	15:39:01.407	1.25201	1.25207			6
2024.12.26	15:39:02.328	1.25202				2
2024.12.26	15:39:02.634	1.25201				2
2024.12.26	15:39:04.170	1.25202	1.25208			6
2024.12.26	15:39:04.786	1.25200	1.25206			6
2024.12.26	15:39:05.094	1.25202	1.25208			6
2024.12.26	15:39:05.452	1.25201	1.25206			6
2024.12.26	15:39:06.365		1.25207			4
2024.12.26	15:39:07.596		1.25206			4
2024.12.26	15:39:08.824		1.25207			4
2024.12.26	15:39:09.127		1.25206			4
2024.12.26	15:39:13.750	1.25204	1.25208			6
2024.12.26	15:39:14.057		1.25209			4
2024.12.26	15:39:17.443	1.25211	1.25214			6
2024.12.26	15:39:17.754		1.25216			4
2024.12.26	15:39:18.061	1.25210	1.25215			6
2024.12.26	15:39:18.377	1.25209	1.25214			6
2024.12.26	15:39:19.293		1.25213			4
2024.12.26	15:39:22.374	1.25212	1.25216			6
2024.12.26	15:39:22.679	1.25209	1.25213			6
2024.12.26	15:39:24.520	1.25210				2
2024.12.26	15:39:25.447	1.25209				2
2024.12.26	15:39:25.756	1.25210				2
2024.12.26	15:39:26.368	1.25209				2
2024.12.26	15:39:26.678		1.25212			4
2024.12.26	15:39:35.586	1.25211	1.25215			6
2024.12.26	15:39:35.895	1.25212	1.25216			6
2024.12.26	15:39:36.517	1.25213				2
2024.12.26	15:39:37.430		1.25217			4
2024.12.26	15:39:39.277	1.25212	1.25215			6
2024.12.26	15:39:40.193		1.25216			4
2024.12.26	15:39:40.499	1.25211	1.25214			6
2024.12.26	15:39:43.247	1.25206	1.25211			6
2024.12.26	15:39:43.550		1.25210			4
2024.12.26	15:39:44.158		1.25211			4
2024.12.26	15:39:45.082		1.25210			4
2024.12.26	15:39:46.932		1.25212			4
2024.12.26	15:39:47.241	1.25210	1.25213			6
2024.12.26	15:39:48.163	1.25209				2
2024.12.26	15:39:48.471	1.25210				2
2024.12.26	15:39:49.086		1.25214			4
2024.12.26	15:39:50.011	1.25213	1.25218			6
2024.12.26	15:39:50.318	1.25215	1.25219			6
2024.12.26	15:39:50.629		1.25218			4
2024.12.26	15:39:50.934	1.25212				2
2024.12.26	15:39:51.241	1.25211	1.25217			6
2024.12.26	15:39:51.552	1.25216	1.25221			6
2024.12.26	15:39:53.387		1.25222			4
2024.12.26	15:39:54.303	1.25220	1.25223			6
2024.12.26	15:39:54.917		1.25221			4
2024.12.26	15:39:56.758	1.25222	1.25224			6
2024.12.26	15:39:57.377	1.25225	1.25226			6
2024.12.26	15:39:58.598	1.25224				2
2024.12.26	15:39:58.906	1.25223	1.25225			6
2024.12.26	15:39:59.215	1.25222				2
2024.12.26	15:40:00.144	1.25222				2
2024.12.26	15:40:00.445	1.25219	1.25221			6
2024.12.26	15:40:00.754	1.25220				2
2024.12.26	15:40:01.061	1.25212	1.25214			6
2024.12.26	15:40:02.287	1.25211				2
2024.12.26	15:40:02.597	1.25212				2
2024.12.26	15:40:03.828	1.25211				2
2024.12.26	15:40:04.137	1.25212				2
2024.12.26	15:40:07.521	1.25211				2
2024.12.26	15:40:09.058	1.25205	1.25207			6
2024.12.26	15:40:09.367	1.25202	1.25203			6
2024.12.26	15:40:09.984		1.25205			4
2024.12.26	15:40:11.205		1.25203			4
2024.12.26	15:40:11.528		1.25205			4
2024.12.26	15:40:12.138	1.25203	1.25206			6
2024.12.26	15:40:12.445	1.25202				2
2024.12.26	15:40:13.350	1.25203				2
2024.12.26	15:40:13.653	1.25202				2
2024.12.26	15:40:13.970	1.25203				2
2024.12.26	15:40:14.280	1.25202				2
2024.12.26	15:40:14.581	1.25205				2
2024.12.26	15:40:14.887	1.25204				2
2024.12.26	15:40:15.806	1.25205				2
2024.12.26	15:40:18.257	1.25206	1.25207			6
2024.12.26	15:40:18.561	1.25205	1.25206			6
2024.12.26	15:40:20.080	1.25202	1.25203			6
2024.12.26	15:40:20.992	1.25200	1.25202			6
2024.12.26	15:40:21.302	1.25198	1.25201			6
2024.12.26	15:40:21.611		1.25200			4
2024.12.26	15:40:21.913	1.25200	1.25201			6
2024.12.26	15:40:23.134	1.25197	1.25198			6
2024.12.26	15:40:23.440	1.25195	1.25197			6
2024.12.26	15:40:23.744		1.25196			4
2024.12.26	15:40:24.968		1.25197			4
2024.12.26	15:40:26.193		1.25196			4
2024.12.26	15:40:27.102		1.25197			4
2024.12.26	15:40:27.407	1.25190	1.25193			6
2024.12.26	15:40:28.020	1.25203	1.25205			6
2024.12.26	15:40:28.323	1.25201	1.25203			6
2024.12.26	15:40:28.624	1.25199	1.25202			6
2024.12.26	15:40:29.239		1.25203			4
2024.12.26	15:40:29.541	1.25200				2
2024.12.26	15:40:29.847	1.25199				2
2024.12.26	15:40:31.685	1.25200				2
2024.12.26	15:40:31.991	1.25199				2
2024.12.26	15:40:32.297	1.25198	1.25201			6
2024.12.26	15:40:32.908	1.25199				2
2024.12.26	15:40:33.523	1.25205	1.25207			6
2024.12.26	15:40:33.830	1.25206				2
2024.12.26	15:40:34.136		1.25208			4
2024.12.26	15:40:34.441	1.25207				2
2024.12.26	15:40:34.751		1.25209			4
2024.12.26	15:40:35.361	1.25209	1.25212			6
2024.12.26	15:40:36.272	1.25208				2
2024.12.26	15:40:36.579	1.25209	1.25213			6
2024.12.26	15:40:37.497	1.25208				2
2024.12.26	15:40:37.802	1.25209				2
2024.12.26	15:40:40.248	1.25210				2
2024.12.26	15:40:42.382	1.25215	1.25218			6
2024.12.26	15:40:43.299	1.25213	1.25217			6
2024.12.26	15:40:43.607	1.25215	1.25218			6
2024.12.26	15:40:44.220	1.25214	1.25217			6
2024.12.26	15:40:45.749		1.25218			4
2024.12.26	15:40:46.050	1.25213	1.25217			6
2024.12.26	15:40:49.103	1.25214	1.25218			6
2024.12.26	15:40:49.409		1.25217			4
2024.12.26	15:40:52.164		1.25218			4
2024.12.26	15:40:52.477	1.25220	1.25221			6
2024.12.26	15:40:52.785	1.25223	1.25227			6
2024.12.26	15:40:53.089	1.25225	1.25228			6
2024.12.26	15:40:53.701	1.25224				2
2024.12.26	15:40:55.235	1.25222	1.25227			6
2024.12.26	15:40:55.845	1.25223	1.25228			6
2024.12.26	15:40:56.148	1.25220	1.25224			6
2024.12.26	15:40:56.461	1.25218	1.25223			6
2024.12.26	15:40:57.382	1.25219				2
2024.12.26	15:40:57.990	1.25220				2
2024.12.26	15:40:58.295	1.25217				2
2024.12.26	15:40:59.214	1.25218				2
2024.12.26	15:41:00.130	1.25220				2
2024.12.26	15:41:00.435	1.25216	1.25221			6
2024.12.26	15:41:01.357		1.25218			4
2024.12.26	15:41:01.664		1.25219			4
2024.12.26	15:41:03.821	1.25217	1.25220			6
2024.12.26	15:41:05.363	1.25213	1.25216			6
2024.12.26	15:41:05.671	1.25214	1.25217			6
2024.12.26	15:41:06.900	1.25215	1.25218			6
2024.12.26	15:41:08.130	1.25214	1.25217			6
2024.12.26	15:41:09.672	1.25216	1.25219			6
2024.12.26	15:41:09.981	1.25215	1.25218			6
2024.12.26	15:41:12.747	1.25214	1.25217			6
2024.12.26	15:41:15.520	1.25215				2
2024.12.26	15:41:16.443	1.25214				2
2024.12.26	15:41:17.366	1.25213	1.25216			6
2024.12.26	15:41:17.666	1.25215	1.25217			6
2024.12.26	15:41:18.597	1.25213	1.25216			6
2024.12.26	15:41:18.901	1.25214	1.25217			6
2024.12.26	15:41:22.602	1.25213	1.25216			6
2024.12.26	15:41:22.904		1.25217			4
2024.12.26	15:41:23.524	1.25216	1.25219			6
2024.12.26	15:41:23.826	1.25214	1.25217			6
2024.12.26	15:41:24.141	1.25216	1.25219			6
2024.12.26	15:41:25.376	1.25223	1.25227			6
2024.12.26	15:41:25.685	1.25226	1.25229			6
2024.12.26	15:41:25.993	1.25225	1.25228			6
2024.12.26	15:41:26.605	1.25222				2
2024.12.26	15:41:27.225	1.25223	1.25229			6
2024.12.26	15:41:27.536	1.25222	1.25226			6
2024.12.26	15:41:27.841		1.25225			4
2024.12.26	15:41:28.145	1.25223				2
2024.12.26	15:41:28.452	1.25219				2
2024.12.26	15:41:28.760	1.25220	1.25224			6
2024.12.26	15:41:30.916	1.25221	1.25227			6
2024.12.26	15:41:31.222	1.25220				2
2024.12.26	15:41:31.839		1.25225			4
2024.12.26	15:41:32.143	1.25221	1.25227			6
2024.12.26	15:41:32.454	1.25220				2
2024.12.26	15:41:33.071	1.25221				2
2024.12.26	15:41:37.383	1.25220				2
2024.12.26	15:41:37.684	1.25221				2
2024.12.26	15:41:37.988	1.25225	1.25230			6
2024.12.26	15:41:38.303	1.25226				2
2024.12.26	15:41:38.616	1.25227	1.25231			6
2024.12.26	15:41:38.922	1.25228				2
2024.12.26	15:41:41.070	1.25233	1.25237			6
2024.12.26	15:41:41.384		1.25236			4
2024.12.26	15:41:41.999	1.25229	1.25232			6
2024.12.26	15:41:42.612	1.25227	1.25230			6
2024.12.26	15:41:44.461	1.25224	1.25228			6
2024.12.26	15:41:45.077	1.25225				2
2024.12.26	15:41:45.691		1.25227			4
2024.12.26	15:41:47.531	1.25228	1.25231			6
2024.12.26	15:41:48.455	1.25231	1.25234			6
2024.12.26	15:41:48.764	1.25234	1.25236			6
2024.12.26	15:41:49.995	1.25236	1.25239			6
2024.12.26	15:41:50.300	1.25237				2
2024.12.26	15:41:51.532	1.25239	1.25242			6
2024.12.26	15:41:53.674	1.25240	1.25243			6
2024.12.26	15:41:55.222	1.25242	1.25245			6
2024.12.26	15:41:55.830		1.25248			4
2024.12.26	15:41:56.133	1.25239	1.25244			6
2024.12.26	15:41:56.439		1.25242			4
2024.12.26	15:41:58.584	1.25242	1.25244			6
2024.12.26	15:41:58.889		1.25248			4
2024.12.26	15:41:59.503	1.25241	1.25246			6
2024.12.26	15:42:00.121	1.25241				2
2024.12.26	15:42:00.432	1.25239	1.25243			6
2024.12.26	15:42:00.738	1.25236	1.25240			6
2024.12.26	15:42:04.731	1.25235	1.25242			6
2024.12.26	15:42:05.345	1.25236				2
2024.12.26	15:42:05.650	1.25235	1.25238			6
2024.12.26	15:42:07.186	1.25236				2
2024.12.26	15:42:07.497		1.25239			4
2024.12.26	15:42:08.422	1.25235	1.25238			6
2024.12.26	15:42:08.723	1.25234	1.25237			6
2024.12.26	15:42:10.263	1.25232	1.25238			6
2024.12.26	15:42:10.874		1.25237			4
2024.12.26	15:42:11.181	1.25234				2
2024.12.26	15:42:13.936	1.25235	1.25238			6
2024.12.26	15:42:14.242	1.25234				2
2024.12.26	15:42:14.550	1.25233				2
2024.12.26	15:42:15.158	1.25234				2
2024.12.26	15:42:16.998		1.25237			4
2024.12.26	15:42:21.288	1.25235				2
2024.12.26	15:42:22.812		1.25238			4
2024.12.26	15:42:23.120		1.25237			4
2024.12.26	15:42:23.729	1.25237	1.25239			6
2024.12.26	15:42:24.040	1.25236				2
2024.12.26	15:42:27.726	1.25237				2
2024.12.26	15:42:28.031		1.25240			4
2024.12.26	15:42:28.332		1.25239			4
2024.12.26	15:42:28.949		1.25240			4
2024.12.26	15:42:29.256	1.25240	1.25244			6
2024.12.26	15:42:29.562	1.25243	1.25248			6
2024.12.26	15:42:29.874	1.25242	1.25247			6
2024.12.26	15:42:30.488	1.25241	1.25245			6
2024.12.26	15:42:30.790	1.25238	1.25243			6
2024.12.26	15:42:31.408	1.25235	1.25239			6
2024.12.26	15:42:31.720		1.25238			4
2024.12.26	15:42:36.317	1.25231	1.25234			6
2024.12.26	15:42:36.624	1.25232				2
2024.12.26	15:42:36.935		1.25238			4
2024.12.26	15:42:38.464	1.25233	1.25239			6
2024.12.26	15:42:39.389	1.25234				2
2024.12.26	15:42:39.700	1.25227	1.25234			6
2024.12.26	15:42:40.002	1.25230	1.25232			6
2024.12.26	15:42:40.304	1.25232	1.25235			6
2024.12.26	15:42:40.605	1.25233				2
2024.12.26	15:42:40.909		1.25236			4
2024.12.26	15:42:41.212	1.25237	1.25240			6
2024.12.26	15:42:41.522	1.25236	1.25239			6
2024.12.26	15:42:43.349	1.25235	1.25237			6
2024.12.26	15:42:44.272		1.25238			4
2024.12.26	15:42:44.581	1.25236	1.25239			6
2024.12.26	15:42:45.500	1.25232	1.25238			6
2024.12.26	15:42:46.113	1.25233				2
2024.12.26	15:42:46.425	1.25232				2
2024.12.26	15:42:47.646	1.25238	1.25240			6
2024.12.26	15:42:47.955	1.25236	1.25242			6
2024.12.26	15:42:48.266	1.25237	1.25240			6
2024.12.26	15:42:48.572		1.25239			4
2024.12.26	15:42:49.800		1.25240			4
2024.12.26	15:42:50.108	1.25236	1.25239			6
2024.12.26	15:42:50.414	1.25237				2
2024.12.26	15:42:51.020		1.25240			4
2024.12.26	15:42:52.537		1.25239			4
2024.12.26	15:42:52.844		1.25240			4
2024.12.26	15:42:54.680		1.25239			4
2024.12.26	15:42:54.981	1.25232	1.25237			6
2024.12.26	15:42:55.289	1.25233				2
2024.12.26	15:42:55.593	1.25232				2
2024.12.26	15:42:55.903	1.25234				2
2024.12.26	15:42:56.205	1.25235	1.25238			6
2024.12.26	15:42:56.511	1.25236				2
2024.12.26	15:42:57.124	1.25235				2
2024.12.26	15:42:59.555	1.25243	1.25247			6
2024.12.26	15:42:59.860	1.25245	1.25246			6
2024.12.26	15:43:00.163	1.25245	1.25249			6
2024.12.26	15:43:00.467		1.25250			4
2024.12.26	15:43:00.775	1.25243	1.25248			6
2024.12.26	15:43:01.080	1.25242				2
2024.12.26	15:43:01.386	1.25244	1.25249			6
2024.12.26	15:43:01.688		1.25248			4
2024.12.26	15:43:02.003		1.25247			4
2024.12.26	15:43:02.621	1.25245	1.25248			6
2024.12.26	15:43:04.463		1.25247			4
2024.12.26	15:43:04.774		1.25248			4
2024.12.26	15:43:05.077		1.25247			4
2024.12.26	15:43:08.144		1.25248			4
2024.12.26	15:43:08.452		1.25247			4
2024.12.26	15:43:09.092	1.25243	1.25248			6
2024.12.26	15:43:10.322	1.25246	1.25249			6
2024.12.26	15:43:11.553	1.25245	1.25248			6
2024.12.26	15:43:12.475	1.25246	1.25249			6
2024.12.26	15:43:12.782	1.25247				2
2024.12.26	15:43:13.705		1.25250			4
2024.12.26	15:43:14.624	1.25246	1.25249			6
2024.12.26	15:43:18.320	1.25247	1.25250			6
2024.12.26	15:43:20.480		1.25249			4
2024.12.26	15:43:22.624	1.25246				2
2024.12.26	15:43:23.556	1.25244	1.25248			6
2024.12.26	15:43:23.861	1.25246	1.25250			6
2024.12.26	15:43:24.782		1.25249			4
2024.12.26	15:43:26.326	1.25242	1.25246			6
2024.12.26	15:43:26.630	1.25243	1.25245			6
2024.12.26	15:43:26.936	1.25241				2
2024.12.26	15:43:27.546	1.25237	1.25241			6
2024.12.26	15:43:30.300	1.25238	1.25242			6
2024.12.26	15:43:32.126	1.25242	1.25246			6
2024.12.26	15:43:32.733		1.25248			4
2024.12.26	15:43:33.041		1.25246			4
2024.12.26	15:43:33.346	1.25243	1.25248			6
2024.12.26	15:43:33.649	1.25242	1.25246			6
2024.12.26	15:43:33.954		1.25248			4
2024.12.26	15:43:34.257		1.25246			4
2024.12.26	15:43:34.868		1.25248			4
2024.12.26	15:43:35.173		1.25247			4
2024.12.26	15:43:35.478	1.25243	1.25249			6
2024.12.26	15:43:35.785	1.25244				2
2024.12.26	15:43:37.304	1.25243				2
2024.12.26	15:43:38.221	1.25242				2
2024.12.26	15:43:38.522	1.25243				2
2024.12.26	15:43:40.662	1.25242	1.25246			6
2024.12.26	15:43:41.277		1.25248			4
2024.12.26	15:43:41.581		1.25245			4
2024.12.26	15:43:42.193	1.25241				2
2024.12.26	15:43:43.103	1.25242				2
2024.12.26	15:43:44.327	1.25241				2
2024.12.26	15:43:44.941	1.25242				2
2024.12.26	15:43:45.243	1.25243	1.25248			6
2024.12.26	15:43:46.168	1.25242	1.25245			6
2024.12.26	15:43:46.469	1.25243	1.25248			6
2024.12.26	15:43:46.784	1.25241	1.25245			6
2024.12.26	15:43:48.316	1.25240	1.25243			6
2024.12.26	15:43:48.620	1.25243	1.25248			6
2024.12.26	15:43:48.924	1.25242				2
2024.12.26	15:43:49.228	1.25243	1.25249			6
2024.12.26	15:43:50.757	1.25242	1.25248			6
2024.12.26	15:43:51.675	1.25243				2
2024.12.26	15:43:51.976	1.25242	1.25246			6
2024.12.26	15:43:52.281		1.25248			4
2024.12.26	15:43:52.591		1.25245			4
2024.12.26	15:43:53.506	1.25241				2
2024.12.26	15:43:54.116	1.25242				2
2024.12.26	15:43:55.021	1.25243	1.25248			6
2024.12.26	15:43:55.324	1.25244	1.25249			6
2024.12.26	15:43:55.629	1.25245				2
2024.12.26	15:44:00.203	1.25245				2
2024.12.26	15:44:00.516	1.25258	1.25260			6
2024.12.26	15:44:00.825	1.25256				2
2024.12.26	15:44:01.130	1.25257				2
2024.12.26	15:44:01.431	1.25256				2
2024.12.26	15:44:01.747		1.25259			4
2024.12.26	15:44:02.055		1.25260			4
2024.12.26	15:44:02.359	1.25253	1.25257			6
2024.12.26	15:44:05.138	1.25254				2
2024.12.26	15:44:05.446	1.25256	1.25259			6
2024.12.26	15:44:06.060	1.25253	1.25258			6
2024.12.26	15:44:08.819	1.25251	1.25255			6
2024.12.26	15:44:10.359	1.25252				2
2024.12.26	15:44:11.289	1.25246	1.25252			6
2024.12.26	15:44:12.209		1.25249			4
2024.12.26	15:44:12.516	1.25244	1.25248			6
2024.12.26	15:44:13.131		1.25247			4
2024.12.26	15:44:14.053	1.25245	1.25249			6
2024.12.26	15:44:14.973	1.25244	1.25247			6
2024.12.26	15:44:15.277	1.25247	1.25250			6
2024.12.26	15:44:15.584		1.25252			4
2024.12.26	15:44:17.124	1.25246				2
2024.12.26	15:44:18.660	1.25247				2
2024.12.26	15:44:18.964	1.25246	1.25249			6
2024.12.26	15:44:19.274	1.25247	1.25252			6
2024.12.26	15:44:20.503	1.25246				2
2024.12.26	15:44:23.577		1.25249			4
2024.12.26	15:44:23.893		1.25250			4
2024.12.26	15:44:24.194		1.25249			4
2024.12.26	15:44:24.814		1.25250			4
2024.12.26	15:44:25.425		1.25249			4
2024.12.26	15:44:27.887		1.25250			4
2024.12.26	15:44:29.114		1.25252			4
2024.12.26	15:44:29.419		1.25251			4
2024.12.26	15:44:30.037		1.25252			4
2024.12.26	15:44:30.660		1.25251			4
2024.12.26	15:44:33.419		1.25250			4
2024.12.26	15:44:33.726		1.25251			4
2024.12.26	15:44:34.037	1.25245	1.25248			6
2024.12.26	15:44:36.188	1.25244	1.25249			6
2024.12.26	15:44:43.263		1.25247			4
2024.12.26	15:44:43.572		1.25246			4
2024.12.26	15:44:44.490	1.25242	1.25244			6
2024.12.26	15:44:44.798	1.25239	1.25241			6
2024.12.26	15:44:45.716		1.25242			4
2024.12.26	15:44:46.321		1.25244			4
2024.12.26	15:44:46.628		1.25243			4
2024.12.26	15:44:48.164		1.25244			4
2024.12.26	15:44:48.471		1.25243			4
2024.12.26	15:44:49.084	1.25243	1.25247			6
2024.12.26	15:44:50.009	1.25240	1.25244			6
2024.12.26	15:44:50.320		1.25243			4
2024.12.26	15:44:52.161	1.25242	1.25245			6
2024.12.26	15:44:52.776	1.25241				2
2024.12.26	15:44:53.085	1.25240	1.25242			6
2024.12.26	15:44:54.934	1.25235	1.25238			6
2024.12.26	15:44:55.250	1.25233	1.25237			6
2024.12.26	15:44:56.171		1.25238			4
2024.12.26	15:44:56.777		1.25237			4
2024.12.26	15:44:57.704	1.25235	1.25239			6
2024.12.26	15:44:58.321		1.25240			4
2024.12.26	15:44:59.237	1.25236				2
2024.12.26	15:45:00.156	1.25236				2
2024.12.26	15:45:01.692		1.25242			4
2024.12.26	15:45:01.997		1.25239			4
2024.12.26	15:45:03.229		1.25240			4
2024.12.26	15:45:03.537		1.25239			4
2024.12.26	15:45:03.849	1.25233	1.25238			6
2024.12.26	15:45:05.073		1.25236			4
2024.12.26	15:45:05.384		1.25237			4
2024.12.26	15:45:05.691		1.25238			4
2024.12.26	15:45:05.998		1.25236			4
2024.12.26	15:45:06.303		1.25238			4
2024.12.26	15:45:06.609	1.25234				2
2024.12.26	15:45:06.921		1.25237			4
2024.12.26	15:45:07.225	1.25233				2
2024.12.26	15:45:07.846		1.25236			4
2024.12.26	15:45:08.149	1.25235	1.25239			6
2024.12.26	15:45:09.383		1.25238			4
2024.12.26	15:45:10.614	1.25232	1.25236			6
2024.12.26	15:45:11.849		1.25237			4
2024.12.26	15:45:12.159	1.25233				2
2024.12.26	15:45:12.465	1.25234	1.25239			6
2024.12.26	15:45:12.775	1.25232	1.25236			6
2024.12.26	15:45:13.080	1.25234	1.25238			6
2024.12.26	15:45:13.688	1.25236	1.25239			6
2024.12.26	15:45:13.996	1.25234	1.25237			6
2024.12.26	15:45:18.286		1.25238			4
2024.12.26	15:45:18.593	1.25235				2
2024.12.26	15:45:21.647	1.25234				2
2024.12.26	15:45:22.871		1.25237			4
2024.12.26	15:45:23.178		1.25238			4
2024.12.26	15:45:23.785		1.25237			4
2024.12.26	15:45:24.700		1.25238			4
2024.12.26	15:45:25.001		1.25237			4
2024.12.26	15:45:25.316	1.25235	1.25238			6
2024.12.26	15:45:27.152	1.25234	1.25237			6
2024.12.26	15:45:27.454	1.25235	1.25238			6
2024.12.26	15:45:29.895	1.25234				2
2024.12.26	15:45:30.197		1.25236			4
2024.12.26	15:45:30.497	1.25232				2
2024.12.26	15:45:31.105		1.25237			4
2024.12.26	15:45:32.021	1.25235	1.25238			6
2024.12.26	15:45:33.242	1.25234				2
2024.12.26	15:45:33.548		1.25237			4
2024.12.26	15:45:34.462	1.25235	1.25239			6
2024.12.26	15:45:35.079	1.25238	1.25241			6
2024.12.26	15:45:35.384	1.25237				2
2024.12.26	15:45:35.694	1.25235	1.25239			6
2024.12.26	15:45:36.001	1.25236				2
2024.12.26	15:45:37.530		1.25240			4
2024.12.26	15:45:37.836		1.25241			4
2024.12.26	15:45:38.749		1.25239			4
2024.12.26	15:45:39.057		1.25240			4
2024.12.26	15:45:39.973		1.25241			4
2024.12.26	15:45:40.275	1.25235	1.25238			6
2024.12.26	15:45:40.584	1.25236	1.25240			6
2024.12.26	15:45:40.887		1.25241			4
2024.12.26	15:45:42.419	1.25237	1.25242			6
2024.12.26	15:45:44.264	1.25235	1.25237			6
2024.12.26	15:45:44.574		1.25238			4
2024.12.26	15:45:45.188	1.25236	1.25239			6
2024.12.26	15:45:46.422	1.25237	1.25240			6
2024.12.26	15:45:47.340	1.25238	1.25241			6
2024.12.26	15:45:47.642	1.25236	1.25240			6
2024.12.26	15:45:47.945		1.25241			4
2024.12.26	15:45:48.264		1.25240			4
2024.12.26	15:45:48.566	1.25232	1.25234			6
2024.12.26	15:45:48.866		1.25235			4
2024.12.26	15:45:50.401	1.25227	1.25233			6
2024.12.26	15:45:50.707	1.25224	1.25230			6
2024.12.26	15:45:51.943	1.25221	1.25226			6
2024.12.26	15:45:52.561	1.25220				2
2024.12.26	15:45:52.869		1.25225			4
2024.12.26	15:45:53.792	1.25214	1.25220			6
2024.12.26	15:45:54.100	1.25220	1.25226			6
2024.12.26	15:45:54.402	1.25221				2
2024.12.26	15:45:54.706	1.25220				2
2024.12.26	15:45:55.638		1.25225			4
2024.12.26	15:45:56.566	1.25217	1.25223			6
2024.12.26	15:45:57.179		1.25221			4
2024.12.26	15:45:57.482	1.25216	1.25223			6
2024.12.26	15:46:00.260	1.25216				2
2024.12.26	15:46:01.177	1.25217				2
2024.12.26	15:46:03.026	1.25216	1.25222			6
2024.12.26	15:46:03.333	1.25218	1.25224			6
2024.12.26	15:46:08.264	1.25219				2
2024.12.26	15:46:08.883	1.25216	1.25222			6
2024.12.26	15:46:09.185	1.25214	1.25217			6
2024.12.26	15:46:09.805	1.25215	1.25219			6
2024.12.26	15:46:10.420		1.25220			4
2024.12.26	15:46:11.038		1.25219			4
2024.12.26	15:46:11.653	1.25216	1.25220			6
2024.12.26	15:46:12.879	1.25215				2
2024.12.26	15:46:14.117	1.25216				2
2024.12.26	15:46:14.735	1.25215				2
2024.12.26	15:46:16.265	1.25216				2
2024.12.26	15:46:16.568	1.25218	1.25223			6
2024.12.26	15:46:16.880	1.25219	1.25224			6
2024.12.26	15:46:17.190	1.25217	1.25223			6
2024.12.26	15:46:17.498	1.25219	1.25224			6
2024.12.26	15:46:18.728	1.25218				2
2024.12.26	15:46:19.044	1.25217	1.25223			6
2024.12.26	15:46:20.884	1.25218	1.25222			6
2024.12.26	15:46:21.189	1.25219	1.25223			6
2024.12.26	15:46:21.495	1.25217	1.25222			6
2024.12.26	15:46:22.105	1.25214	1.25218			6
2024.12.26	15:46:27.004	1.25212	1.25215			6
2024.12.26	15:46:27.307	1.25209	1.25213			6
2024.12.26	15:46:27.921	1.25208	1.25212			6
2024.12.26	15:46:31.602	1.25206	1.25211			6
2024.12.26	15:46:32.220		1.25212			4
2024.12.26	15:46:32.836		1.25211			4
2024.12.26	15:46:34.062		1.25210			4
2024.12.26	15:46:34.365	1.25207	1.25212			6
2024.12.26	15:46:34.992	1.25205	1.25210			6
2024.12.26	15:46:36.210	1.25207	1.25212			6
2024.12.26	15:46:37.126	1.25210	1.25213			6
2024.12.26	15:46:39.897	1.25212				2
2024.12.26	15:46:40.202	1.25213	1.25218			6
2024.12.26	15:46:41.125		1.25219			4
2024.12.26	15:46:41.430	1.25212	1.25215			6
2024.12.26	15:46:42.046	1.25210	1.25214			6
2024.12.26	15:46:42.351	1.25208	1.25213			6
2024.12.26	15:46:42.661	1.25210				2
2024.12.26	15:46:44.201	1.25212	1.25216			6
2024.12.26	15:46:44.504	1.25213	1.25219			6
2024.12.26	15:46:47.276		1.25218			4
2024.12.26	15:46:47.578	1.25214	1.25219			6
2024.12.26	15:46:48.815	1.25211	1.25215			6
2024.12.26	15:46:49.121	1.25212				2
2024.12.26	15:46:51.893	1.25211	1.25213			6
2024.12.26	15:46:52.201	1.25210				2
2024.12.26	15:46:53.743		1.25214			4
2024.12.26	15:46:55.586		1.25213			4
2024.12.26	15:46:56.506	1.25209	1.25212			6
2024.12.26	15:46:58.654		1.25213			4
2024.12.26	15:46:58.961		1.25212			4
2024.12.26	15:46:59.263	1.25208				2
2024.12.26	15:47:00.193	1.25208				2
2024.12.26	15:47:00.502	1.25209				2
2024.12.26	15:47:02.973	1.25207	1.25209			6
2024.12.26	15:47:03.285	1.25205	1.25208			6
2024.12.26	15:47:04.207	1.25204	1.25207			6
2024.12.26	15:47:04.516	1.25203	1.25208			6
2024.12.26	15:47:05.745	1.25204				2
2024.12.26	15:47:07.903		1.25209			4
2024.12.26	15:47:09.442	1.25207	1.25212			6
2024.12.26	15:47:09.743	1.25201	1.25206			6
2024.12.26	15:47:10.051	1.25202	1.25207			6
2024.12.26	15:47:10.369	1.25201	1.25206			6
2024.12.26	15:47:10.670	1.25202	1.25207			6
2024.12.26	15:47:10.980	1.25203	1.25208			6
2024.12.26	15:47:11.597	1.25202	1.25207			6
2024.12.26	15:47:12.213	1.25200	1.25204			6
2024.12.26	15:47:14.059	1.25198	1.25203			6
2024.12.26	15:47:14.672	1.25199	1.25204			6
2024.12.26	15:47:16.203	1.25200				2
2024.12.26	15:47:22.924	1.25199	1.25203			6
2024.12.26	15:47:23.846	1.25200	1.25204			6
2024.12.26	15:47:24.765	1.25201	1.25205			6
2024.12.26	15:47:25.072	1.25200	1.25204			6
2024.12.26	15:47:26.292		1.25203			4
2024.12.26	15:47:28.430	1.25201	1.25204			6
2024.12.26	15:47:29.345	1.25200	1.25203			6
2024.12.26	15:47:35.128	1.25201				2
2024.12.26	15:47:36.360	1.25200	1.25202			6
2024.12.26	15:47:38.501	1.25201	1.25203			6
2024.12.26	15:47:41.565	1.25202	1.25204			6
2024.12.26	15:47:42.180	1.25201	1.25203			6
2024.12.26	15:47:42.482	1.25202	1.25204			6
2024.12.26	15:47:42.785	1.25203	1.25205			6
2024.12.26	15:47:43.086	1.25201	1.25203			6
2024.12.26	15:47:44.930	1.25204	1.25206			6
2024.12.26	15:47:45.236		1.25207			4
2024.12.26	15:47:46.158	1.25203	1.25206			6
2024.12.26	15:47:46.461	1.25202	1.25205			6
2024.12.26	15:47:47.681	1.25201	1.25204			6
2024.12.26	15:47:50.120		1.25203			4
2024.12.26	15:48:00.235	1.25201				2
2024.12.26	15:48:00.538	1.25199	1.25201			6
2024.12.26	15:48:00.846	1.25201	1.25203			6
2024.12.26	15:48:02.684	1.25206	1.25208			6
2024.12.26	15:48:03.295	1.25205				2
2024.12.26	15:48:05.122	1.25204	1.25206			6
2024.12.26	15:48:05.424	1.25208	1.25209			6
2024.12.26	15:48:05.729	1.25213	1.25215			6
2024.12.26	15:48:06.343	1.25212	1.25216			6
2024.12.26	15:48:06.651	1.25213	1.25218			6
2024.12.26	15:48:08.196	1.25216	1.25221			6
2024.12.26	15:48:08.503	1.25217	1.25222			6
2024.12.26	15:48:12.184	1.25218				2
2024.12.26	15:48:14.035	1.25216	1.25220			6
2024.12.26	15:48:14.343	1.25212	1.25217			6
2024.12.26	15:48:14.649	1.25214	1.25219			6
2024.12.26	15:48:16.187	1.25216	1.25220			6
2024.12.26	15:48:17.112	1.25217	1.25221			6
2024.12.26	15:48:17.415	1.25216	1.25220			6
2024.12.26	15:48:18.956	1.25217	1.25221			6
2024.12.26	15:48:21.727	1.25215	1.25220			6
2024.12.26	15:48:22.035	1.25214	1.25218			6
2024.12.26	15:48:22.342		1.25219			4
2024.12.26	15:48:24.505	1.25216	1.25221			6
2024.12.26	15:48:25.727	1.25214	1.25219			6
2024.12.26	15:48:26.042	1.25215	1.25220			6
2024.12.26	15:48:26.356	1.25214	1.25219			6
2024.12.26	15:48:27.895	1.25215	1.25220			6
2024.12.26	15:48:30.358		1.25219			4
2024.12.26	15:48:31.892	1.25222	1.25226			6
2024.12.26	15:48:32.197	1.25220	1.25225			6
2024.12.26	15:48:32.806	1.25221	1.25226			6
2024.12.26	15:48:33.110	1.25222				2
2024.12.26	15:48:33.419		1.25227			4
2024.12.26	15:48:35.886	1.25223	1.25228			6
2024.12.26	15:48:37.421	1.25221	1.25226			6
2024.12.26	15:48:37.724	1.25223	1.25228			6
2024.12.26	15:48:38.959	1.25222	1.25227			6
2024.12.26	15:48:39.570	1.25224	1.25229			6
2024.12.26	15:48:40.478	1.25223	1.25228			6
2024.12.26	15:48:42.327		1.25227			4
2024.12.26	15:48:42.631	1.25224	1.25228			6
2024.12.26	15:48:44.171	1.25223	1.25227			6
2024.12.26	15:48:46.936	1.25222	1.25226			6
2024.12.26	15:48:47.239	1.25223	1.25227			6
2024.12.26	15:48:48.777	1.25224	1.25228			6
2024.12.26	15:48:50.317	1.25225				2
2024.12.26	15:48:52.462	1.25224	1.25227			6
2024.12.26	15:48:53.988	1.25225	1.25228			6
2024.12.26	15:48:54.607	1.25224	1.25227			6
2024.12.26	15:48:56.750	1.25223	1.25226			6
2024.12.26	15:49:00.105	1.25223				2
2024.12.26	15:49:00.410	1.25225				2
2024.12.26	15:49:00.712	1.25234	1.25237			6
2024.12.26	15:49:01.940	1.25233	1.25236			6
2024.12.26	15:49:02.247	1.25231	1.25238			6
2024.12.26	15:49:03.171		1.25237			4
2024.12.26	15:49:04.400		1.25236			4
2024.12.26	15:49:05.321	1.25227	1.25234			6
2024.12.26	15:49:05.629		1.25233			4
2024.12.26	15:49:06.865	1.25228				2
2024.12.26	15:49:07.165	1.25227	1.25234			6
2024.12.26	15:49:07.478	1.25226	1.25233			6
2024.12.26	15:49:09.632		1.25232			4
2024.12.26	15:49:10.554	1.25227	1.25234			6
2024.12.26	15:49:11.167	1.25228				2
2024.12.26	15:49:11.475	1.25227				2
2024.12.26	15:49:11.785	1.25228				2
2024.12.26	15:49:12.401	1.25227	1.25232			6
2024.12.26	15:49:12.704	1.25222	1.25229			6
2024.12.26	15:49:14.248	1.25221				2
2024.12.26	15:49:17.005	1.25226	1.25232			6
2024.12.26	15:49:17.310	1.25224	1.25231			6
2024.12.26	15:49:19.154	1.25223				2
2024.12.26	15:49:20.380	1.25222	1.25229			6
2024.12.26	15:49:21.302	1.25225	1.25231			6
2024.12.26	15:49:24.376	1.25226				2
2024.12.26	15:49:25.601		1.25232			4
2024.12.26	15:49:26.220	1.25228	1.25234			6
2024.12.26	15:49:26.530	1.25226	1.25232			6
2024.12.26	15:49:27.140		1.25233			4
2024.12.26	15:49:27.743	1.25224	1.25230			6
2024.12.26	15:49:28.349	1.25223				2
2024.12.26	15:49:30.512	1.25222	1.25228			6
2024.12.26	15:49:33.893		1.25227			4
2024.12.26	15:49:36.356	1.25221				2
2024.12.26	15:49:36.672	1.25223	1.25229			6
2024.12.26	15:49:37.900	1.25224	1.25230			6
2024.12.26	15:49:38.522	1.25223	1.25229			6
2024.12.26	15:49:39.136	1.25224				2
2024.12.26	15:49:39.443		1.25230			4
2024.12.26	15:49:39.753	1.25225				2
2024.12.26	15:49:40.059	1.25228	1.25233			6
2024.12.26	15:49:40.362		1.25234			4
2024.12.26	15:49:41.268		1.25235			4
2024.12.26	15:49:42.196		1.25234			4
2024.12.26	15:49:43.421	1.25229				2
2024.12.26	15:49:45.266	1.25228				2
2024.12.26	15:49:45.883	1.25226	1.25232			6
2024.12.26	15:49:46.801	1.25223	1.25229			6
2024.12.26	15:49:52.019		1.25228			4
2024.12.26	15:49:52.945		1.25229			4
2024.12.26	15:49:53.249	1.25224				2
2024.12.26	15:49:53.863	1.25223	1.25228			6
2024.12.26	15:49:56.328		1.25227			4
2024.12.26	15:49:58.482	1.25222				2
2024.12.26	15:50:00.020	1.25222				2
2024.12.26	15:50:01.252	1.25223				2
2024.12.26	15:50:03.091	1.25217	1.25221			6
2024.12.26	15:50:04.311	1.25216				2
2024.12.26	15:50:04.926	1.25214	1.25220			6
2024.12.26	15:50:05.852	1.25216	1.25222			6
2024.12.26	15:50:06.474	1.25215	1.25221			6
2024.12.26	15:50:07.696	1.25214	1.25220			6
2024.12.26	15:50:08.316	1.25215				2
2024.12.26	15:50:11.092	1.25214	1.25219			6
2024.12.26	15:50:16.319	1.25215				2
2024.12.26	15:50:18.160	1.25214	1.25218			6
2024.12.26	15:50:21.522	1.25220	1.25224			6
2024.12.26	15:50:22.132	1.25219	1.25225			6
2024.12.26	15:50:22.439	1.25220	1.25226			6
2024.12.26	15:50:23.361		1.25225			4
2024.12.26	15:50:27.982	1.25219	1.25224			6
2024.12.26	15:50:30.126	1.25220				2
2024.12.26	15:50:34.101	1.25219	1.25223			6
2024.12.26	15:50:35.025	1.25217	1.25221			6
2024.12.26	15:50:35.330	1.25219	1.25223			6
2024.12.26	15:50:36.557	1.25218	1.25222			6
2024.12.26	15:50:37.162	1.25219				2
2024.12.26	15:50:38.081	1.25218	1.25221			6
2024.12.26	15:50:40.223	1.25220	1.25223			6
2024.12.26	15:50:40.838	1.25221	1.25224			6
2024.12.26	15:50:43.582	1.25220	1.25223			6
2024.12.26	15:50:44.498	1.25221	1.25224			6
2024.12.26	15:50:44.799	1.25220	1.25223			6
2024.12.26	15:50:46.024	1.25221	1.25224			6
2024.12.26	15:50:46.329	1.25220	1.25223			6
2024.12.26	15:50:46.631	1.25221	1.25224			6
2024.12.26	15:50:47.238	1.25220	1.25223			6
2024.12.26	15:50:47.539	1.25217	1.25220			6
2024.12.26	15:50:48.449	1.25216	1.25219			6
2024.12.26	15:50:48.753	1.25213	1.25216			6
2024.12.26	15:50:49.060	1.25212	1.25215			6
2024.12.26	15:50:50.282		1.25216			4
2024.12.26	15:50:50.908	1.25211	1.25215			6
2024.12.26	15:50:51.209	1.25209	1.25213			6
2024.12.26	15:50:52.129	1.25207	1.25211			6
2024.12.26	15:50:52.441	1.25206	1.25210			6
2024.12.26	15:50:52.743	1.25205	1.25209			6
2024.12.26	15:50:53.047	1.25204	1.25208			6
2024.12.26	15:50:53.360	1.25201	1.25206			6
2024.12.26	15:50:53.671	1.25202	1.25207			6
2024.12.26	15:50:53.981	1.25201	1.25206			6
2024.12.26	15:50:54.587	1.25195	1.25200			6
2024.12.26	15:50:55.204	1.25193				2
2024.12.26	15:50:56.433		1.25199			4
2024.12.26	15:50:56.744		1.25200			4
2024.12.26	15:50:57.045	1.25197	1.25203			6
2024.12.26	15:50:57.358	1.25198				2
2024.12.26	15:50:58.278	1.25196	1.25202			6
2024.12.26	15:50:58.587	1.25197				2
2024.12.26	15:50:58.893	1.25199	1.25206			6
2024.12.26	15:51:00.126	1.25199				2
2024.12.26	15:51:00.432	1.25196	1.25203			6
2024.12.26	15:51:01.655	1.25195	1.25200			6
2024.12.26	15:51:01.961		1.25201			4
2024.12.26	15:51:03.193	1.25192	1.25199			6
2024.12.26	15:51:04.113	1.25193				2
2024.12.26	15:51:04.426	1.25192	1.25198			6
2024.12.26	15:51:05.341		1.25199			4
2024.12.26	15:51:06.267	1.25194				2
2024.12.26	15:51:06.878		1.25201			4
2024.12.26	15:51:07.181	1.25195	1.25202			6
2024.12.26	15:51:08.403	1.25194	1.25200			6
2024.12.26	15:51:10.257	1.25193				2
2024.12.26	15:51:11.180	1.25194	1.25201			6
2024.12.26	15:51:12.715		1.25200			4
2024.12.26	15:51:13.018		1.25201			4
2024.12.26	15:51:13.323	1.25195	1.25202			6
2024.12.26	15:51:14.240		1.25201			4
2024.12.26	15:51:19.126		1.25200			4
2024.12.26	15:51:19.432		1.25201			4
2024.12.26	15:51:19.741	1.25193	1.25198			6
2024.12.26	15:51:20.044		1.25199			4
2024.12.26	15:51:20.354		1.25198			4
2024.12.26	15:51:21.271	1.25195	1.25199			6
2024.12.26	15:51:21.576	1.25194				2
2024.12.26	15:51:21.882	1.25196	1.25200			6
2024.12.26	15:51:28.902	1.25195				2
2024.12.26	15:51:29.202	1.25193	1.25197			6
2024.12.26	15:51:29.506	1.25194	1.25198			6
2024.12.26	15:51:30.111	1.25193				2
2024.12.26	15:51:30.428	1.25194	1.25199			6
2024.12.26	15:51:31.342	1.25196	1.25200			6
2024.12.26	15:51:32.269	1.25195	1.25199			6
2024.12.26	15:51:32.580	1.25196	1.25200			6
2024.12.26	15:51:33.192	1.25197	1.25201			6
2024.12.26	15:51:33.803	1.25195	1.25199			6
2024.12.26	15:51:34.423	1.25196	1.25200			6
2024.12.26	15:51:35.333	1.25198	1.25202			6
2024.12.26	15:51:37.171	1.25201	1.25205			6
2024.12.26	15:51:38.090		1.25206			4
2024.12.26	15:51:38.400	1.25200	1.25205			6
2024.12.26	15:51:39.008	1.25198	1.25203			6
2024.12.26	15:51:39.319	1.25197	1.25202			6
2024.12.26	15:51:42.112		1.25201			4
2024.12.26	15:51:44.254	1.25200	1.25204			6
2024.12.26	15:51:45.175	1.25206	1.25211			6
2024.12.26	15:51:45.480	1.25207	1.25212			6
2024.12.26	15:51:46.090		1.25214			4
2024.12.26	15:51:47.310	1.25209	1.25215			6
2024.12.26	15:51:48.231		1.25214			4
2024.12.26	15:51:50.686		1.25213			4
2024.12.26	15:51:50.988	1.25207	1.25214			6
2024.12.26	15:51:51.291	1.25205	1.25211			6
2024.12.26	15:51:52.527	1.25204				2
2024.12.26	15:51:55.285		1.25210			4
2024.12.26	15:51:56.201	1.25206	1.25212			6
2024.12.26	15:51:57.113	1.25207				2
2024.12.26	15:51:57.418	1.25206				2
2024.12.26	15:51:57.724	1.25207	1.25213			6
2024.12.26	15:51:58.032		1.25212			4
2024.12.26	15:51:58.335		1.25213			4
2024.12.26	15:51:58.950		1.25212			4
2024.12.26	15:51:59.260	1.25206				2
2024.12.26	15:51:59.561	1.25208	1.25213			6
2024.12.26	15:51:59.869		1.25212			4
2024.12.26	15:52:00.177	1.25208				2
2024.12.26	15:52:00.786	1.25206				2
2024.12.26	15:52:01.700		1.25211			4
2024.12.26	15:52:02.002	1.25205	1.25210			6
2024.12.26	15:52:02.313		1.25211			4
2024.12.26	15:52:03.528	1.25206	1.25212			6
2024.12.26	15:52:04.144		1.25211			4
2024.12.26	15:52:04.446	1.25207	1.25212			6
2024.12.26	15:52:05.671	1.25206	1.25211			6
2024.12.26	15:52:05.981	1.25207	1.25212			6
2024.12.26	15:52:07.825	1.25206	1.25211			6
2024.12.26	15:52:09.657	1.25205	1.25210			6
2024.12.26	15:52:09.964	1.25208	1.25212			6
2024.12.26	15:52:10.269	1.25211	1.25215			6
2024.12.26	15:52:10.577	1.25214	1.25218			6
2024.12.26	15:52:10.880	1.25215	1.25219			6
2024.12.26	15:52:11.182	1.25214	1.25220			6
2024.12.26	15:52:25.277		1.25219			4
2024.12.26	15:52:25.580		1.25220			4
2024.12.26	15:52:26.193		1.25219			4
2024.12.26	15:52:27.714		1.25220			4
2024.12.26	15:52:28.017		1.25219			4
2024.12.26	15:52:28.629	1.25215	1.25220			6
2024.12.26	15:52:29.250	1.25214	1.25219			6
2024.12.26	15:52:29.552		1.25220			4
2024.12.26	15:52:30.781		1.25218			4
2024.12.26	15:52:31.090		1.25219			4
2024.12.26	15:52:32.617	1.25216	1.25220			6
2024.12.26	15:52:34.449		1.25222			4
2024.12.26	15:52:34.754	1.25215	1.25221			6
2024.12.26	15:52:35.056		1.25220			4
2024.12.26	15:52:35.363		1.25221			4
2024.12.26	15:52:36.904		1.25220			4
2024.12.26	15:52:37.210		1.25221			4
2024.12.26	15:52:38.126	1.25216				2
2024.12.26	15:52:39.964	1.25215	1.25220			6
2024.12.26	15:52:44.261		1.25219			4
2024.12.26	15:52:45.794	1.25216	1.25220			6
2024.12.26	15:52:46.405	1.25225	1.25228			6
2024.12.26	15:52:46.713	1.25224				2
2024.12.26	15:52:47.323		1.25229			4
2024.12.26	15:52:47.632		1.25228			4
2024.12.26	15:52:48.859	1.25222				2
2024.12.26	15:52:49.166	1.25221	1.25226			6
2024.12.26	15:52:51.310		1.25225			4
2024.12.26	15:52:52.229	1.25220				2
2024.12.26	15:52:53.447	1.25221	1.25226			6
2024.12.26	15:52:53.761	1.25222	1.25229			6
2024.12.26	15:52:54.063	1.25223	1.25230			6
2024.12.26	15:52:55.293	1.25224				2
2024.12.26	15:52:55.596		1.25231			4
2024.12.26	15:52:57.735	1.25225	1.25232			6
2024.12.26	15:52:58.045		1.25230			4
2024.12.26	15:52:58.657		1.25231			4
2024.12.26	15:53:00.189	1.25225				2
2024.12.26	15:53:00.500		1.25230			4
2024.12.26	15:53:05.399		1.25229			4
2024.12.26	15:53:06.008	1.25224				2
2024.12.26	15:53:07.235	1.25225	1.25230			6
2024.12.26	15:53:07.542		1.25229			4
2024.12.26	15:53:09.688	1.25224				2
2024.12.26	15:53:10.301	1.25226	1.25228			6
2024.12.26	15:53:10.607	1.25224				2
2024.12.26	15:53:11.217	1.25225				2
2024.12.26	15:53:16.115		1.25227			4
2024.12.26	15:53:16.425	1.25226	1.25230			6
2024.12.26	15:53:16.728	1.25223	1.25227			6
2024.12.26	15:53:17.038	1.25225	1.25229			6
2024.12.26	15:53:17.954	1.25224	1.25228			6
2024.12.26	15:53:18.264	1.25225				2
2024.12.26	15:53:19.487	1.25226	1.25229			6
2024.12.26	15:53:25.001	1.25229	1.25232			6
2024.12.26	15:53:27.135	1.25237	1.25240			6
2024.12.26	15:53:27.439	1.25238	1.25241			6
2024.12.26	15:53:28.361	1.25236	1.25242			6
2024.12.26	15:53:28.971		1.25240			4
2024.12.26	15:53:30.812		1.25239			4
2024.12.26	15:53:35.741		1.25241			4
2024.12.26	15:53:37.281		1.25240			4
2024.12.26	15:53:37.585		1.25241			4
2024.12.26	15:53:38.518	1.25235				2
2024.12.26	15:53:39.126	1.25236	1.25240			6
2024.12.26	15:53:39.436	1.25235	1.25242			6
2024.12.26	15:53:39.742		1.25241			4
2024.12.26	15:53:43.444	1.25236	1.25242			6
2024.12.26	15:53:43.754	1.25237				2
2024.12.26	15:53:46.519	1.25238	1.25243			6
2024.12.26	15:53:47.138	1.25237	1.25242			6
2024.12.26	15:53:49.288	1.25239	1.25243			6
2024.12.26	15:53:49.902	1.25245	1.25249			6
2024.12.26	15:53:50.207	1.25244	1.25250			6
2024.12.26	15:53:50.513		1.25251			4
2024.12.26	15:53:52.366		1.25250			4
2024.12.26	15:53:52.671		1.25251			4
2024.12.26	15:53:52.984		1.25250			4
2024.12.26	15:54:00.038	1.25244				2
2024.12.26	15:54:00.651	1.25245				2
2024.12.26	15:54:01.578		1.25249			4
2024.12.26	15:54:04.967	1.25246	1.25251			6
2024.12.26	15:54:05.272	1.25245	1.25250			6
2024.12.26	15:54:05.628		1.25249			4
2024.12.26	15:54:07.781		1.25250			4
2024.12.26	15:54:08.091		1.25249			4
2024.12.26	15:54:08.703		1.25250			4
2024.12.26	15:54:09.010		1.25249			4
2024.12.26	15:54:15.163		1.25248			4
2024.12.26	15:54:17.305	1.25243	1.25247			6
2024.12.26	15:54:17.607	1.25245	1.25249			6
2024.12.26	15:54:18.521	1.25244	1.25248			6
2024.12.26	15:54:19.138	1.25245	1.25249			6
2024.12.26	15:54:20.356		1.25248			4
2024.12.26	15:54:24.042	1.25246	1.25249			6
2024.12.26	15:54:27.106		1.25248			4
2024.12.26	15:54:42.397	1.25247	1.25249			6
2024.12.26	15:54:43.605	1.25246	1.25248			6
2024.12.26	15:54:44.516	1.25245	1.25247			6
2024.12.26	15:54:44.817	1.25246	1.25248			6
2024.12.26	15:54:45.428	1.25245	1.25247			6
2024.12.26	15:54:47.578	1.25244	1.25246			6
2024.12.26	15:54:48.793	1.25245	1.25247			6
2024.12.26	15:54:58.584	1.25244	1.25246			6
2024.12.26	15:55:00.115	1.25244				2
2024.12.26	15:55:06.841	1.25235	1.25237			6
2024.12.26	15:55:07.143	1.25234	1.25236			6
2024.12.26	15:55:07.445	1.25233	1.25235			6
2024.12.26	15:55:08.053	1.25234	1.25236			6
2024.12.26	15:55:08.357	1.25233				2
2024.12.26	15:55:08.970	1.25226	1.25230			6
2024.12.26	15:55:09.284	1.25224	1.25228			6
2024.12.26	15:55:09.590	1.25225	1.25229			6
2024.12.26	15:55:09.897	1.25227	1.25231			6
2024.12.26	15:55:10.200	1.25228	1.25234			6
2024.12.26	15:55:10.505	1.25233	1.25237			6
2024.12.26	15:55:10.815	1.25235	1.25240			6
2024.12.26	15:55:11.428	1.25236				2
2024.12.26	15:55:13.274		1.25241			4
2024.12.26	15:55:13.897		1.25239			4
2024.12.26	15:55:14.202		1.25240			4
2024.12.26	15:55:14.816		1.25241			4
2024.12.26	15:55:15.747		1.25239			4
2024.12.26	15:55:18.200		1.25240			4
2024.12.26	15:55:18.816		1.25241			4
2024.12.26	15:55:19.125		1.25242			4
2024.12.26	15:55:19.436		1.25241			4
2024.12.26	15:55:20.350		1.25242			4
2024.12.26	15:55:20.964		1.25240			4
2024.12.26	15:55:21.271		1.25239			4
2024.12.26	15:55:25.269		1.25240			4
2024.12.26	15:55:26.495		1.25241			4
2024.12.26	15:55:26.807	1.25233	1.25234			6
2024.12.26	15:55:27.113		1.25236			4
2024.12.26	15:55:27.421	1.25234	1.25239			6
2024.12.26	15:55:27.723	1.25245	1.25247			6
2024.12.26	15:55:28.025	1.25246	1.25249			6
2024.12.26	15:55:28.629		1.25252			4
2024.12.26	15:55:29.557		1.25250			4
2024.12.26	15:55:31.101		1.25248			4
2024.12.26	15:55:31.408		1.25251			4
2024.12.26	15:55:34.486		1.25250			4
2024.12.26	15:55:35.405	1.25245				2
2024.12.26	15:55:36.634		1.25251			4
2024.12.26	15:55:36.943		1.25250			4
2024.12.26	15:55:42.473	1.25247	1.25251			6
2024.12.26	15:55:42.783	1.25249	1.25253			6
2024.12.26	15:55:43.087	1.25246	1.25250			6
2024.12.26	15:55:44.323	1.25243	1.25249			6
2024.12.26	15:55:44.624	1.25242	1.25246			6
2024.12.26	15:55:44.942		1.25248			4
2024.12.26	15:55:45.864	1.25241	1.25245			6
2024.12.26	15:55:46.787	1.25240	1.25246			6
2024.12.26	15:55:48.967		1.25245			4
2024.12.26	15:55:53.575		1.25247			4
2024.12.26	15:55:54.808		1.25245			4
2024.12.26	15:55:55.731		1.25246			4
2024.12.26	15:55:56.657	1.25239	1.25245			6
2024.12.26	15:55:57.583		1.25246			4
2024.12.26	15:55:57.886	1.25242	1.25249			6
2024.12.26	15:55:58.200	1.25241	1.25248			6
2024.12.26	15:56:00.054	1.25241				2
2024.12.26	15:56:00.356	1.25244	1.25251			6
2024.12.26	15:56:15.785	1.25245				2
2024.12.26	15:56:16.085		1.25250			4
2024.12.26	15:56:16.402		1.25251			4
2024.12.26	15:56:18.247	1.25246	1.25252			6
2024.12.26	15:56:19.169		1.25251			4
2024.12.26	15:56:21.327		1.25252			4
2024.12.26	15:56:25.335	1.25247				2
2024.12.26	15:56:26.261	1.25248	1.25253			6
2024.12.26	15:56:26.567	1.25247				2
2024.12.26	15:56:27.181	1.25248				2
2024.12.26	15:56:27.488	1.25247				2
2024.12.26	15:56:27.800	1.25249	1.25255			6
2024.12.26	15:56:29.957	1.25252	1.25258			6
2024.12.26	15:56:30.265	1.25253	1.25259			6
2024.12.26	15:56:31.498	1.25251	1.25257			6
2024.12.26	15:56:31.803	1.25249	1.25255			6
2024.12.26	15:56:32.106	1.25250	1.25256			6
2024.12.26	15:56:37.043	1.25246	1.25252			6
2024.12.26	15:56:37.344	1.25247	1.25253			6
2024.12.26	15:56:38.274	1.25248				2
2024.12.26	15:56:39.505	1.25246	1.25252			6
2024.12.26	15:56:40.430	1.25247	1.25253			6
2024.12.26	15:56:40.736	1.25246	1.25251			6
2024.12.26	15:56:43.797	1.25245	1.25250			6
2024.12.26	15:56:44.104	1.25246	1.25251			6
2024.12.26	15:56:46.251		1.25250			4
2024.12.26	15:56:47.781	1.25247	1.25251			6
2024.12.26	15:56:48.083	1.25246	1.25250			6
2024.12.26	15:56:52.060	1.25247	1.25251			6
2024.12.26	15:56:52.361		1.25250			4
2024.12.26	15:56:55.728	1.25246	1.25249			6
2024.12.26	15:56:56.032	1.25247	1.25250			6
2024.12.26	15:56:56.648	1.25246	1.25249			6
2024.12.26	15:56:57.561	1.25248	1.25251			6
2024.12.26	15:56:59.087		1.25250			4
2024.12.26	15:57:00.000	1.25249	1.25251			6
2024.12.26	15:57:01.847	1.25248	1.25250			6
2024.12.26	15:57:02.764	1.25249	1.25251			6
2024.12.26	15:57:07.985	1.25253	1.25255			6
2024.12.26	15:57:08.288	1.25256	1.25258			6
2024.12.26	15:57:09.206	1.25255	1.25259			6
2024.12.26	15:57:09.511	1.25253	1.25258			6
2024.12.26	15:57:09.820	1.25264	1.25268			6
2024.12.26	15:57:10.125	1.25262	1.25269			6
2024.12.26	15:57:10.742		1.25268			4
2024.12.26	15:57:11.050	1.25257	1.25263			6
2024.12.26	15:57:11.669	1.25264	1.25270			6
2024.12.26	15:57:12.285	1.25261	1.25265			6
2024.12.26	15:57:12.594		1.25264			4
2024.12.26	15:57:13.214		1.25265			4
2024.12.26	15:57:13.519		1.25264			4
2024.12.26	15:57:13.827	1.25260				2
2024.12.26	15:57:14.129	1.25259				2
2024.12.26	15:57:21.150	1.25260	1.25265			6
2024.12.26	15:57:24.839		1.25264			4
2024.12.26	15:57:25.444	1.25259				2
2024.12.26	15:57:27.299		1.25265			4
2024.12.26	15:57:28.221	1.25260				2
2024.12.26	15:57:29.143		1.25264			4
2024.12.26	15:57:29.447	1.25259				2
2024.12.26	15:57:30.372	1.25260				2
2024.12.26	15:57:37.801	1.25259				2
2024.12.26	15:57:38.108	1.25260				2
2024.12.26	15:57:39.336	1.25261				2
2024.12.26	15:57:39.640	1.25260				2
2024.12.26	15:57:42.703	1.25259				2
2024.12.26	15:57:44.234	1.25260				2
2024.12.26	15:57:46.370	1.25258	1.25261			6
2024.12.26	15:57:46.983	1.25259	1.25263			6
2024.12.26	15:57:48.207	1.25258	1.25262			6
2024.12.26	15:57:50.062	1.25259	1.25263			6
2024.12.26	15:57:50.368		1.25262			4
2024.12.26	15:57:51.900	1.25257	1.25260			6
2024.12.26	15:57:53.127		1.25259			4
2024.12.26	15:57:53.428	1.25253	1.25254			6
2024.12.26	15:57:53.731	1.25249	1.25250			6
2024.12.26	15:57:54.039	1.25246	1.25249			6
2024.12.26	15:57:54.340	1.25248				2
2024.12.26	15:57:54.647	1.25245				2
2024.12.26	15:57:58.312	1.25246				2
2024.12.26	15:57:58.619	1.25245				2
2024.12.26	15:58:00.152	1.25245				2
2024.12.26	15:58:02.296	1.25240	1.25246			6
2024.12.26	15:58:02.911	1.25241				2
2024.12.26	15:58:03.529	1.25239	1.25245			6
2024.12.26	15:58:04.449	1.25234	1.25239			6
2024.12.26	15:58:05.354	1.25233				2
2024.12.26	15:58:05.662	1.25234				2
2024.12.26	15:58:10.260	1.25239	1.25244			6
2024.12.26	15:58:10.566	1.25234	1.25240			6
2024.12.26	15:58:13.648	1.25235	1.25241			6
2024.12.26	15:58:13.956	1.25234	1.25240			6
2024.12.26	15:58:14.266	1.25233	1.25239			6
2024.12.26	15:58:18.253	1.25234				2
2024.12.26	15:58:18.561	1.25233				2
2024.12.26	15:58:20.094	1.25231	1.25238			6
2024.12.26	15:58:23.481	1.25230	1.25236			6
2024.12.26	15:58:24.709		1.25235			4
2024.12.26	15:58:25.018	1.25229	1.25234			6
2024.12.26	15:58:25.324	1.25226	1.25233			6
2024.12.26	15:58:25.632	1.25229				2
2024.12.26	15:58:25.936	1.25227				2
2024.12.26	15:58:26.238	1.25228				2
2024.12.26	15:58:26.541	1.25226				2
2024.12.26	15:58:27.157	1.25227				2
2024.12.26	15:58:28.381	1.25233	1.25235			6
2024.12.26	15:58:28.691	1.25232				2
2024.12.26	15:58:29.309		1.25237			4
2024.12.26	15:58:29.612		1.25238			4
2024.12.26	15:58:30.841	1.25234	1.25240			6
2024.12.26	15:58:31.765	1.25233				2
2024.12.26	15:58:32.076	1.25235	1.25241			6
2024.12.26	15:58:33.002		1.25240			4
2024.12.26	15:58:33.309	1.25232	1.25238			6
2024.12.26	15:58:34.230	1.25233				2
2024.12.26	15:58:34.854	1.25234	1.25239			6
2024.12.26	15:58:35.157		1.25240			4
2024.12.26	15:58:35.767		1.25239			4
2024.12.26	15:58:36.383	1.25235	1.25240			6
2024.12.26	15:58:38.215	1.25233	1.25238			6
2024.12.26	15:58:41.279	1.25232				2
2024.12.26	15:58:44.341	1.25233				2
2024.12.26	15:58:44.958	1.25232	1.25237			6
2024.12.26	15:58:45.261	1.25234	1.25239			6
2024.12.26	15:58:45.563	1.25235	1.25240			6
2024.12.26	15:58:45.876	1.25236				2
2024.12.26	15:58:46.179	1.25235				2
2024.12.26	15:58:46.487	1.25236	1.25242			6
2024.12.26	15:58:46.797		1.25241			4
2024.12.26	15:58:47.101	1.25234	1.25239			6
2024.12.26	15:58:49.553	1.25232	1.25238			6
2024.12.26	15:58:50.166	1.25228	1.25233			6
2024.12.26	15:58:50.467		1.25234			4
2024.12.26	15:58:51.402	1.25227				2
2024.12.26	15:58:54.158	1.25228				2
2024.12.26	15:58:55.375	1.25227	1.25233			6
2024.12.26	15:58:55.981	1.25228				2
2024.12.26	15:58:56.898	1.25227				2
2024.12.26	15:58:57.200	1.25228	1.25234			6
2024.12.26	15:58:59.346		1.25233			4
2024.12.26	15:59:00.261	1.25228				2
2024.12.26	15:59:01.789	1.25229	1.25234			6
2024.12.26	15:59:03.627	1.25228	1.25233			6
2024.12.26	15:59:04.239	1.25229				2
2024.12.26	15:59:05.157	1.25225	1.25230			6
2024.12.26	15:59:06.385	1.25226	1.25231			6
2024.12.26	15:59:07.001	1.25227	1.25232			6
2024.12.26	15:59:08.831	1.25226	1.25231			6
2024.12.26	15:59:10.375	1.25227				2
2024.12.26	15:59:15.286		1.25230			4
2024.12.26	15:59:15.588	1.25225	1.25228			6
2024.12.26	15:59:17.743	1.25226	1.25229			6
2024.12.26	15:59:22.324		1.25228			4
2024.12.26	15:59:23.848	1.25227	1.25229			6
2024.12.26	15:59:26.900	1.25226	1.25228			6
2024.12.26	15:59:27.820	1.25227	1.25229			6
2024.12.26	15:59:28.728	1.25230	1.25231			6
2024.12.26	15:59:29.032	1.25226	1.25228			6
2024.12.26	15:59:29.335	1.25230	1.25232			6
2024.12.26	15:59:29.638	1.25233	1.25234			6
2024.12.26	15:59:30.246		1.25235			4
2024.12.26	15:59:31.167		1.25236			4
2024.12.26	15:59:31.474	1.25237	1.25240			6
2024.12.26	15:59:31.783	1.25236	1.25239			6
2024.12.26	15:59:32.702	1.25235	1.25238			6
2024.12.26	15:59:34.825	1.25234	1.25237			6
2024.12.26	15:59:36.364		1.25238			4
2024.12.26	15:59:36.666	1.25235				2
2024.12.26	15:59:38.835	1.25234				2
2024.12.26	15:59:39.452	1.25235				2
2024.12.26	15:59:39.762	1.25234				2
2024.12.26	15:59:40.073	1.25236	1.25239			6
2024.12.26	15:59:40.686	1.25238	1.25241			6
2024.12.26	15:59:41.297	1.25241	1.25244			6
2024.12.26	15:59:41.605	1.25240	1.25243			6
2024.12.26	15:59:42.217	1.25237	1.25240			6
2024.12.26	15:59:42.836		1.25241			4
2024.12.26	15:59:44.074		1.25240			4
2024.12.26	15:59:44.377	1.25236				2
2024.12.26	15:59:45.000	1.25234	1.25238			6
2024.12.26	15:59:47.768	1.25235				2
2024.12.26	15:59:48.694	1.25234				2
2024.12.26	15:59:49.309	1.25233	1.25237			6
2024.12.26	15:59:50.228	1.25234	1.25238			6
2024.12.26	15:59:51.763		1.25237			4
2024.12.26	15:59:52.066	1.25233				2
2024.12.26	15:59:52.692	1.25234				2
2024.12.26	15:59:53.309	1.25236	1.25239			6
2024.12.26	15:59:53.924	1.25235				2
2024.12.26	15:59:54.229	1.25234	1.25238			6
2024.12.26	15:59:55.775	1.25236	1.25239			6
2024.12.26	15:59:56.080	1.25235	1.25238			6
2024.12.26	15:59:56.382	1.25234				2
2024.12.26	15:59:57.298	1.25235	1.25239			6
2024.12.26	15:59:58.209	1.25236				2
2024.12.26	16:00:00.041	1.25236				2
2024.12.26	16:00:00.348	1.25234	1.25237			6
2024.12.26	16:00:00.649	1.25235	1.25239			6
2024.12.26	16:00:00.951	1.25236	1.25240			6
2024.12.26	16:00:01.258		1.25239			4
2024.12.26	16:00:01.564	1.25237	1.25240			6
2024.12.26	16:00:03.392	1.25240	1.25243			6
2024.12.26	16:00:03.698	1.25239	1.25242			6
2024.12.26	16:00:04.616	1.25238	1.25241			6
2024.12.26	16:00:05.228	1.25239	1.25242			6
2024.12.26	16:00:05.531	1.25240	1.25243			6
2024.12.26	16:00:06.457	1.25236	1.25239			6
2024.12.26	16:00:06.759	1.25235	1.25238			6
2024.12.26	16:00:07.376	1.25236	1.25239			6
2024.12.26	16:00:07.681	1.25235	1.25238			6
2024.12.26	16:00:07.984	1.25236	1.25239			6
2024.12.26	16:00:08.289	1.25235				2
2024.12.26	16:00:11.070	1.25234	1.25238			6
2024.12.26	16:00:11.380	1.25235	1.25239			6
2024.12.26	16:00:11.998	1.25237	1.25241			6
2024.12.26	16:00:12.305	1.25239	1.25242			6
2024.12.26	16:00:13.222	1.25238				2
2024.12.26	16:00:14.762	1.25236	1.25240			6
2024.12.26	16:00:15.075	1.25235	1.25239			6
2024.12.26	16:00:18.456	1.25234	1.25238			6
2024.12.26	16:00:20.299	1.25235	1.25239			6
2024.12.26	16:00:21.220		1.25238			4
2024.12.26	16:00:23.052	1.25234	1.25237			6
2024.12.26	16:00:23.661	1.25235	1.25238			6
2024.12.26	16:00:23.964	1.25236	1.25239			6
2024.12.26	16:00:25.800	1.25237	1.25240			6
2024.12.26	16:00:26.409	1.25239	1.25242			6
2024.12.26	16:00:27.637	1.25238	1.25241			6
2024.12.26	16:00:28.251		1.25240			4
2024.12.26	16:00:28.862	1.25237				2
2024.12.26	16:00:30.089		1.25239			4
2024.12.26	16:00:31.612	1.25243	1.25245			6
2024.12.26	16:00:32.822	1.25244				2
2024.12.26	16:00:33.124	1.25241				2
2024.12.26	16:00:33.431	1.25235	1.25239			6
2024.12.26	16:00:33.748	1.25237	1.25240			6
2024.12.26	16:00:34.364		1.25241			4
2024.12.26	16:00:35.284	1.25236				2
2024.12.26	16:00:39.272		1.25240			4
2024.12.26	16:00:44.192	1.25237				2
2024.12.26	16:00:45.102	1.25238	1.25241			6
2024.12.26	16:00:46.007	1.25237	1.25240			6
2024.12.26	16:00:49.071	1.25238	1.25241			6
2024.12.26	16:00:50.299	1.25237	1.25239			6
2024.12.26	16:00:50.907	1.25238	1.25240			6
2024.12.26	16:00:55.505	1.25237	1.25239			6
2024.12.26	16:00:56.424	1.25235	1.25236			6
2024.12.26	16:00:57.340		1.25238			4
2024.12.26	16:01:00.075	1.25235				2
2024.12.26	16:01:00.378	1.25239	1.25241			6
2024.12.26	16:01:01.295	1.25238				2
2024.12.26	16:01:04.657		1.25240			4
2024.12.26	16:01:05.268	1.25236	1.25238			6
2024.12.26	16:01:05.572	1.25237	1.25240			6
2024.12.26	16:01:05.878	1.25238	1.25241			6
2024.12.26	16:01:06.179	1.25237	1.25240			6
2024.12.26	16:01:07.406	1.25236	1.25239			6
2024.12.26	16:01:07.707	1.25229	1.25232			6
2024.12.26	16:01:08.010	1.25230	1.25233			6
2024.12.26	16:01:09.228	1.25229	1.25234			6
2024.12.26	16:01:09.533	1.25231				2
2024.12.26	16:01:10.454		1.25235			4
2024.12.26	16:01:11.378		1.25234			4
2024.12.26	16:01:11.686		1.25236			4
2024.12.26	16:01:12.302	1.25232				2
2024.12.26	16:01:12.611	1.25231	1.25235			6
2024.12.26	16:01:13.225	1.25232	1.25236			6
2024.12.26	16:01:14.157	1.25233	1.25237			6
2024.12.26	16:01:14.763	1.25232	1.25236			6
2024.12.26	16:01:15.072	1.25237	1.25241			6
2024.12.26	16:01:16.304	1.25236				2
2024.12.26	16:01:19.988	1.25234	1.25239			6
2024.12.26	16:01:20.606	1.25233	1.25238			6
2024.12.26	16:01:20.915	1.25234	1.25239			6
2024.12.26	16:01:21.840	1.25233	1.25238			6
2024.12.26	16:01:22.145	1.25232	1.25237			6
2024.12.26	16:01:22.454	1.25231	1.25236			6
2024.12.26	16:01:25.222	1.25233	1.25238			6
2024.12.26	16:01:25.535	1.25232	1.25237			6
2024.12.26	16:01:26.764	1.25233	1.25238			6
2024.12.26	16:01:27.068	1.25234	1.25239			6
2024.12.26	16:01:27.392	1.25235				2
2024.12.26	16:01:30.462	1.25236	1.25240			6
2024.12.26	16:01:33.241		1.25239			4
2024.12.26	16:01:35.083	1.25235	1.25238			6
2024.12.26	16:01:35.394	1.25236	1.25239			6
2024.12.26	16:01:39.354		1.25238			4
2024.12.26	16:01:40.569	1.25234	1.25236			6
2024.12.26	16:01:40.870	1.25233	1.25235			6
2024.12.26	16:01:41.183	1.25235	1.25237			6
2024.12.26	16:01:41.485	1.25232	1.25234			6
2024.12.26	16:01:41.800	1.25233	1.25235			6
2024.12.26	16:01:42.105	1.25232				2
2024.12.26	16:01:42.406	1.25234	1.25237			6
2024.12.26	16:01:43.023	1.25233	1.25236			6
2024.12.26	16:01:43.938	1.25234	1.25237			6
2024.12.26	16:01:44.250	1.25233	1.25236			6
2024.12.26	16:01:46.088	1.25234				2
2024.12.26	16:01:46.698	1.25233	1.25235			6
2024.12.26	16:01:47.618	1.25234	1.25236			6
2024.12.26	16:01:47.924	1.25233	1.25235			6
2024.12.26	16:01:50.353	1.25232	1.25234			6
2024.12.26	16:01:50.660	1.25233	1.25235			6
2024.12.26	16:01:53.406	1.25234	1.25236			6
2024.12.26	16:01:53.709	1.25235	1.25237			6
2024.12.26	16:01:54.330	1.25236	1.25238			6
2024.12.26	16:01:55.553	1.25237	1.25239			6
2024.12.26	16:01:56.160	1.25233	1.25234			6
2024.12.26	16:01:56.466	1.25225	1.25227			6
2024.12.26	16:01:56.771	1.25223	1.25225			6
2024.12.26	16:01:57.072	1.25225	1.25227			6
2024.12.26	16:01:57.377	1.25223	1.25230			6
2024.12.26	16:01:58.294	1.25225	1.25232			6
2024.12.26	16:01:58.595	1.25223	1.25231			6
2024.12.26	16:01:58.908	1.25222	1.25230			6
2024.12.26	16:01:59.212		1.25229			4
2024.12.26	16:01:59.824	1.25223	1.25230			6
2024.12.26	16:02:00.131	1.25223				2
2024.12.26	16:02:01.969	1.25224	1.25231			6
2024.12.26	16:02:02.893	1.25225				2
2024.12.26	16:02:05.947	1.25226	1.25232			6
2024.12.26	16:02:06.567	1.25225				2
2024.12.26	16:02:06.873	1.25226	1.25233			6
2024.12.26	16:02:07.174	1.25224	1.25231			6
2024.12.26	16:02:07.788	1.25230	1.25237			6
2024.12.26	16:02:08.091	1.25228	1.25236			6
2024.12.26	16:02:08.401	1.25227	1.25235			6
2024.12.26	16:02:08.710	1.25226	1.25234			6
2024.12.26	16:02:09.021	1.25225	1.25232			6
2024.12.26	16:02:09.638	1.25224				2
2024.12.26	16:02:10.865		1.25230			4
2024.12.26	16:02:11.179	1.25223				2
2024.12.26	16:02:12.100	1.25224				2
2024.12.26	16:02:13.327	1.25225	1.25231			6
2024.12.26	16:02:13.944	1.25222	1.25229			6
2024.12.26	16:02:14.246	1.25214	1.25218			6
2024.12.26	16:02:14.550	1.25211	1.25212			6
2024.12.26	16:02:14.857	1.25210	1.25211			6
2024.12.26	16:02:15.163	1.25204	1.25209			6
2024.12.26	16:02:15.469	1.25203				2
2024.12.26	16:02:16.091	1.25204	1.25210			6
2024.12.26	16:02:16.705	1.25203				2
2024.12.26	16:02:17.011		1.25209			4
2024.12.26	16:02:19.162	1.25204	1.25210			6
2024.12.26	16:02:21.319	1.25203	1.25209			6
2024.12.26	16:02:25.006	1.25204	1.25210			6
2024.12.26	16:02:25.621	1.25203				2
2024.12.26	16:02:26.234	1.25205	1.25212			6
2024.12.26	16:02:27.162		1.25211			4
2024.12.26	16:02:28.690	1.25210	1.25216			6
2024.12.26	16:02:28.999	1.25206	1.25210			6
2024.12.26	16:02:29.309	1.25204	1.25208			6
2024.12.26	16:02:29.615	1.25202	1.25209			6
2024.12.26	16:02:30.843	1.25201	1.25207			6
2024.12.26	16:02:31.152	1.25203	1.25208			6
2024.12.26	16:02:31.460	1.25202	1.25206			6
2024.12.26	16:02:31.764		1.25208			4
2024.12.26	16:02:32.385	1.25203				2
2024.12.26	16:02:33.610		1.25209			4
2024.12.26	16:02:41.278	1.25202				2
2024.12.26	16:02:41.582	1.25204				2
2024.12.26	16:02:45.387	1.25205	1.25210			6
2024.12.26	16:02:45.691	1.25203				2
2024.12.26	16:02:48.776	1.25204				2
2024.12.26	16:02:49.084	1.25212	1.25218			6
2024.12.26	16:02:49.387	1.25213				2
2024.12.26	16:02:49.699	1.25209	1.25214			6
2024.12.26	16:02:50.005	1.25210				2
2024.12.26	16:02:50.315	1.25211				2
2024.12.26	16:02:50.933		1.25216			4
2024.12.26	16:02:51.239	1.25212	1.25217			6
2024.12.26	16:02:51.547	1.25214	1.25219			6
2024.12.26	16:02:52.779		1.25220			4
2024.12.26	16:02:53.089		1.25219			4
2024.12.26	16:02:54.935		1.25220			4
2024.12.26	16:02:55.241	1.25212	1.25217			6
2024.12.26	16:02:55.553		1.25216			4
2024.12.26	16:02:55.861		1.25217			4
2024.12.26	16:02:56.163		1.25218			4
2024.12.26	16:02:56.465		1.25217			4
2024.12.26	16:02:57.090		1.25218			4
2024.12.26	16:02:57.393		1.25217			4
2024.12.26	16:02:58.012		1.25218			4
2024.12.26	16:02:58.323		1.25217			4
2024.12.26	16:02:58.630		1.25218			4
2024.12.26	16:03:00.169	1.25212	1.25219			6
2024.12.26	16:03:01.095		1.25218			4
2024.12.26	16:03:01.708		1.25217			4
2024.12.26	16:03:03.544		1.25218			4
2024.12.26	16:03:04.474		1.25217			4
2024.12.26	16:03:04.783		1.25216			4
2024.12.26	16:03:05.398		1.25218			4
2024.12.26	16:03:06.017	1.25213				2
2024.12.26	16:03:07.865	1.25216	1.25221			6
2024.12.26	16:03:08.167	1.25217				2
2024.12.26	16:03:08.792	1.25216	1.25220			6
2024.12.26	16:03:09.407	1.25213	1.25219			6
2024.12.26	16:03:09.715		1.25218			4
2024.12.26	16:03:10.637	1.25212	1.25217			6
2024.12.26	16:03:10.943		1.25218			4
2024.12.26	16:03:11.556	1.25211	1.25216			6
2024.12.26	16:03:12.792	1.25210	1.25215			6
2024.12.26	16:03:14.631	1.25208	1.25212			6
2024.12.26	16:03:14.941	1.25209				2
2024.12.26	16:03:15.864	1.25210	1.25214			6
2024.12.26	16:03:16.168	1.25209	1.25213			6
2024.12.26	16:03:16.471		1.25212			4
2024.12.26	16:03:17.699	1.25210				2
2024.12.26	16:03:20.162	1.25212	1.25215			6
2024.12.26	16:03:21.084	1.25211				2
2024.12.26	16:03:21.386		1.25214			4
2024.12.26	16:03:28.443	1.25210				2
2024.12.26	16:03:28.751		1.25215			4
2024.12.26	16:03:30.283	1.25211	1.25216			6
2024.12.26	16:03:30.596	1.25210				2
2024.12.26	16:03:31.511	1.25209	1.25214			6
2024.12.26	16:03:32.733	1.25210	1.25216			6
2024.12.26	16:03:34.267	1.25209	1.25215			6
2024.12.26	16:03:34.575		1.25213			4
2024.12.26	16:03:34.887		1.25214			4
2024.12.26	16:03:37.627	1.25210	1.25215			6
2024.12.26	16:03:37.934	1.25209	1.25214			6
2024.12.26	16:03:41.614	1.25208				2
2024.12.26	16:03:42.530	1.25209				2
2024.12.26	16:03:42.837	1.25208				2
2024.12.26	16:03:43.142	1.25209				2
2024.12.26	16:03:43.452	1.25208				2
2024.12.26	16:03:44.985	1.25209				2
2024.12.26	16:03:45.289	1.25210	1.25215			6
2024.12.26	16:03:45.590	1.25211	1.25214			6
2024.12.26	16:03:45.900	1.25210				2
2024.12.26	16:03:46.205	1.25211				2
2024.12.26	16:03:46.516		1.25215			4
2024.12.26	16:03:47.432	1.25210				2
2024.12.26	16:03:47.743	1.25209	1.25214			6
2024.12.26	16:03:48.660	1.25208	1.25212			6
2024.12.26	16:03:48.965		1.25213			4
2024.12.26	16:03:51.413	1.25207	1.25212			6
2024.12.26	16:03:51.719	1.25208	1.25213			6
2024.12.26	16:03:52.329	1.25205	1.25209			6
2024.12.26	16:03:52.640	1.25203	1.25206			6
2024.12.26	16:03:53.870	1.25201				2
2024.12.26	16:03:57.257	1.25202				2
2024.12.26	16:04:00.011	1.25202				2
2024.12.26	16:04:00.624	1.25203				2
2024.12.26	16:04:02.461	1.25204				2
2024.12.26	16:04:02.770	1.25205	1.25208			6
2024.12.26	16:04:03.072	1.25204				2
2024.12.26	16:04:05.826	1.25205				2
2024.12.26	16:04:06.439	1.25204	1.25206			6
2024.12.26	16:04:06.740	1.25205	1.25208			6
2024.12.26	16:04:07.045	1.25206				2
2024.12.26	16:04:07.351	1.25216	1.25218			6
2024.12.26	16:04:07.660	1.25219	1.25221			6
2024.12.26	16:04:08.270	1.25217				2
2024.12.26	16:04:10.121	1.25216				2
2024.12.26	16:04:10.733	1.25215	1.25219			6
2024.12.26	16:04:14.736	1.25216				2
2024.12.26	16:04:15.965	1.25211	1.25215			6
2024.12.26	16:04:16.269	1.25212				2
2024.12.26	16:04:16.586	1.25211				2
2024.12.26	16:04:17.507	1.25213	1.25217			6
2024.12.26	16:04:17.813		1.25218			4
2024.12.26	16:04:19.360	1.25215				2
2024.12.26	16:04:19.968	1.25211				2
2024.12.26	16:04:20.583	1.25214				2
2024.12.26	16:04:20.892	1.25212	1.25216			6
2024.12.26	16:04:22.432	1.25213	1.25215			6
2024.12.26	16:04:24.277	1.25212				2
2024.12.26	16:04:25.508	1.25213				2
2024.12.26	16:04:27.058	1.25212				2
2024.12.26	16:04:27.666	1.25213				2
2024.12.26	16:04:29.209	1.25212				2
2024.12.26	16:04:29.514		1.25216			4
2024.12.26	16:04:29.823		1.25217			4
2024.12.26	16:04:30.742		1.25216			4
2024.12.26	16:04:35.678	1.25213				2
2024.12.26	16:04:35.982	1.25214	1.25218			6
2024.12.26	16:04:38.145	1.25215	1.25217			6
2024.12.26	16:04:38.451	1.25216	1.25218			6
2024.12.26	16:04:39.076	1.25214				2
2024.12.26	16:04:40.311	1.25215				2
2024.12.26	16:04:44.317	1.25212	1.25217			6
2024.12.26	16:04:45.848	1.25213				2
2024.12.26	16:04:46.468	1.25212				2
2024.12.26	16:04:47.388	1.25213				2
2024.12.26	16:04:48.312	1.25212				2
2024.12.26	16:04:49.530		1.25216			4
2024.12.26	16:04:51.367	1.25214	1.25218			6
2024.12.26	16:04:54.733	1.25215	1.25219			6
2024.12.26	16:04:55.035	1.25216				2
2024.12.26	16:04:56.562	1.25215				2
2024.12.26	16:04:57.179	1.25216				2
2024.12.26	16:04:57.787	1.25223	1.25225			6
2024.12.26	16:04:58.092	1.25221				2
2024.12.26	16:04:58.400		1.25224			4
2024.12.26	16:04:59.006	1.25222	1.25225			6
2024.12.26	16:04:59.312		1.25226			4
2024.12.26	16:04:59.620	1.25221				2
2024.12.26	16:05:00.230	1.25222				2
2024.12.26	16:05:00.536	1.25221				2
2024.12.26	16:05:01.452	1.25216	1.25219			6
2024.12.26	16:05:01.758		1.25220			4
2024.12.26	16:05:02.065		1.25219			4
2024.12.26	16:05:02.367	1.25215				2
2024.12.26	16:05:02.670	1.25214	1.25218			6
2024.12.26	16:05:02.975	1.25213	1.25217			6
2024.12.26	16:05:03.279	1.25212				2
2024.12.26	16:05:06.038	1.25210	1.25213			6
2024.12.26	16:05:06.347	1.25209				2
2024.12.26	16:05:09.117	1.25208	1.25212			6
2024.12.26	16:05:09.425	1.25210				2
2024.12.26	16:05:09.731	1.25206	1.25209			6
2024.12.26	16:05:10.344	1.25205				2
2024.12.26	16:05:10.652	1.25210	1.25213			6
2024.12.26	16:05:12.808		1.25212			4
2024.12.26	16:05:15.881	1.25213	1.25216			6
2024.12.26	16:05:16.804	1.25214				2
2024.12.26	16:05:17.106	1.25213				2
2024.12.26	16:05:17.408	1.25212	1.25217			6
2024.12.26	16:05:17.710	1.25213				2
2024.12.26	16:05:19.872	1.25214	1.25218			6
2024.12.26	16:05:20.174	1.25212				2
2024.12.26	16:05:20.485	1.25213	1.25216			6
2024.12.26	16:05:20.788	1.25212	1.25217			6
2024.12.26	16:05:21.101	1.25213				2
2024.12.26	16:05:21.409	1.25212	1.25216			6
2024.12.26	16:05:22.020	1.25211				2
2024.12.26	16:05:22.322	1.25210	1.25215			6
2024.12.26	16:05:22.640	1.25212				2
2024.12.26	16:05:23.254	1.25210				2
2024.12.26	16:05:23.562	1.25211				2
2024.12.26	16:05:24.787	1.25212				2
2024.12.26	16:05:25.096		1.25216			4
2024.12.26	16:05:25.409		1.25217			4
2024.12.26	16:05:25.720	1.25211				2
2024.12.26	16:05:26.024	1.25212				2
2024.12.26	16:05:26.958		1.25216			4
2024.12.26	16:05:30.626	1.25207	1.25209			6
2024.12.26	16:05:30.928	1.25209	1.25212			6
2024.12.26	16:05:32.773	1.25213	1.25216			6
2024.12.26	16:05:33.081		1.25215			4
2024.12.26	16:05:33.384	1.25209	1.25212			6
2024.12.26	16:05:33.692	1.25210	1.25211			6
2024.12.26	16:05:34.605	1.25208	1.25209			6
2024.12.26	16:05:35.823	1.25207	1.25211			6
2024.12.26	16:05:37.351	1.25208				2
2024.12.26	16:05:38.577	1.25210	1.25212			6
2024.12.26	16:05:38.878	1.25212	1.25215			6
2024.12.26	16:05:41.319	1.25211	1.25214			6
2024.12.26	16:05:42.238		1.25215			4
2024.12.26	16:05:42.852	1.25212				2
2024.12.26	16:05:43.157		1.25214			4
2024.12.26	16:05:43.763	1.25206	1.25208			6
2024.12.26	16:05:44.064	1.25207	1.25210			6
2024.12.26	16:05:44.367	1.25205	1.25208			6
2024.12.26	16:05:44.982	1.25204	1.25207			6
2024.12.26	16:05:45.283	1.25202	1.25205			6
2024.12.26	16:05:45.597	1.25201				2
2024.12.26	16:05:46.516	1.25202	1.25206			6
2024.12.26	16:05:46.827	1.25203				2
2024.12.26	16:05:50.520	1.25205	1.25208			6
2024.12.26	16:05:50.821	1.25208	1.25209			6
2024.12.26	16:05:51.432		1.25212			4
2024.12.26	16:05:51.747		1.25211			4
2024.12.26	16:05:52.361	1.25207	1.25210			6
2024.12.26	16:05:52.978	1.25208				2
2024.12.26	16:05:53.901	1.25210	1.25211			6
2024.12.26	16:05:54.203		1.25212			4
2024.12.26	16:05:55.140	1.25209				2
2024.12.26	16:05:55.752	1.25210				2
2024.12.26	16:05:59.127		1.25211			4
2024.12.26	16:06:00.050	1.25210				2
2024.12.26	16:06:00.351	1.25213	1.25214			6
2024.12.26	16:06:00.660	1.25209	1.25212			6
2024.12.26	16:06:00.969	1.25210				2
2024.12.26	16:06:01.578		1.25213			4
2024.12.26	16:06:01.882	1.25212	1.25215			6
2024.12.26	16:06:02.496	1.25211	1.25214			6
2024.12.26	16:06:02.812	1.25210	1.25213			6
2024.12.26	16:06:03.121	1.25207	1.25212			6
2024.12.26	16:06:03.424	1.25206	1.25211			6
2024.12.26	16:06:03.726		1.25209			4
2024.12.26	16:06:04.043		1.25210			4
2024.12.26	16:06:04.659		1.25209			4
2024.12.26	16:06:05.278		1.25211			4
2024.12.26	16:06:06.203	1.25211	1.25213			6
2024.12.26	16:06:06.817	1.25212	1.25215			6
2024.12.26	16:06:07.744	1.25211				2
2024.12.26	16:06:08.362	1.25212				2
2024.12.26	16:06:12.031	1.25213				2
2024.12.26	16:06:12.339	1.25214	1.25217			6
2024.12.26	16:06:13.258	1.25212	1.25215			6
2024.12.26	16:06:14.179	1.25213				2
2024.12.26	16:06:14.795	1.25212				2
2024.12.26	16:06:15.097	1.25211				2
2024.12.26	16:06:15.711	1.25204	1.25207			6
2024.12.26	16:06:16.021	1.25206	1.25208			6
2024.12.26	16:06:16.331	1.25205				2
2024.12.26	16:06:16.632		1.25207			4
2024.12.26	16:06:17.245	1.25203	1.25206			6
2024.12.26	16:06:18.158		1.25205			4
2024.12.26	16:06:18.780	1.25202				2
2024.12.26	16:06:19.708	1.25206	1.25209			6
2024.12.26	16:06:20.639	1.25205	1.25208			6
2024.12.26	16:06:21.251	1.25206				2
2024.12.26	16:06:21.557		1.25209			4
2024.12.26	16:06:24.017		1.25208			4
2024.12.26	16:06:24.938	1.25207	1.25209			6
2024.12.26	16:06:26.166		1.25211			4
2024.12.26	16:06:26.481	1.25206	1.25209			6
2024.12.26	16:06:27.099		1.25210			4
2024.12.26	16:06:27.717		1.25209			4
2024.12.26	16:06:28.028	1.25207	1.25210			6
2024.12.26	16:06:31.102	1.25206				2
2024.12.26	16:06:31.722	1.25208	1.25212			6
2024.12.26	16:06:32.027	1.25207	1.25211			6
2024.12.26	16:06:32.333	1.25208				2
2024.12.26	16:06:32.945		1.25212			4
2024.12.26	16:06:35.394		1.25211			4
2024.12.26	16:06:39.662	1.25207				2
2024.12.26	16:06:39.969	1.25208	1.25212			6
2024.12.26	16:06:40.584	1.25207	1.25211			6
2024.12.26	16:06:41.188	1.25208				2
2024.12.26	16:06:43.025	1.25210	1.25213			6
2024.12.26	16:06:43.332	1.25211	1.25214			6
2024.12.26	16:06:48.229	1.25212				2
2024.12.26	16:06:48.536	1.25215	1.25217			6
2024.12.26	16:06:49.151	1.25214				2
2024.12.26	16:06:52.219	1.25215				2
2024.12.26	16:06:52.524	1.25214	1.25216			6
2024.12.26	16:06:53.134	1.25216	1.25217			6
2024.12.26	16:06:53.446	1.25218	1.25219			6
2024.12.26	16:06:53.748	1.25217				2
2024.12.26	16:06:54.051	1.25215	1.25217			6
2024.12.26	16:06:54.366		1.25218			4
2024.12.26	16:06:55.593	1.25213	1.25217			6
2024.12.26	16:06:58.346		1.25216			4
2024.12.26	16:07:00.176	1.25213				2
2024.12.26	16:07:00.490	1.25215	1.25218			6
2024.12.26	16:07:00.793	1.25213	1.25216			6
2024.12.26	16:07:03.242		1.25215			4
2024.12.26	16:07:03.550	1.25214	1.25216			6
2024.12.26	16:07:04.459	1.25211	1.25213			6
2024.12.26	16:07:04.762	1.25210	1.25212			6
2024.12.26	16:07:05.375	1.25209				2
2024.12.26	16:07:05.680		1.25213			4
2024.12.26	16:07:06.292	1.25210				2
2024.12.26	16:07:06.597	1.25209	1.25212			6
2024.12.26	16:07:08.731	1.25208	1.25211			6
2024.12.26	16:07:10.267	1.25209				2
2024.12.26	16:07:10.568	1.25210	1.25212			6
2024.12.26	16:07:16.969	1.25212	1.25214			6
2024.12.26	16:07:22.135		1.25213			4
2024.12.26	16:07:22.442		1.25214			4
2024.12.26	16:07:24.586	1.25213	1.25215			6
2024.12.26	16:07:25.196	1.25217	1.25219			6
2024.12.26	16:07:26.726	1.25218	1.25220			6
2024.12.26	16:07:28.861	1.25217	1.25219			6
2024.12.26	16:07:29.165	1.25218				2
2024.12.26	16:07:30.087	1.25217	1.25218			6
2024.12.26	16:07:30.392	1.25216				2
2024.12.26	16:07:31.313	1.25217	1.25219			6
2024.12.26	16:07:32.533		1.25218			4
2024.12.26	16:07:33.143	1.25220	1.25221			6
2024.12.26	16:07:33.760		1.25222			4
2024.12.26	16:07:35.286	1.25219	1.25221			6
2024.12.26	16:07:35.595	1.25218	1.25220			6
2024.12.26	16:07:36.208	1.25219	1.25221			6
2024.12.26	16:07:37.737	1.25220	1.25222			6
2024.12.26	16:07:40.191	1.25218	1.25219			6
2024.12.26	16:07:40.497		1.25220			4
2024.12.26	16:07:41.111	1.25217	1.25219			6
2024.12.26	16:07:41.722	1.25218	1.25220			6
2024.12.26	16:07:46.011	1.25221	1.25223			6
2024.12.26	16:07:49.985	1.25220	1.25222			6
2024.12.26	16:07:50.296		1.25221			4
2024.12.26	16:07:51.215	1.25221	1.25223			6
2024.12.26	16:07:53.374	1.25226	1.25227			6
2024.12.26	16:07:54.595	1.25227	1.25229			6
2024.12.26	16:07:56.117	1.25228				2
2024.12.26	16:07:56.423	1.25227				2
2024.12.26	16:07:57.032	1.25225	1.25227			6
2024.12.26	16:07:57.648	1.25223	1.25225			6
2024.12.26	16:07:58.258		1.25226			4
2024.12.26	16:07:58.564	1.25225	1.25227			6
2024.12.26	16:07:59.493		1.25228			4
2024.12.26	16:07:59.796		1.25227			4
2024.12.26	16:08:00.106	1.25225				2
2024.12.26	16:08:00.417	1.25226	1.25228			6
2024.12.26	16:08:01.939	1.25228	1.25229			6
2024.12.26	16:08:02.245	1.25229	1.25231			6
2024.12.26	16:08:02.554	1.25232	1.25234			6
2024.12.26	16:08:02.865	1.25231	1.25233			6
2024.12.26	16:08:03.174	1.25230				2
2024.12.26	16:08:03.480	1.25231				2
2024.12.26	16:08:06.557	1.25234	1.25236			6
2024.12.26	16:08:07.175	1.25233				2
2024.12.26	16:08:08.097	1.25234				2
2024.12.26	16:08:08.707	1.25236	1.25238			6
2024.12.26	16:08:09.016	1.25235	1.25237			6
2024.12.26	16:08:10.856	1.25234	1.25236			6
2024.12.26	16:08:12.385	1.25235				2
2024.12.26	16:08:17.296	1.25234				2
2024.12.26	16:08:20.059	1.25233	1.25235			6
2024.12.26	16:08:20.665	1.25234				2
2024.12.26	16:08:21.280		1.25236			4
2024.12.26	16:08:22.200	1.25235				2
2024.12.26	16:08:22.509	1.25233	1.25235			6
2024.12.26	16:08:24.954	1.25223	1.25225			6
2024.12.26	16:08:25.260	1.25224	1.25229			6
2024.12.26	16:08:25.563		1.25228			4
2024.12.26	16:08:25.876		1.25229			4
2024.12.26	16:08:27.421	1.25227	1.25230			6
2024.12.26	16:08:28.657	1.25224	1.25229			6
2024.12.26	16:08:28.965	1.25226	1.25230			6
2024.12.26	16:08:31.429	1.25225				2
2024.12.26	16:08:34.182	1.25226				2
2024.12.26	16:08:35.715	1.25225	1.25229			6
2024.12.26	16:08:36.322	1.25224	1.25228			6
2024.12.26	16:08:36.942	1.25223	1.25227			6
2024.12.26	16:08:38.157	1.25224				2
2024.12.26	16:08:39.078	1.25215	1.25217			6
2024.12.26	16:08:39.384	1.25214				2
2024.12.26	16:08:40.304	1.25216	1.25220			6
2024.12.26	16:08:42.761	1.25214	1.25218			6
2024.12.26	16:08:43.066	1.25215	1.25219			6
2024.12.26	16:08:44.605	1.25216	1.25220			6
2024.12.26	16:08:51.377	1.25219	1.25223			6
2024.12.26	16:08:55.065	1.25221	1.25227			6
2024.12.26	16:08:55.372	1.25220	1.25225			6
2024.12.26	16:08:55.680	1.25218	1.25222			6
2024.12.26	16:08:56.607	1.25219				2
2024.12.26	16:08:56.912	1.25218	1.25220			6
2024.12.26	16:08:57.221	1.25211	1.25217			6
2024.12.26	16:08:58.141	1.25213				2
2024.12.26	16:08:58.446	1.25214				2
2024.12.26	16:09:00.292	1.25214				2
2024.12.26	16:09:01.832	1.25213	1.25214			6
2024.12.26	16:09:02.139	1.25212				2
2024.12.26	16:09:03.060	1.25215	1.25216			6
2024.12.26	16:09:03.365	1.25216	1.25217			6
2024.12.26	16:09:08.290	1.25215	1.25216			6
2024.12.26	16:09:10.136	1.25212	1.25214			6
2024.12.26	16:09:11.366	1.25214	1.25215			6
2024.12.26	16:09:13.836		1.25216			4
2024.12.26	16:09:14.141		1.25215			4
2024.12.26	16:09:14.449		1.25216			4
2024.12.26	16:09:15.987	1.25216	1.25217			6
2024.12.26	16:09:17.218	1.25215				2
2024.12.26	16:09:17.834		1.25216			4
2024.12.26	16:09:18.140	1.25214	1.25215			6
2024.12.26	16:09:18.757	1.25215	1.25216			6
2024.12.26	16:09:19.377	1.25212	1.25213			6
2024.12.26	16:09:19.687		1.25214			4
2024.12.26	16:09:20.301	1.25213				2
2024.12.26	16:09:20.608	1.25215	1.25216			6
2024.12.26	16:09:21.528	1.25216	1.25217			6
2024.12.26	16:09:22.458	1.25217	1.25219			6
2024.12.26	16:09:22.764	1.25216				2
2024.12.26	16:09:23.383		1.25218			4
2024.12.26	16:09:23.695		1.25219			4
2024.12.26	16:09:25.232		1.25218			4
2024.12.26	16:09:26.149	1.25215	1.25216			6
2024.12.26	16:09:26.768		1.25217			4
2024.12.26	16:09:27.691	1.25216				2
2024.12.26	16:09:28.618	1.25212	1.25213			6
2024.12.26	16:09:28.923		1.25214			4
2024.12.26	16:09:29.229	1.25213				2
2024.12.26	16:09:32.000	1.25214	1.25215			6
2024.12.26	16:09:32.314	1.25216	1.25217			6
2024.12.26	16:09:33.234		1.25218			4
2024.12.26	16:09:33.847		1.25217			4
2024.12.26	16:09:35.390	1.25215	1.25216			6
2024.12.26	16:09:37.241	1.25216	1.25218			6
2024.12.26	16:09:37.547	1.25217	1.25219			6
2024.12.26	16:09:38.467	1.25216	1.25217			6
2024.12.26	16:09:40.930		1.25219			4
2024.12.26	16:09:45.189	1.25217				2
2024.12.26	16:09:46.113	1.25223	1.25226			6
2024.12.26	16:09:46.418	1.25222	1.25224			6
2024.12.26	16:09:46.720		1.25223			4
2024.12.26	16:09:47.325		1.25224			4
2024.12.26	16:09:47.626		1.25225			4
2024.12.26	16:09:47.933		1.25224			4
2024.12.26	16:09:52.220		1.25223			4
2024.12.26	16:09:52.525		1.25224			4
2024.12.26	16:09:52.832		1.25225			4
2024.12.26	16:09:53.447		1.25224			4
2024.12.26	16:09:53.754		1.25225			4
2024.12.26	16:09:54.359		1.25223			4
2024.12.26	16:10:00.160	1.25222				2
2024.12.26	16:10:00.768	1.25221	1.25222			6
2024.12.26	16:10:01.070	1.25218	1.25220			6
2024.12.26	16:10:01.382		1.25219			4
2024.12.26	16:10:02.300	1.25214	1.25215			6
2024.12.26	16:10:02.608	1.25215	1.25217			6
2024.12.26	16:10:04.726	1.25216				2
2024.12.26	16:10:05.331	1.25215	1.25216			6
2024.12.26	16:10:08.073	1.25213	1.25215			6
2024.12.26	16:10:08.380		1.25214			4
2024.12.26	16:10:08.687	1.25214	1.25215			6
2024.12.26	16:10:10.225	1.25216	1.25218			6
2024.12.26	16:10:10.529	1.25215	1.25217			6
2024.12.26	16:10:12.667	1.25216				2
2024.12.26	16:10:13.894	1.25212	1.25213			6
2024.12.26	16:10:15.112		1.25215			4
2024.12.26	16:10:17.553		1.25214			4
2024.12.26	16:10:19.388	1.25214	1.25215			6
2024.12.26	16:10:19.691	1.25212	1.25213			6
2024.12.26	16:10:19.996	1.25211	1.25212			6
2024.12.26	16:10:20.298	1.25212	1.25213			6
2024.12.26	16:10:20.598	1.25211	1.25212			6
2024.12.26	16:10:20.899	1.25208	1.25209			6
2024.12.26	16:10:21.207	1.25215	1.25216			6
2024.12.26	16:10:25.785		1.25217			4
2024.12.26	16:10:26.086	1.25216				2
2024.12.26	16:10:27.005	1.25214	1.25215			6
2024.12.26	16:10:27.311	1.25211	1.25214			6
2024.12.26	16:10:27.922		1.25213			4
2024.12.26	16:10:28.229		1.25214			4
2024.12.26	16:10:28.529	1.25212				2
2024.12.26	16:10:28.829		1.25215			4
2024.12.26	16:10:29.147		1.25214			4
2024.12.26	16:10:29.763	1.25207	1.25211			6
2024.12.26	16:10:30.067	1.25208	1.25212			6
2024.12.26	16:10:30.369	1.25212	1.25215			6
2024.12.26	16:10:31.913	1.25209	1.25212			6
2024.12.26	16:10:34.686	1.25208				2
2024.12.26	16:10:34.987	1.25212	1.25215			6
2024.12.26	16:10:37.456		1.25214			4
2024.12.26	16:10:37.765		1.25215			4
2024.12.26	16:10:39.310		1.25214			4
2024.12.26	16:10:40.226		1.25213			4
2024.12.26	16:10:40.832		1.25214			4
2024.12.26	16:10:41.450	1.25208	1.25211			6
2024.12.26	16:10:41.752	1.25209				2
2024.12.26	16:10:42.060	1.25211	1.25213			6
2024.12.26	16:10:42.365	1.25212	1.25214			6
2024.12.26	16:10:42.668		1.25213			4
2024.12.26	16:10:43.274		1.25215			4
2024.12.26	16:10:44.807		1.25216			4
2024.12.26	16:10:45.111		1.25215			4
2024.12.26	16:10:45.726	1.25214	1.25216			6
2024.12.26	16:10:46.333	1.25213	1.25215			6
2024.12.26	16:10:46.957		1.25217			4
2024.12.26	16:10:47.262	1.25212	1.25215			6
2024.12.26	16:10:47.574	1.25213	1.25216			6
2024.12.26	16:10:47.884	1.25212				2
2024.12.26	16:10:48.193		1.25215			4
2024.12.26	16:10:51.559	1.25213				2
2024.12.26	16:10:51.864	1.25214	1.25216			6
2024.12.26	16:10:52.782	1.25218	1.25219			6
2024.12.26	16:10:54.004	1.25217	1.25218			6
2024.12.26	16:10:54.310		1.25219			4
2024.12.26	16:10:57.670	1.25223	1.25225			6
2024.12.26	16:10:57.977		1.25224			4
2024.12.26	16:10:58.283	1.25222	1.25225			6
2024.12.26	16:10:58.585	1.25223	1.25224			6
2024.12.26	16:10:58.894		1.25226			4
2024.12.26	16:10:59.517	1.25222	1.25224			6
2024.12.26	16:10:59.819	1.25223	1.25226			6
2024.12.26	16:11:00.130	1.25223	1.25225			6
2024.12.26	16:11:02.270	1.25222	1.25223			6
2024.12.26	16:11:02.577	1.25220				2
2024.12.26	16:11:03.192	1.25221				2
2024.12.26	16:11:04.101	1.25222				2
2024.12.26	16:11:04.404	1.25221	1.25222			6
2024.12.26	16:11:04.706		1.25223			4
2024.12.26	16:11:05.014	1.25222				2
2024.12.26	16:11:07.166		1.25224			4
2024.12.26	16:11:07.468		1.25223			4
2024.12.26	16:11:09.003		1.25224			4
2024.12.26	16:11:09.305		1.25223			4
2024.12.26	16:11:09.611	1.25226	1.25227			6
2024.12.26	16:11:10.523	1.25227	1.25229			6
2024.12.26	16:11:11.448	1.25226	1.25228			6
2024.12.26	16:11:12.059	1.25224	1.25227			6
2024.12.26	16:11:12.361		1.25226			4
2024.12.26	16:11:12.665	1.25225				2
2024.12.26	16:11:12.977		1.25227			4
2024.12.26	16:11:13.887	1.25224	1.25226			6
2024.12.26	16:11:15.102	1.25225				2
2024.12.26	16:11:15.715	1.25224	1.25225			6
2024.12.26	16:11:16.633	1.25223				2
2024.12.26	16:11:17.248	1.25225	1.25226			6
2024.12.26	16:11:17.550	1.25226	1.25227			6
2024.12.26	16:11:17.865	1.25228	1.25229			6
2024.12.26	16:11:18.169	1.25229	1.25231			6
2024.12.26	16:11:18.781	1.25227	1.25230			6
2024.12.26	16:11:20.310	1.25228				2
2024.12.26	16:11:21.526	1.25227	1.25229			6
2024.12.26	16:11:22.747	1.25228	1.25230			6
2024.12.26	16:11:23.350	1.25227	1.25229			6
2024.12.26	16:11:23.672	1.25228	1.25230			6
2024.12.26	16:11:24.281	1.25222	1.25224			6
2024.12.26	16:11:25.202		1.25226			4
2024.12.26	16:11:26.127		1.25225			4
2024.12.26	16:11:26.431	1.25223				2
2024.12.26	16:11:27.042		1.25226			4
2024.12.26	16:11:27.962	1.25222				2
2024.12.26	16:11:29.193		1.25225			4
2024.12.26	16:11:29.495		1.25224			4
2024.12.26	16:11:29.801	1.25225	1.25228			6
2024.12.26	16:11:30.110	1.25226				2
2024.12.26	16:11:31.642		1.25229			4
2024.12.26	16:11:33.174	1.25227				2
2024.12.26	16:11:33.481		1.25230			4
2024.12.26	16:11:34.089	1.25226	1.25229			6
2024.12.26	16:11:35.622	1.25227	1.25230			6
2024.12.26	16:11:35.930	1.25226	1.25229			6
2024.12.26	16:11:37.157	1.25227				2
2024.12.26	16:11:38.074		1.25230			4
2024.12.26	16:11:38.690	1.25226	1.25229			6
2024.12.26	16:11:39.305		1.25228			4
2024.12.26	16:11:39.611	1.25227	1.25229			6
2024.12.26	16:11:40.225	1.25222	1.25224			6
2024.12.26	16:11:41.144	1.25226	1.25228			6
2024.12.26	16:11:42.674	1.25225	1.25227			6
2024.12.26	16:11:42.982		1.25228			4
2024.12.26	16:11:44.513	1.25222	1.25226			6
2024.12.26	16:11:45.734	1.25226	1.25229			6
2024.12.26	16:11:49.107	1.25227				2
2024.12.26	16:11:49.718	1.25226				2
2024.12.26	16:11:50.641	1.25227				2
2024.12.26	16:11:50.952	1.25226				2
2024.12.26	16:11:51.561	1.25227	1.25230			6
2024.12.26	16:11:51.863	1.25226	1.25229			6
2024.12.26	16:11:52.786		1.25228			4
2024.12.26	16:11:53.700	1.25227	1.25229			6
2024.12.26	16:11:54.620	1.25226	1.25228			6
2024.12.26	16:11:54.923	1.25222	1.25225			6
2024.12.26	16:11:55.234		1.25226			4
2024.12.26	16:11:57.078	1.25221	1.25222			6
2024.12.26	16:12:00.147	1.25222	1.25224			6
2024.12.26	16:12:00.454	1.25223	1.25225			6
2024.12.26	16:12:01.680		1.25226			4
2024.12.26	16:12:01.991		1.25225			4
2024.12.26	16:12:02.295		1.25226			4
2024.12.26	16:12:02.603	1.25221	1.25224			6
2024.12.26	16:12:02.908	1.25216	1.25219			6
2024.12.26	16:12:03.214		1.25221			4
2024.12.26	16:12:03.518		1.25220			4
2024.12.26	16:12:03.823	1.25217	1.25219			6
2024.12.26	16:12:05.345		1.25220			4
2024.12.26	16:12:05.651	1.25222	1.25223			6
2024.12.26	16:12:05.958		1.25225			4
2024.12.26	16:12:06.570	1.25224	1.25227			6
2024.12.26	16:12:06.872	1.25228	1.25230			6
2024.12.26	16:12:07.490	1.25227				2
2024.12.26	16:12:08.105	1.25226	1.25228			6
2024.12.26	16:12:09.636	1.25220	1.25222			6
2024.12.26	16:12:09.947	1.25218	1.25221			6
2024.12.26	16:12:10.258	1.25219	1.25222			6
2024.12.26	16:12:15.791	1.25221	1.25224			6
2024.12.26	16:12:17.638	1.25223	1.25227			6
2024.12.26	16:12:17.945	1.25221	1.25224			6
2024.12.26	16:12:20.109	1.25220	1.25225			6
2024.12.26	16:12:20.414	1.25221	1.25226			6
2024.12.26	16:12:21.329		1.25225			4
2024.12.26	16:12:21.636		1.25226			4
2024.12.26	16:12:21.941	1.25220	1.25225			6
2024.12.26	16:12:22.856	1.25221				2
2024.12.26	16:12:23.477	1.25220				2
2024.12.26	16:12:23.786	1.25221	1.25226			6
2024.12.26	16:12:24.090	1.25220	1.25225			6
2024.12.26	16:12:25.326	1.25223	1.25226			6
2024.12.26	16:12:27.784	1.25225	1.25229			6
2024.12.26	16:12:28.088	1.25223	1.25227			6
2024.12.26	16:12:28.401	1.25219	1.25224			6
2024.12.26	16:12:28.703	1.25214	1.25218			6
2024.12.26	16:12:29.323	1.25215	1.25219			6
2024.12.26	16:12:29.941	1.25214	1.25218			6
2024.12.26	16:12:30.250	1.25213	1.25217			6
2024.12.26	16:12:31.479	1.25214	1.25218			6
2024.12.26	16:12:33.942	1.25213				2
2024.12.26	16:12:35.169	1.25211	1.25215			6
2024.12.26	16:12:35.477	1.25208				2
2024.12.26	16:12:36.405	1.25207	1.25213			6
2024.12.26	16:12:37.017	1.25206				2
2024.12.26	16:12:39.168	1.25204	1.25210			6
2024.12.26	16:12:39.479		1.25208			4
2024.12.26	16:12:41.634	1.25205	1.25209			6
2024.12.26	16:12:45.341	1.25204	1.25208			6
2024.12.26	16:12:45.952	1.25201	1.25205			6
2024.12.26	16:12:46.261		1.25208			4
2024.12.26	16:12:46.566		1.25207			4
2024.12.26	16:12:47.181	1.25202	1.25208			6
2024.12.26	16:12:47.783	1.25201				2
2024.12.26	16:12:48.090	1.25202	1.25206			6
2024.12.26	16:12:48.703		1.25208			4
2024.12.26	16:12:49.319		1.25206			4
2024.12.26	16:12:49.622		1.25208			4
2024.12.26	16:12:55.784		1.25206			4
2024.12.26	16:12:57.326	1.25205	1.25208			6
2024.12.26	16:12:57.629	1.25202	1.25206			6
2024.12.26	16:12:58.863		1.25207			4
2024.12.26	16:12:59.167		1.25208			4
2024.12.26	16:13:00.098	1.25202	1.25206			6
2024.12.26	16:13:00.709		1.25205			4
2024.12.26	16:13:01.326	1.25201				2
2024.12.26	16:13:05.305		1.25204			4
2024.12.26	16:13:05.609	1.25197	1.25203			6
2024.12.26	16:13:05.917	1.25198				2
2024.12.26	16:13:06.224	1.25197				2
2024.12.26	16:13:06.529		1.25202			4
2024.12.26	16:13:06.838		1.25203			4
2024.12.26	16:13:07.139	1.25199	1.25205			6
2024.12.26	16:13:08.064	1.25197	1.25203			6
2024.12.26	16:13:09.291		1.25202			4
2024.12.26	16:13:10.213	1.25198	1.25203			6
2024.12.26	16:13:10.825	1.25197	1.25202			6
2024.12.26	16:13:11.132	1.25193	1.25197			6
2024.12.26	16:13:12.358	1.25195	1.25198			6
2024.12.26	16:13:12.967	1.25194				2
2024.12.26	16:13:14.500		1.25197			4
2024.12.26	16:13:15.724	1.25192				2
2024.12.26	16:13:16.037		1.25196			4
2024.12.26	16:13:16.950	1.25193				2
2024.12.26	16:13:17.566	1.25191				2
2024.12.26	16:13:17.867	1.25190	1.25195			6
2024.12.26	16:13:19.399		1.25194			4
2024.12.26	16:13:19.710	1.25192	1.25195			6
2024.12.26	16:13:20.317	1.25193	1.25196			6
2024.12.26	16:13:20.928	1.25192				2
2024.12.26	16:13:21.235	1.25193	1.25197			6
2024.12.26	16:13:21.539		1.25196			4
2024.12.26	16:13:24.289		1.25195			4
2024.12.26	16:13:28.880		1.25196			4
2024.12.26	16:13:29.182	1.25194				2
2024.12.26	16:13:29.487	1.25193	1.25195			6
2024.12.26	16:13:30.396	1.25194	1.25196			6
2024.12.26	16:13:30.701	1.25195	1.25197			6
2024.12.26	16:13:31.007		1.25198			4
2024.12.26	16:13:34.377		1.25197			4
2024.12.26	16:13:34.987		1.25198			4
2024.12.26	16:13:35.289		1.25197			4
2024.12.26	16:13:35.594	1.25194				2
2024.12.26	16:13:36.206		1.25196			4
2024.12.26	16:13:36.508	1.25193	1.25194			6
2024.12.26	16:13:37.120	1.25192	1.25193			6
2024.12.26	16:13:37.729	1.25191	1.25192			6
2024.12.26	16:13:38.037		1.25193			4
2024.12.26	16:13:38.947	1.25189	1.25191			6
2024.12.26	16:13:39.253	1.25192	1.25193			6
2024.12.26	16:13:39.561	1.25194	1.25195			6
2024.12.26	16:13:39.862	1.25193				2
2024.12.26	16:13:40.165	1.25192	1.25193			6
2024.12.26	16:13:40.477		1.25194			4
2024.12.26	16:13:44.453	1.25193	1.25195			6
2024.12.26	16:13:46.895	1.25192	1.25193			6
2024.12.26	16:13:51.165	1.25191	1.25192			6
2024.12.26	16:13:52.077	1.25193	1.25195			6
2024.12.26	16:13:53.302	1.25192	1.25193			6
2024.12.26	16:13:54.221	1.25190	1.25192			6
2024.12.26	16:13:54.523	1.25188	1.25190			6
2024.12.26	16:13:57.896	1.25189				2
2024.12.26	16:13:58.200	1.25187	1.25189			6
2024.12.26	16:14:00.034	1.25187				2
2024.12.26	16:14:00.335	1.25186	1.25188			6
2024.12.26	16:14:00.638	1.25187	1.25189			6
2024.12.26	16:14:01.244	1.25186	1.25188			6
2024.12.26	16:14:01.857	1.25187	1.25189			6
2024.12.26	16:14:02.164		1.25188			4
2024.12.26	16:14:02.468	1.25186				2
2024.12.26	16:14:02.773	1.25187	1.25189			6
2024.12.26	16:14:03.094	1.25186	1.25188			6
2024.12.26	16:14:04.007	1.25187				2
2024.12.26	16:14:04.310	1.25186				2
2024.12.26	16:14:04.615	1.25185	1.25187			6
2024.12.26	16:14:05.229	1.25184	1.25186			6
2024.12.26	16:14:05.535	1.25185	1.25187			6
2024.12.26	16:14:06.149	1.25184	1.25186			6
2024.12.26	16:14:06.452	1.25183	1.25185			6
2024.12.26	16:14:08.582	1.25184	1.25186			6
2024.12.26	16:14:09.194	1.25187	1.25189			6
2024.12.26	16:14:09.805	1.25191	1.25192			6
2024.12.26	16:14:10.723		1.25193			4
2024.12.26	16:14:11.025	1.25192	1.25194			6
2024.12.26	16:14:13.168	1.25191	1.25192			6
2024.12.26	16:14:13.469		1.25193			4
2024.12.26	16:14:13.773	1.25193	1.25194			6
2024.12.26	16:14:14.085	1.25191	1.25193			6
2024.12.26	16:14:14.389	1.25192	1.25194			6
2024.12.26	16:14:15.003	1.25194	1.25195			6
2024.12.26	16:14:15.312		1.25196			4
2024.12.26	16:14:16.228	1.25193				2
2024.12.26	16:14:16.838	1.25194	1.25197			6
2024.12.26	16:14:17.139	1.25195				2
2024.12.26	16:14:17.442	1.25205	1.25206			6
2024.12.26	16:14:17.744	1.25206	1.25209			6
2024.12.26	16:14:18.351		1.25210			4
2024.12.26	16:14:19.275	1.25205	1.25208			6
2024.12.26	16:14:19.582	1.25204				2
2024.12.26	16:14:20.200		1.25207			4
2024.12.26	16:14:26.660	1.25202	1.25208			6
2024.12.26	16:14:27.578	1.25205				2
2024.12.26	16:14:30.035	1.25203	1.25206			6
2024.12.26	16:14:30.344	1.25202	1.25208			6
2024.12.26	16:14:30.646		1.25207			4
2024.12.26	16:14:30.950	1.25204				2
2024.12.26	16:14:36.756		1.25206			4
2024.12.26	16:14:39.519		1.25208			4
2024.12.26	16:14:40.432	1.25205				2
2024.12.26	16:14:40.739	1.25202	1.25206			6
2024.12.26	16:14:41.352	1.25204	1.25207			6
2024.12.26	16:14:41.658	1.25205	1.25208			6
2024.12.26	16:14:43.503	1.25206	1.25209			6
2024.12.26	16:14:46.261	1.25205	1.25207			6
2024.12.26	16:14:48.100	1.25206	1.25209			6
2024.12.26	16:14:48.711		1.25208			4
2024.12.26	16:14:50.545		1.25209			4
2024.12.26	16:14:53.300	1.25212	1.25214			6
2024.12.26	16:14:53.605	1.25211	1.25213			6
2024.12.26	16:14:53.913		1.25212			4
2024.12.26	16:14:54.221		1.25213			4
2024.12.26	16:14:54.527	1.25206	1.25210			6
2024.12.26	16:14:56.368		1.25211			4
2024.12.26	16:14:57.282		1.25210			4
2024.12.26	16:14:58.814	1.25204	1.25208			6
2024.12.26	16:14:59.120	1.25203	1.25207			6
2024.12.26	16:15:00.035	1.25205				2
2024.12.26	16:15:00.647		1.25206			4
2024.12.26	16:15:00.956		1.25207			4
2024.12.26	16:15:02.180		1.25206			4
2024.12.26	16:15:02.795		1.25207			4
2024.12.26	16:15:06.778		1.25208			4
2024.12.26	16:15:08.297	1.25206	1.25207			6
2024.12.26	16:15:08.603		1.25208			4
2024.12.26	16:15:08.907	1.25202	1.25204			6
2024.12.26	16:15:11.355	1.25201				2
2024.12.26	16:15:11.968	1.25202				2
2024.12.26	16:15:12.281	1.25203				2
2024.12.26	16:15:12.888		1.25205			4
2024.12.26	16:15:13.512		1.25206			4
2024.12.26	16:15:13.816	1.25205	1.25207			6
2024.12.26	16:15:15.663	1.25204	1.25206			6
2024.12.26	16:15:15.968	1.25205	1.25207			6
2024.12.26	16:15:17.197		1.25206			4
2024.12.26	16:15:17.805	1.25204				2
2024.12.26	16:15:19.029	1.25205				2
2024.12.26	16:15:21.460	1.25204				2
2024.12.26	16:15:22.679	1.25203	1.25205			6
2024.12.26	16:15:22.984	1.25205	1.25207			6
2024.12.26	16:15:27.270	1.25206	1.25208			6
2024.12.26	16:15:34.267	1.25205	1.25207			6
2024.12.26	16:15:36.099	1.25204	1.25206			6
2024.12.26	16:15:38.546	1.25202	1.25204			6
2024.12.26	16:15:44.060	1.25184	1.25186			6
2024.12.26	16:15:44.675	1.25187	1.25188			6
2024.12.26	16:15:44.976	1.25185	1.25186			6
2024.12.26	16:15:45.283		1.25188			4
2024.12.26	16:15:49.283	1.25183	1.25187			6
2024.12.26	16:15:49.586	1.25182	1.25185			6
2024.12.26	16:15:52.981	1.25183	1.25186			6
2024.12.26	16:15:53.286	1.25180	1.25185			6
2024.12.26	16:15:53.596	1.25182	1.25186			6
2024.12.26	16:15:53.907		1.25185			4
2024.12.26	16:15:54.214		1.25186			4
2024.12.26	16:15:55.443		1.25185			4
2024.12.26	16:15:56.662	1.25183	1.25186			6
2024.12.26	16:15:56.963	1.25182				2
2024.12.26	16:15:59.110	1.25178	1.25184			6
2024.12.26	16:15:59.419	1.25181	1.25186			6
2024.12.26	16:16:00.032	1.25180	1.25185			6
2024.12.26	16:16:00.953	1.25181				2
2024.12.26	16:16:01.259		1.25186			4
2024.12.26	16:16:04.015	1.25183	1.25188			6
2024.12.26	16:16:04.323	1.25182				2
2024.12.26	16:16:04.624	1.25184				2
2024.12.26	16:16:05.557	1.25185				2
2024.12.26	16:16:11.075	1.25184	1.25187			6
2024.12.26	16:16:11.383	1.25182	1.25185			6
2024.12.26	16:16:11.686		1.25187			4
2024.12.26	16:16:12.922	1.25184				2
2024.12.26	16:16:14.143	1.25185	1.25188			6
2024.12.26	16:16:14.766	1.25188	1.25191			6
2024.12.26	16:16:15.378	1.25187	1.25190			6
2024.12.26	16:16:16.002	1.25188	1.25191			6
2024.12.26	16:16:17.535	1.25186	1.25192			6
2024.12.26	16:16:18.761	1.25185	1.25189			6
2024.12.26	16:16:19.070	1.25186				2
2024.12.26	16:16:21.823		1.25192			4
2024.12.26	16:16:22.127		1.25190			4
2024.12.26	16:16:24.277		1.25189			4
2024.12.26	16:16:35.646	1.25187	1.25190			6
2024.12.26	16:16:35.952		1.25189			4
2024.12.26	16:16:36.260	1.25186				2
2024.12.26	16:16:36.566	1.25187				2
2024.12.26	16:16:37.791	1.25185	1.25190			6
2024.12.26	16:16:38.097	1.25186	1.25189			6
2024.12.26	16:16:40.550	1.25187	1.25190			6
2024.12.26	16:16:41.164	1.25186	1.25189			6
2024.12.26	16:16:42.389	1.25185	1.25188			6
2024.12.26	16:16:43.304	1.25174	1.25179			6
2024.12.26	16:16:43.606	1.25175	1.25178			6
2024.12.26	16:16:44.840	1.25174				2
2024.12.26	16:16:45.148	1.25175	1.25179			6
2024.12.26	16:16:45.456	1.25176				2
2024.12.26	16:16:47.924		1.25180			4
2024.12.26	16:16:48.233		1.25181			4
2024.12.26	16:16:51.319	1.25175				2
2024.12.26	16:16:51.625		1.25179			4
2024.12.26	16:16:54.402		1.25178			4
2024.12.26	16:17:00.233	1.25175				2
2024.12.26	16:17:01.763	1.25173	1.25176			6
2024.12.26	16:17:02.065	1.25172	1.25178			6
2024.12.26	16:17:05.138	1.25176	1.25179			6
2024.12.26	16:17:08.806	1.25181	1.25184			6
2024.12.26	16:17:09.111	1.25177	1.25183			6
2024.12.26	16:17:09.722	1.25176	1.25179			6
2024.12.26	16:17:11.861	1.25174	1.25177			6
2024.12.26	16:17:12.168	1.25172	1.25178			6
2024.12.26	16:17:14.020	1.25173				2
2024.12.26	16:17:14.327	1.25172				2
2024.12.26	16:17:14.944		1.25176			4
2024.12.26	16:17:21.380	1.25174				2
2024.12.26	16:17:21.691	1.25176	1.25177			6
2024.12.26	16:17:21.997		1.25178			4
2024.12.26	16:17:22.918		1.25177			4
2024.12.26	16:17:25.681		1.25179			4
2024.12.26	16:17:28.130		1.25178			4
2024.12.26	16:17:30.884	1.25173	1.25176			6
2024.12.26	16:17:31.189	1.25171	1.25175			6
2024.12.26	16:17:31.500	1.25170	1.25173			6
2024.12.26	16:17:32.111	1.25171				2
2024.12.26	16:17:32.420	1.25172	1.25174			6
2024.12.26	16:17:32.723	1.25165	1.25169			6
2024.12.26	16:17:33.026	1.25166				2
2024.12.26	16:17:34.561	1.25165				2
2024.12.26	16:17:34.866	1.25166				2
2024.12.26	16:17:35.180	1.25165	1.25168			6
2024.12.26	16:17:36.099	1.25162	1.25167			6
2024.12.26	16:17:37.022	1.25165	1.25168			6
2024.12.26	16:17:37.330	1.25166				2
2024.12.26	16:17:37.941	1.25165				2
2024.12.26	16:17:41.014	1.25167	1.25170			6
2024.12.26	16:17:41.322	1.25163	1.25168			6
2024.12.26	16:17:41.935		1.25166			4
2024.12.26	16:17:42.236		1.25168			4
2024.12.26	16:17:42.840	1.25164				2
2024.12.26	16:17:43.773		1.25167			4
2024.12.26	16:17:44.083	1.25163				2
2024.12.26	16:17:44.390		1.25168			4
2024.12.26	16:17:44.701	1.25165	1.25169			6
2024.12.26	16:17:45.936	1.25166				2
2024.12.26	16:17:46.244	1.25165				2
2024.12.26	16:17:46.853	1.25166				2
2024.12.26	16:17:47.460	1.25165	1.25167			6
2024.12.26	16:17:47.766	1.25164				2
2024.12.26	16:17:48.678	1.25166	1.25168			6
2024.12.26	16:17:48.979	1.25165				2
2024.12.26	16:17:50.206	1.25166	1.25169			6
2024.12.26	16:17:52.969		1.25168			4
2024.12.26	16:17:55.406	1.25167				2
2024.12.26	16:17:56.929	1.25166				2
2024.12.26	16:17:58.154	1.25167	1.25169			6
2024.12.26	16:17:58.458		1.25168			4
2024.12.26	16:18:00.301	1.25167				2
2024.12.26	16:18:00.913		1.25169			4
2024.12.26	16:18:05.808		1.25168			4
2024.12.26	16:18:08.241		1.25169			4
2024.12.26	16:18:10.378		1.25168			4
2024.12.26	16:18:11.290	1.25166				2
2024.12.26	16:18:11.592	1.25167	1.25169			6
2024.12.26	16:18:11.901	1.25168				2
2024.12.26	16:18:14.043	1.25166	1.25168			6
2024.12.26	16:18:14.345	1.25167				2
2024.12.26	16:18:14.650	1.25168	1.25169			6
2024.12.26	16:18:15.262	1.25167	1.25168			6
2024.12.26	16:18:17.416	1.25168	1.25170			6
2024.12.26	16:18:22.312		1.25169			4
2024.12.26	16:18:24.152		1.25170			4
2024.12.26	16:18:25.070		1.25169			4
2024.12.26	16:18:26.904	1.25164	1.25165			6
2024.12.26	16:18:27.822	1.25165	1.25167			6
2024.12.26	16:18:28.131	1.25166	1.25168			6
2024.12.26	16:18:29.957	1.25165	1.25167			6
2024.12.26	16:18:31.181	1.25166	1.25168			6
2024.12.26	16:18:31.486	1.25167	1.25169			6
2024.12.26	16:18:33.925	1.25168	1.25170			6
2024.12.26	16:18:34.240		1.25169			4
2024.12.26	16:18:34.849		1.25170			4
2024.12.26	16:18:36.064	1.25167	1.25169			6
2024.12.26	16:18:38.495	1.25166	1.25168			6
2024.12.26	16:18:40.342	1.25167				2
2024.12.26	16:18:41.255		1.25169			4
2024.12.26	16:18:43.086	1.25169	1.25171			6
2024.12.26	16:18:44.609	1.25175	1.25177			6
2024.12.26	16:18:44.917	1.25174	1.25176			6
2024.12.26	16:18:45.528	1.25172	1.25173			6
2024.12.26	16:18:45.837	1.25169	1.25171			6
2024.12.26	16:18:50.738	1.25177	1.25178			6
2024.12.26	16:18:51.353		1.25179			4
2024.12.26	16:18:52.264	1.25176				2
2024.12.26	16:18:56.265	1.25175	1.25178			6
2024.12.26	16:18:56.566	1.25176	1.25179			6
2024.12.26	16:18:57.482	1.25175	1.25178			6
2024.12.26	16:18:57.785	1.25172				2
2024.12.26	16:18:58.403	1.25173	1.25177			6
2024.12.26	16:18:59.326	1.25176	1.25179			6
2024.12.26	16:18:59.633	1.25175	1.25178			6
2024.12.26	16:19:00.253	1.25175				2
2024.12.26	16:19:01.484	1.25173				2
2024.12.26	16:19:03.322	1.25175				2
2024.12.26	16:19:03.626	1.25174				2
2024.12.26	16:19:04.559	1.25173				2
2024.12.26	16:19:05.172	1.25174				2
2024.12.26	16:19:06.402	1.25173	1.25177			6
2024.12.26	16:19:08.258		1.25176			4
2024.12.26	16:19:08.862	1.25174	1.25177			6
2024.12.26	16:19:10.096	1.25176	1.25178			6
2024.12.26	16:19:22.624	1.25173	1.25175			6
2024.12.26	16:19:24.765	1.25174	1.25176			6
2024.12.26	16:19:27.521	1.25175	1.25177			6
2024.12.26	16:19:27.823	1.25176	1.25178			6
2024.12.26	16:19:29.978	1.25177				2
2024.12.26	16:19:31.197		1.25179			4
2024.12.26	16:19:36.090		1.25178			4
2024.12.26	16:19:40.981	1.25176				2
2024.12.26	16:19:41.283	1.25177	1.25179			6
2024.12.26	16:19:48.304	1.25178				2
2024.12.26	16:19:48.613	1.25177				2
2024.12.26	16:20:00.201	1.25177				2
2024.12.26	16:20:00.508	1.25176	1.25178			6
2024.12.26	16:20:01.123	1.25177				2
2024.12.26	16:20:05.085	1.25174	1.25176			6
2024.12.26	16:20:05.391	1.25173	1.25175			6
2024.12.26	16:20:06.616	1.25174	1.25176			6
2024.12.26	16:20:09.973	1.25175	1.25177			6
2024.12.26	16:20:10.274	1.25174	1.25176			6
2024.12.26	16:20:13.340	1.25175	1.25177			6
2024.12.26	16:20:13.949	1.25174	1.25176			6
2024.12.26	16:20:14.262	1.25175	1.25177			6
2024.12.26	16:20:14.877	1.25174	1.25176			6
2024.12.26	16:20:15.186	1.25175	1.25177			6
2024.12.26	16:20:15.794	1.25176	1.25178			6
2024.12.26	16:20:16.096	1.25178	1.25180			6
2024.12.26	16:20:20.698	1.25179	1.25181			6
2024.12.26	16:20:26.212	1.25187	1.25188			6
2024.12.26	16:20:26.522	1.25186	1.25187			6
2024.12.26	16:20:27.440		1.25188			4
2024.12.26	16:20:27.746		1.25187			4
2024.12.26	16:20:28.970	1.25187	1.25188			6
2024.12.26	16:20:29.280	1.25186	1.25187			6
2024.12.26	16:20:29.888	1.25188	1.25189			6
2024.12.26	16:20:30.193		1.25190			4
2024.12.26	16:20:30.803		1.25189			4
2024.12.26	16:20:31.104	1.25186	1.25188			6
2024.12.26	16:20:31.410		1.25187			4
2024.12.26	16:20:32.336	1.25185	1.25188			6
2024.12.26	16:20:33.561	1.25186	1.25189			6
2024.12.26	16:20:34.486		1.25188			4
2024.12.26	16:20:35.415	1.25185				2
2024.12.26	16:20:37.255	1.25186				2
2024.12.26	16:20:41.250	1.25187				2
2024.12.26	16:20:42.165	1.25183	1.25185			6
2024.12.26	16:20:42.782	1.25184				2
2024.12.26	16:20:43.088	1.25183	1.25187			6
2024.12.26	16:20:43.395	1.25185	1.25189			6
2024.12.26	16:20:43.697		1.25186			4
2024.12.26	16:20:44.003	1.25183				2
2024.12.26	16:20:46.150	1.25184				2
2024.12.26	16:20:47.379		1.25187			4
2024.12.26	16:20:47.683		1.25186			4
2024.12.26	16:20:47.985		1.25187			4
2024.12.26	16:20:48.606		1.25186			4
2024.12.26	16:20:48.910		1.25187			4
2024.12.26	16:20:49.520		1.25186			4
2024.12.26	16:20:49.826		1.25187			4
2024.12.26	16:20:50.127	1.25185	1.25186			6
2024.12.26	16:20:50.443	1.25184				2
2024.12.26	16:20:51.658		1.25187			4
2024.12.26	16:20:52.584		1.25186			4
2024.12.26	16:20:54.105	1.25185				2
2024.12.26	16:20:54.716		1.25187			4
2024.12.26	16:20:55.946	1.25186	1.25188			6
2024.12.26	16:21:00.232	1.25186				2
2024.12.26	16:21:02.371	1.25185	1.25187			6
2024.12.26	16:21:02.677	1.25188	1.25190			6
2024.12.26	16:21:06.041	1.25187	1.25188			6
2024.12.26	16:21:10.622	1.25185	1.25187			6
2024.12.26	16:21:10.927	1.25186	1.25188			6
2024.12.26	16:21:12.752	1.25187				2
2024.12.26	16:21:14.278	1.25188	1.25190			6
2024.12.26	16:21:14.890		1.25189			4
2024.12.26	16:21:19.771	1.25187	1.25188			6
2024.12.26	16:21:27.739	1.25186				2
2024.12.26	16:21:28.653	1.25185	1.25187			6
2024.12.26	16:21:29.873	1.25186	1.25188			6
2024.12.26	16:21:32.027	1.25185	1.25187			6
2024.12.26	16:21:32.638	1.25186	1.25188			6
2024.12.26	16:21:33.255	1.25185	1.25187			6
2024.12.26	16:21:34.183	1.25186	1.25188			6
2024.12.26	16:21:44.911	1.25184	1.25186			6
2024.12.26	16:21:45.218	1.25185	1.25187			6
2024.12.26	16:21:45.525	1.25183	1.25185			6
2024.12.26	16:21:50.419	1.25182	1.25184			6
2024.12.26	16:21:50.729	1.25183				2
2024.12.26	16:21:51.032	1.25182				2
2024.12.26	16:21:51.960	1.25183				2
2024.12.26	16:21:52.265	1.25182				2
2024.12.26	16:21:52.569	1.25181	1.25182			6
2024.12.26	16:21:52.872	1.25179	1.25181			6
2024.12.26	16:21:55.025	1.25182	1.25184			6
2024.12.26	16:21:57.477	1.25183				2
2024.12.26	16:21:57.786	1.25185	1.25187			6
2024.12.26	16:21:59.326	1.25186	1.25188			6
2024.12.26	16:22:00.247	1.25186				2
2024.12.26	16:22:01.166	1.25185	1.25187			6
2024.12.26	16:22:01.778	1.25186	1.25188			6
2024.12.26	16:22:09.129	1.25185	1.25187			6
2024.12.26	16:22:09.436	1.25186	1.25188			6
2024.12.26	16:22:14.658	1.25187	1.25189			6
2024.12.26	16:22:14.964	1.25188				2
2024.12.26	16:22:18.951	1.25187				2
2024.12.26	16:22:19.265	1.25186	1.25188			6
2024.12.26	16:22:20.181		1.25187			4
2024.12.26	16:22:20.488	1.25187	1.25188			6
2024.12.26	16:22:22.627	1.25184	1.25186			6
2024.12.26	16:22:25.399	1.25185				2
2024.12.26	16:22:26.317	1.25184				2
2024.12.26	16:22:26.931	1.25185	1.25187			6
2024.12.26	16:22:27.245	1.25184	1.25186			6
2024.12.26	16:22:28.157	1.25185	1.25187			6
2024.12.26	16:22:28.774	1.25186	1.25188			6
2024.12.26	16:22:32.753	1.25187	1.25189			6
2024.12.26	16:22:33.064	1.25188	1.25190			6
2024.12.26	16:22:35.205	1.25187	1.25189			6
2024.12.26	16:22:35.513	1.25186	1.25188			6
2024.12.26	16:22:36.731	1.25187	1.25189			6
2024.12.26	16:22:37.957	1.25188	1.25190			6
2024.12.26	16:22:54.229	1.25187	1.25189			6
2024.12.26	16:22:54.537	1.25188	1.25190			6
2024.12.26	16:22:55.460	1.25184	1.25186			6
2024.12.26	16:22:59.752	1.25185	1.25187			6
2024.12.26	16:23:00.054	1.25185				2
2024.12.26	16:23:00.665	1.25184	1.25186			6
2024.12.26	16:23:02.198	1.25183	1.25185			6
2024.12.26	16:23:03.124	1.25182	1.25184			6
2024.12.26	16:23:04.043	1.25183	1.25185			6
2024.12.26	16:23:04.348	1.25176	1.25178			6
2024.12.26	16:23:04.655	1.25177	1.25179			6
2024.12.26	16:23:05.265	1.25175	1.25180			6
2024.12.26	16:23:05.880	1.25177	1.25181			6
2024.12.26	16:23:07.111	1.25178	1.25183			6
2024.12.26	16:23:10.805	1.25177	1.25182			6
2024.12.26	16:23:11.113		1.25181			4
2024.12.26	16:23:12.645	1.25178	1.25182			6
2024.12.26	16:23:13.872	1.25174	1.25178			6
2024.12.26	16:23:15.406	1.25173				2
2024.12.26	16:23:16.326	1.25174				2
2024.12.26	16:23:21.239		1.25177			4
2024.12.26	16:23:22.155	1.25172	1.25176			6
2024.12.26	16:23:22.771		1.25175			4
2024.12.26	16:23:24.304	1.25171	1.25174			6
2024.12.26	16:23:25.220	1.25172				2
2024.12.26	16:23:29.203		1.25173			4
2024.12.26	16:23:31.041	1.25173	1.25174			6
2024.12.26	16:23:31.343		1.25175			4
2024.12.26	16:23:32.263		1.25176			4
2024.12.26	16:23:32.876	1.25172	1.25174			6
2024.12.26	16:23:33.489	1.25173				2
2024.12.26	16:23:33.797		1.25175			4
2024.12.26	16:23:35.623		1.25176			4
2024.12.26	16:23:35.928	1.25174				2
2024.12.26	16:23:37.450		1.25177			4
2024.12.26	16:23:38.369		1.25176			4
2024.12.26	16:23:38.672	1.25175	1.25177			6
2024.12.26	16:23:39.590	1.25174				2
2024.12.26	16:23:44.180	1.25175				2
2024.12.26	16:23:45.407	1.25174	1.25176			6
2024.12.26	16:23:46.318	1.25175	1.25177			6
2024.12.26	16:23:47.232	1.25174	1.25176			6
2024.12.26	16:23:48.144	1.25175	1.25177			6
2024.12.26	16:23:49.055	1.25174	1.25176			6
2024.12.26	16:23:51.802	1.25172	1.25174			6
2024.12.26	16:23:52.106	1.25173				2
2024.12.26	16:23:52.412		1.25175			4
2024.12.26	16:23:53.023	1.25174				2
2024.12.26	16:23:53.929		1.25176			4
2024.12.26	16:23:54.537	1.25172	1.25174			6
2024.12.26	16:23:54.845		1.25173			4
2024.12.26	16:23:56.379	1.25169	1.25171			6
2024.12.26	16:23:57.606		1.25172			4
2024.12.26	16:23:58.214		1.25171			4
2024.12.26	16:23:59.433	1.25168	1.25170			6
2024.12.26	16:24:00.043	1.25168				2
2024.12.26	16:24:02.784	1.25165	1.25167			6
2024.12.26	16:24:03.084	1.25164	1.25166			6
2024.12.26	16:24:03.387	1.25163	1.25165			6
2024.12.26	16:24:04.295		1.25166			4
2024.12.26	16:24:04.918	1.25164	1.25167			6
2024.12.26	16:24:05.223		1.25166			4
2024.12.26	16:24:09.217	1.25166	1.25169			6
2024.12.26	16:24:10.136		1.25170			4
2024.12.26	16:24:10.449	1.25165				2
2024.12.26	16:24:11.371		1.25169			4
2024.12.26	16:24:15.980	1.25166				2
2024.12.26	16:24:17.820	1.25165	1.25168			6
2024.12.26	16:24:20.885	1.25164	1.25166			6
2024.12.26	16:24:23.022	1.25165	1.25167			6
2024.12.26	16:24:26.087		1.25168			4
2024.12.26	16:24:26.396		1.25167			4
2024.12.26	16:24:27.312		1.25168			4
2024.12.26	16:24:34.336	1.25166				2
2024.12.26	16:24:35.565		1.25167			4
2024.12.26	16:24:40.149	1.25165				2
2024.12.26	16:24:47.170	1.25167	1.25168			6
2024.12.26	16:24:47.479	1.25168	1.25170			6
2024.12.26	16:24:49.002	1.25175	1.25177			6
2024.12.26	16:24:49.306	1.25183	1.25184			6
2024.12.26	16:24:49.612	1.25184	1.25185			6
2024.12.26	16:24:49.921		1.25186			4
2024.12.26	16:24:50.227		1.25189			4
2024.12.26	16:24:51.457	1.25183				2
2024.12.26	16:24:52.073	1.25180	1.25186			6
2024.12.26	16:24:54.532		1.25185			4
2024.12.26	16:24:56.999	1.25181	1.25187			6
2024.12.26	16:24:57.306		1.25188			4
2024.12.26	16:24:57.613	1.25182				2
2024.12.26	16:24:57.922		1.25189			4
2024.12.26	16:24:58.230		1.25188			4
2024.12.26	16:24:59.460	1.25183				2
2024.12.26	16:24:59.767	1.25181	1.25186			6
2024.12.26	16:25:00.076	1.25181				2
2024.12.26	16:25:00.688	1.25182	1.25187			6
2024.12.26	16:25:01.927	1.25181	1.25186			6
2024.12.26	16:25:04.064	1.25180	1.25187			6
2024.12.26	16:25:04.684	1.25181				2
2024.12.26	16:25:04.990	1.25180				2
2024.12.26	16:25:05.296	1.25182				2
2024.12.26	16:25:07.448		1.25188			4
2024.12.26	16:25:07.749	1.25185	1.25191			6
2024.12.26	16:25:08.676		1.25190			4
2024.12.26	16:25:09.899		1.25189			4
2024.12.26	16:25:14.191		1.25190			4
2024.12.26	16:25:14.499		1.25192			4
2024.12.26	16:25:20.661		1.25191			4
2024.12.26	16:25:20.966		1.25190			4
2024.12.26	16:25:21.577		1.25191			4
2024.12.26	16:25:23.118		1.25190			4
2024.12.26	16:25:25.577		1.25191			4
2024.12.26	16:25:29.271	1.25184				2
2024.12.26	16:25:29.880	1.25185				2
2024.12.26	16:25:30.196		1.25190			4
2024.12.26	16:25:33.265	1.25181	1.25187			6
2024.12.26	16:25:33.886		1.25188			4
2024.12.26	16:25:35.428	1.25182				2
2024.12.26	16:25:39.126		1.25187			4
2024.12.26	16:25:40.357	1.25184	1.25189			6
2024.12.26	16:25:40.664		1.25191			4
2024.12.26	16:25:43.132		1.25190			4
2024.12.26	16:25:44.985		1.25191			4
2024.12.26	16:25:46.219	1.25185	1.25192			6
2024.12.26	16:25:46.525		1.25191			4
2024.12.26	16:25:46.827		1.25189			4
2024.12.26	16:25:47.140	1.25184				2
2024.12.26	16:25:47.447		1.25190			4
2024.12.26	16:25:47.757		1.25189			4
2024.12.26	16:25:48.061		1.25190			4
2024.12.26	16:25:48.367		1.25189			4
2024.12.26	16:25:52.671		1.25188			4
2024.12.26	16:25:53.595		1.25190			4
2024.12.26	16:25:53.907		1.25189			4
2024.12.26	16:25:58.833		1.25188			4
2024.12.26	16:25:59.140		1.25187			4
2024.12.26	16:26:00.061	1.25184				2
2024.12.26	16:26:00.366	1.25182	1.25184			6
2024.12.26	16:26:01.293		1.25185			4
2024.12.26	16:26:02.211	1.25174	1.25179			6
2024.12.26	16:26:02.520	1.25173	1.25178			6
2024.12.26	16:26:03.137		1.25179			4
2024.12.26	16:26:07.127		1.25178			4
2024.12.26	16:26:10.808	1.25172				2
2024.12.26	16:26:11.736		1.25179			4
2024.12.26	16:26:12.352		1.25178			4
2024.12.26	16:26:13.268	1.25170	1.25176			6
2024.12.26	16:26:13.574	1.25171	1.25175			6
2024.12.26	16:26:14.186	1.25169	1.25174			6
2024.12.26	16:26:14.492	1.25165	1.25170			6
2024.12.26	16:26:15.726		1.25171			4
2024.12.26	16:26:18.189	1.25168	1.25174			6
2024.12.26	16:26:18.799	1.25169				2
2024.12.26	16:26:19.105	1.25168				2
2024.12.26	16:26:24.633	1.25165	1.25171			6
2024.12.26	16:26:24.941	1.25166				2
2024.12.26	16:26:25.250	1.25165	1.25172			6
2024.12.26	16:26:26.170		1.25171			4
2024.12.26	16:26:26.480	1.25166				2
2024.12.26	16:26:27.394		1.25172			4
2024.12.26	16:26:28.320		1.25171			4
2024.12.26	16:26:30.476		1.25172			4
2024.12.26	16:26:31.095		1.25171			4
2024.12.26	16:26:34.168		1.25170			4
2024.12.26	16:26:34.786	1.25165	1.25168			6
2024.12.26	16:26:38.481		1.25169			4
2024.12.26	16:26:42.189		1.25168			4
2024.12.26	16:26:43.730	1.25163	1.25167			6
2024.12.26	16:26:44.353		1.25166			4
2024.12.26	16:26:45.585	1.25161	1.25165			6
2024.12.26	16:26:46.507	1.25165	1.25167			6
2024.12.26	16:26:46.811	1.25164	1.25168			6
2024.12.26	16:26:47.123		1.25169			4
2024.12.26	16:26:48.661	1.25165				2
2024.12.26	16:26:49.279		1.25168			4
2024.12.26	16:26:50.825		1.25167			4
2024.12.26	16:26:51.130	1.25164	1.25168			6
2024.12.26	16:26:51.436		1.25167			4
2024.12.26	16:26:51.738	1.25162				2
2024.12.26	16:26:52.969	1.25160	1.25166			6
2024.12.26	16:26:53.895	1.25161	1.25167			6
2024.12.26	16:26:54.507	1.25164				2
2024.12.26	16:26:54.814	1.25162				2
2024.12.26	16:26:57.285		1.25166			4
2024.12.26	16:26:58.201	1.25163				2
2024.12.26	16:26:58.507	1.25162				2
2024.12.26	16:27:00.033	1.25162				2
2024.12.26	16:27:02.783	1.25163				2
2024.12.26	16:27:03.088	1.25164	1.25167			6
2024.12.26	16:27:03.396		1.25168			4
2024.12.26	16:27:03.703		1.25169			4
2024.12.26	16:27:04.010		1.25168			4
2024.12.26	16:27:04.928	1.25165	1.25169			6
2024.12.26	16:27:05.231		1.25168			4
2024.12.26	16:27:07.687	1.25166	1.25171			6
2024.12.26	16:27:07.997		1.25169			4
2024.12.26	16:27:08.608	1.25165	1.25168			6
2024.12.26	16:27:11.357	1.25164				2
2024.12.26	16:27:13.172		1.25167			4
2024.12.26	16:27:15.925	1.25163	1.25166			6
2024.12.26	16:27:16.229	1.25162	1.25165			6
2024.12.26	16:27:16.540	1.25164	1.25166			6
2024.12.26	16:27:17.144	1.25163				2
2024.12.26	16:27:17.757		1.25165			4
2024.12.26	16:27:18.676		1.25166			4
2024.12.26	16:27:18.979	1.25164	1.25167			6
2024.12.26	16:27:19.285	1.25163	1.25166			6
2024.12.26	16:27:19.595	1.25164	1.25167			6
2024.12.26	16:27:21.111	1.25163	1.25166			6
2024.12.26	16:27:21.415	1.25164	1.25167			6
2024.12.26	16:27:22.340	1.25163	1.25166			6
2024.12.26	16:27:22.954	1.25164	1.25167			6
2024.12.26	16:27:25.078	1.25163	1.25165			6
2024.12.26	16:27:25.387	1.25156	1.25159			6
2024.12.26	16:27:26.002	1.25155	1.25158			6
2024.12.26	16:27:26.302	1.25157	1.25160			6
2024.12.26	16:27:30.299		1.25161			4
2024.12.26	16:27:32.136		1.25160			4
2024.12.26	16:27:37.947		1.25159			4
2024.12.26	16:27:41.928	1.25163	1.25167			6
2024.12.26	16:27:42.233	1.25160	1.25166			6
2024.12.26	16:27:43.161	1.25161				2
2024.12.26	16:27:45.303	1.25160				2
2024.12.26	16:27:45.612	1.25157	1.25161			6
2024.12.26	16:27:45.919	1.25159	1.25164			6
2024.12.26	16:27:50.187		1.25165			4
2024.12.26	16:27:50.798		1.25164			4
2024.12.26	16:27:51.719		1.25165			4
2024.12.26	16:27:52.022		1.25164			4
2024.12.26	16:27:54.471		1.25163			4
2024.12.26	16:27:54.776		1.25164			4
2024.12.26	16:27:55.078	1.25160	1.25165			6
2024.12.26	16:27:55.388		1.25164			4
2024.12.26	16:27:57.840		1.25165			4
2024.12.26	16:27:58.458		1.25166			4
2024.12.26	16:27:58.763		1.25164			4
2024.12.26	16:27:59.684		1.25165			4
2024.12.26	16:28:00.298	1.25160	1.25164			6
2024.12.26	16:28:02.142	1.25161	1.25165			6
2024.12.26	16:28:02.761		1.25164			4
2024.12.26	16:28:03.063	1.25164	1.25166			6
2024.12.26	16:28:03.984	1.25165	1.25168			6
2024.12.26	16:28:04.292	1.25162	1.25166			6
2024.12.26	16:28:05.213	1.25161	1.25165			6
2024.12.26	16:28:05.830	1.25164	1.25168			6
2024.12.26	16:28:06.759	1.25162	1.25165			6
2024.12.26	16:28:07.376	1.25160	1.25163			6
2024.12.26	16:28:07.685		1.25164			4
2024.12.26	16:28:11.166		1.25163			4
2024.12.26	16:28:11.780		1.25164			4
2024.12.26	16:28:12.089	1.25159				2
2024.12.26	16:28:12.397	1.25155	1.25159			6
2024.12.26	16:28:12.707		1.25158			4
2024.12.26	16:28:13.019		1.25159			4
2024.12.26	16:28:13.327		1.25160			4
2024.12.26	16:28:13.937	1.25160	1.25163			6
2024.12.26	16:28:14.246		1.25164			4
2024.12.26	16:28:15.476	1.25159				2
2024.12.26	16:28:16.398	1.25156	1.25160			6
2024.12.26	16:28:16.702	1.25160	1.25164			6
2024.12.26	16:28:17.011		1.25166			4
2024.12.26	16:28:18.239		1.25167			4
2024.12.26	16:28:18.855	1.25163	1.25168			6
2024.12.26	16:28:19.163	1.25164				2
2024.12.26	16:28:19.773		1.25170			4
2024.12.26	16:28:21.005	1.25166	1.25172			6
2024.12.26	16:28:21.312		1.25171			4
2024.12.26	16:28:22.532	1.25165				2
2024.12.26	16:28:25.906		1.25170			4
2024.12.26	16:28:27.749		1.25171			4
2024.12.26	16:28:31.139		1.25170			4
2024.12.26	16:28:31.757	1.25162	1.25168			6
2024.12.26	16:28:32.068	1.25163	1.25167			6
2024.12.26	16:28:32.372		1.25168			4
2024.12.26	16:28:32.995	1.25164				2
2024.12.26	16:28:38.529		1.25169			4
2024.12.26	16:28:42.227		1.25168			4
2024.12.26	16:28:44.682		1.25169			4
2024.12.26	16:28:48.385		1.25168			4
2024.12.26	16:28:52.345		1.25167			4
2024.12.26	16:28:55.709	1.25165	1.25169			6
2024.12.26	16:28:56.929	1.25166	1.25170			6
2024.12.26	16:28:57.236	1.25165	1.25169			6
2024.12.26	16:28:57.849	1.25166				2
2024.12.26	16:28:58.155	1.25164	1.25168			6
2024.12.26	16:28:58.763	1.25165	1.25169			6
2024.12.26	16:28:59.975	1.25166	1.25168			6
2024.12.26	16:29:00.281	1.25166	1.25169			6
2024.12.26	16:29:03.969	1.25164	1.25168			6
2024.12.26	16:29:04.273	1.25165	1.25169			6
2024.12.26	16:29:04.577		1.25168			4
2024.12.26	16:29:04.879		1.25169			4
2024.12.26	16:29:05.182		1.25168			4
2024.12.26	16:29:06.103		1.25169			4
2024.12.26	16:29:07.029		1.25168			4
2024.12.26	16:29:07.941	1.25166	1.25169			6
2024.12.26	16:29:08.241	1.25165	1.25168			6
2024.12.26	16:29:10.372	1.25164	1.25166			6
2024.12.26	16:29:10.677	1.25165	1.25168			6
2024.12.26	16:29:11.892	1.25164	1.25167			6
2024.12.26	16:29:12.197		1.25168			4
2024.12.26	16:29:12.500	1.25165	1.25169			6
2024.12.26	16:29:13.110		1.25168			4
2024.12.26	16:29:13.418	1.25168	1.25171			6
2024.12.26	16:29:13.723	1.25169	1.25172			6
2024.12.26	16:29:14.337	1.25168	1.25171			6
2024.12.26	16:29:14.953	1.25172	1.25175			6
2024.12.26	16:29:15.258	1.25174	1.25177			6
2024.12.26	16:29:15.866		1.25176			4
2024.12.26	16:29:16.172		1.25177			4
2024.12.26	16:29:16.478		1.25178			4
2024.12.26	16:29:18.011		1.25179			4
2024.12.26	16:29:20.168	1.25176	1.25180			6
2024.12.26	16:29:20.470	1.25175				2
2024.12.26	16:29:21.089		1.25179			4
2024.12.26	16:29:21.396		1.25180			4
2024.12.26	16:29:22.011	1.25174				2
2024.12.26	16:29:22.320		1.25179			4
2024.12.26	16:29:28.161	1.25171	1.25174			6
2024.12.26	16:29:28.462	1.25168	1.25173			6
2024.12.26	16:29:29.085		1.25172			4
2024.12.26	16:29:29.393		1.25174			4
2024.12.26	16:29:30.620		1.25173			4
2024.12.26	16:29:32.467		1.25174			4
2024.12.26	16:29:33.085		1.25173			4
2024.12.26	16:29:33.391	1.25170	1.25175			6
2024.12.26	16:29:33.701	1.25168	1.25173			6
2024.12.26	16:29:37.406	1.25169				2
2024.12.26	16:29:39.556		1.25174			4
2024.12.26	16:29:39.860		1.25173			4
2024.12.26	16:29:41.094	1.25168				2
2024.12.26	16:29:41.405		1.25174			4
2024.12.26	16:29:43.562	1.25169	1.25173			6
2024.12.26	16:29:43.868		1.25174			4
2024.12.26	16:29:44.796	1.25168	1.25172			6
2024.12.26	16:29:45.100		1.25173			4
2024.12.26	16:29:45.721		1.25172			4
2024.12.26	16:29:46.642		1.25173			4
2024.12.26	16:29:47.253		1.25174			4
2024.12.26	16:29:47.569	1.25169	1.25172			6
2024.12.26	16:29:47.869	1.25168				2
2024.12.26	16:29:48.485	1.25169	1.25173			6
2024.12.26	16:29:49.097	1.25170	1.25174			6
2024.12.26	16:29:49.407	1.25168	1.25172			6
2024.12.26	16:29:49.712	1.25164	1.25169			6
2024.12.26	16:29:50.337	1.25165	1.25170			6
2024.12.26	16:29:51.871		1.25169			4
2024.12.26	16:29:52.799		1.25170			4
2024.12.26	16:29:55.256		1.25169			4
2024.12.26	16:29:55.875	1.25172	1.25176			6
2024.12.26	16:29:56.179	1.25171				2
2024.12.26	16:29:56.791		1.25175			4
2024.12.26	16:29:57.101		1.25177			4
2024.12.26	16:29:58.935	1.25175				2
2024.12.26	16:29:59.240	1.25171				2
2024.12.26	16:29:59.851		1.25176			4
2024.12.26	16:30:00.155	1.25170				2
2024.12.26	16:30:00.462	1.25169	1.25174			6
2024.12.26	16:30:00.770	1.25162	1.25166			6
2024.12.26	16:30:01.077	1.25163				2
2024.12.26	16:30:01.384		1.25167			4
2024.12.26	16:30:01.687		1.25168			4
2024.12.26	16:30:01.997		1.25167			4
2024.12.26	16:30:02.306	1.25162	1.25168			6
2024.12.26	16:30:02.614	1.25164	1.25169			6
2024.12.26	16:30:02.921	1.25165				2
2024.12.26	16:30:03.228	1.25164				2
2024.12.26	16:30:03.538	1.25163	1.25168			6
2024.12.26	16:30:04.147	1.25161	1.25167			6
2024.12.26	16:30:05.066		1.25166			4
2024.12.26	16:30:05.366	1.25160				2
2024.12.26	16:30:06.293		1.25165			4
2024.12.26	16:30:06.600	1.25163	1.25168			6
2024.12.26	16:30:06.911	1.25162	1.25167			6
2024.12.26	16:30:07.213	1.25161				2
2024.12.26	16:30:09.367		1.25166			4
2024.12.26	16:30:09.669		1.25167			4
2024.12.26	16:30:09.991	1.25166	1.25170			6
2024.12.26	16:30:10.904	1.25165	1.25171			6
2024.12.26	16:30:11.216	1.25164	1.25170			6
2024.12.26	16:30:11.521	1.25165				2
2024.12.26	16:30:12.141		1.25171			4
2024.12.26	16:30:12.447	1.25166				2
2024.12.26	16:30:13.060	1.25165	1.25170			6
2024.12.26	16:30:13.981		1.25169			4
2024.12.26	16:30:14.595	1.25163	1.25168			6
2024.12.26	16:30:14.902	1.25164				2
2024.12.26	16:30:15.203	1.25162				2
2024.12.26	16:30:16.128	1.25158	1.25163			6
2024.12.26	16:30:18.281		1.25164			4
2024.12.26	16:30:20.430	1.25161	1.25166			6
2024.12.26	16:30:20.737	1.25160				2
2024.12.26	16:30:22.887	1.25161				2
2024.12.26	16:30:24.728	1.25159	1.25162			6
2024.12.26	16:30:25.029	1.25154	1.25160			6
2024.12.26	16:30:25.341	1.25152	1.25158			6
2024.12.26	16:30:25.645	1.25154				2
2024.12.26	16:30:25.965	1.25153				2
2024.12.26	16:30:26.269	1.25154	1.25159			6
2024.12.26	16:30:26.883	1.25155				2
2024.12.26	16:30:27.187	1.25153				2
2024.12.26	16:30:27.501		1.25158			4
2024.12.26	16:30:27.806		1.25159			4
2024.12.26	16:30:28.415	1.25155				2
2024.12.26	16:30:29.656	1.25154				2
2024.12.26	16:30:30.578	1.25153	1.25158			6
2024.12.26	16:30:30.883		1.25159			4
2024.12.26	16:30:31.492	1.25154				2
2024.12.26	16:30:32.418	1.25153	1.25158			6
2024.12.26	16:30:32.725		1.25159			4
2024.12.26	16:30:33.034	1.25154				2
2024.12.26	16:30:33.645	1.25153				2
2024.12.26	16:30:33.956	1.25154				2
2024.12.26	16:30:34.266		1.25160			4
2024.12.26	16:30:34.571		1.25159			4
2024.12.26	16:30:35.905	1.25155	1.25160			6
2024.12.26	16:30:36.211	1.25153	1.25158			6
2024.12.26	16:30:36.519	1.25154	1.25159			6
2024.12.26	16:30:37.441	1.25156	1.25161			6
2024.12.26	16:30:39.589	1.25155	1.25160			6
2024.12.26	16:30:39.898	1.25156	1.25161			6
2024.12.26	16:30:42.659		1.25162			4
2024.12.26	16:30:42.969	1.25161	1.25167			6
2024.12.26	16:30:43.275		1.25166			4
2024.12.26	16:30:43.581		1.25167			4
2024.12.26	16:30:44.503		1.25166			4
2024.12.26	16:30:44.809	1.25162	1.25168			6
2024.12.26	16:30:45.123	1.25163	1.25169			6
2024.12.26	16:30:47.580	1.25162	1.25168			6
2024.12.26	16:30:49.737		1.25167			4
2024.12.26	16:30:50.041		1.25168			4
2024.12.26	16:30:50.961		1.25167			4
2024.12.26	16:30:51.267		1.25168			4
2024.12.26	16:30:51.575		1.25167			4
2024.12.26	16:30:51.883		1.25168			4
2024.12.26	16:30:53.114	1.25161	1.25167			6
2024.12.26	16:30:54.031		1.25166			4
2024.12.26	16:30:54.350		1.25167			4
2024.12.26	16:30:55.272	1.25160	1.25166			6
2024.12.26	16:30:55.576	1.25161				2
2024.12.26	16:30:58.041		1.25167			4
2024.12.26	16:30:58.353		1.25166			4
2024.12.26	16:30:58.657		1.25167			4
2024.12.26	16:31:00.182	1.25161				2
2024.12.26	16:31:00.491	1.25163	1.25168			6
2024.12.26	16:31:00.793	1.25164				2
2024.12.26	16:31:01.418	1.25163				2
2024.12.26	16:31:02.023	1.25162	1.25167			6
2024.12.26	16:31:02.944	1.25161				2
2024.12.26	16:31:05.414	1.25160	1.25166			6
2024.12.26	16:31:05.721	1.25161				2
2024.12.26	16:31:08.498	1.25160				2
2024.12.26	16:31:08.804	1.25161				2
2024.12.26	16:31:10.339	1.25158	1.25163			6
2024.12.26	16:31:12.185	1.25153	1.25159			6
2024.12.26	16:31:12.490	1.25152	1.25156			6
2024.12.26	16:31:13.109	1.25153	1.25157			6
2024.12.26	16:31:13.721	1.25152				2
2024.12.26	16:31:14.342	1.25151	1.25156			6
2024.12.26	16:31:15.572	1.25152				2
2024.12.26	16:31:15.880		1.25157			4
2024.12.26	16:31:16.802		1.25156			4
2024.12.26	16:31:17.108		1.25157			4
2024.12.26	16:31:17.723		1.25156			4
2024.12.26	16:31:20.797	1.25151				2
2024.12.26	16:31:22.336	1.25153				2
2024.12.26	16:31:22.643	1.25152				2
2024.12.26	16:31:23.260	1.25153				2
2024.12.26	16:31:23.570	1.25152				2
2024.12.26	16:31:26.639	1.25153	1.25157			6
2024.12.26	16:31:27.855	1.25151				2
2024.12.26	16:31:29.390	1.25152	1.25158			6
2024.12.26	16:31:30.317	1.25153				2
2024.12.26	16:31:30.933		1.25159			4
2024.12.26	16:31:32.161	1.25154				2
2024.12.26	16:31:32.466	1.25153	1.25158			6
2024.12.26	16:31:39.243	1.25155				2
2024.12.26	16:31:39.854		1.25159			4
2024.12.26	16:31:40.162	1.25154				2
2024.12.26	16:31:40.772	1.25155				2
2024.12.26	16:31:41.073	1.25154				2
2024.12.26	16:31:41.376		1.25158			4
2024.12.26	16:31:41.980	1.25155				2
2024.12.26	16:31:42.582	1.25154				2
2024.12.26	16:31:43.491	1.25155				2
2024.12.26	16:31:44.415	1.25154				2
2024.12.26	16:31:44.716	1.25155				2
2024.12.26	16:31:45.017	1.25154				2
2024.12.26	16:31:45.632	1.25155				2
2024.12.26	16:31:46.544	1.25153	1.25157			6
2024.12.26	16:31:46.846	1.25154				2
2024.12.26	16:31:47.147		1.25158			4
2024.12.26	16:31:47.451		1.25159			4
2024.12.26	16:31:47.764	1.25155	1.25158			6
2024.12.26	16:31:53.570	1.25154				2
2024.12.26	16:31:53.873		1.25157			4
2024.12.26	16:31:58.167		1.25158			4
2024.12.26	16:31:59.074	1.25153	1.25157			6
2024.12.26	16:31:59.384	1.25152	1.25155			6
2024.12.26	16:31:59.687	1.25153	1.25156			6
2024.12.26	16:32:00.300	1.25153				2
2024.12.26	16:32:00.601	1.25155	1.25158			6
2024.12.26	16:32:00.907	1.25154	1.25157			6
2024.12.26	16:32:02.735		1.25156			4
2024.12.26	16:32:03.344	1.25153				2
2024.12.26	16:32:03.658	1.25154				2
2024.12.26	16:32:03.961		1.25157			4
2024.12.26	16:32:04.264	1.25153	1.25156			6
2024.12.26	16:32:04.567		1.25155			4
2024.12.26	16:32:05.489	1.25154				2
2024.12.26	16:32:05.829	1.25144	1.25145			6
2024.12.26	16:32:06.133		1.25147			4
2024.12.26	16:32:06.756	1.25142				2
2024.12.26	16:32:07.065	1.25138	1.25143			6
2024.12.26	16:32:07.372	1.25140	1.25145			6
2024.12.26	16:32:07.680		1.25146			4
2024.12.26	16:32:07.987	1.25141				2
2024.12.26	16:32:08.906	1.25138	1.25143			6
2024.12.26	16:32:09.208	1.25142	1.25147			6
2024.12.26	16:32:09.510	1.25143	1.25149			6
2024.12.26	16:32:09.826	1.25144	1.25150			6
2024.12.26	16:32:16.574	1.25143	1.25148			6
2024.12.26	16:32:20.252	1.25144	1.25149			6
2024.12.26	16:32:21.183	1.25143	1.25148			6
2024.12.26	16:32:24.569		1.25149			4
2024.12.26	16:32:24.877		1.25148			4
2024.12.26	16:32:27.962	1.25142	1.25147			6
2024.12.26	16:32:28.270	1.25134	1.25140			6
2024.12.26	16:32:28.579	1.25137	1.25143			6
2024.12.26	16:32:28.882	1.25140	1.25144			6
2024.12.26	16:32:29.793	1.25139				2
2024.12.26	16:32:30.104	1.25134	1.25140			6
2024.12.26	16:32:32.881	1.25131	1.25137			6
2024.12.26	16:32:33.182	1.25133	1.25138			6
2024.12.26	16:32:33.490	1.25134	1.25140			6
2024.12.26	16:32:33.805	1.25133	1.25139			6
2024.12.26	16:32:34.727	1.25134	1.25138			6
2024.12.26	16:32:35.348	1.25135				2
2024.12.26	16:32:35.656		1.25139			4
2024.12.26	16:32:36.898	1.25132	1.25138			6
2024.12.26	16:32:37.507	1.25130	1.25132			6
2024.12.26	16:32:37.809	1.25124	1.25128			6
2024.12.26	16:32:38.112	1.25122	1.25127			6
2024.12.26	16:32:38.416	1.25121	1.25126			6
2024.12.26	16:32:38.729	1.25122	1.25127			6
2024.12.26	16:32:39.035	1.25121				2
2024.12.26	16:32:39.338	1.25122				2
2024.12.26	16:32:39.642	1.25121				2
2024.12.26	16:32:39.948	1.25122				2
2024.12.26	16:32:40.259	1.25123	1.25128			6
2024.12.26	16:32:40.562	1.25125				2
2024.12.26	16:32:41.178	1.25123	1.25127			6
2024.12.26	16:32:41.486	1.25125	1.25128			6
2024.12.26	16:32:41.795	1.25124	1.25127			6
2024.12.26	16:32:42.103	1.25125	1.25128			6
2024.12.26	16:32:42.416		1.25129			4
2024.12.26	16:32:42.721	1.25126	1.25130			6
2024.12.26	16:32:43.336	1.25125	1.25129			6
2024.12.26	16:32:43.640	1.25126	1.25130			6
2024.12.26	16:32:45.784	1.25125	1.25129			6
2024.12.26	16:32:46.101	1.25122	1.25128			6
2024.12.26	16:32:46.402	1.25124				2
2024.12.26	16:32:46.705	1.25125				2
2024.12.26	16:32:47.623	1.25124				2
2024.12.26	16:32:48.842		1.25127			4
2024.12.26	16:32:50.701		1.25128			4
2024.12.26	16:32:51.004		1.25127			4
2024.12.26	16:32:51.615		1.25128			4
2024.12.26	16:32:51.915		1.25127			4
2024.12.26	16:32:52.829		1.25128			4
2024.12.26	16:32:53.130	1.25125	1.25129			6
2024.12.26	16:32:56.828	1.25126				2
2024.12.26	16:32:57.138		1.25130			4
2024.12.26	16:32:58.059	1.25125	1.25129			6
2024.12.26	16:32:58.670	1.25126	1.25130			6
2024.12.26	16:33:00.214	1.25126				2
2024.12.26	16:33:02.069		1.25129			4
2024.12.26	16:33:04.226	1.25128	1.25131			6
2024.12.26	16:33:04.534	1.25129	1.25133			6
2024.12.26	16:33:05.458	1.25127	1.25131			6
2024.12.26	16:33:06.379	1.25128	1.25130			6
2024.12.26	16:33:06.999	1.25127				2
2024.12.26	16:33:07.615		1.25131			4
2024.12.26	16:33:08.229		1.25130			4
2024.12.26	16:33:08.537		1.25129			4
2024.12.26	16:33:10.381	1.25129	1.25133			6
2024.12.26	16:33:10.691	1.25128	1.25132			6
2024.12.26	16:33:11.619	1.25129	1.25133			6
2024.12.26	16:33:11.925	1.25128	1.25132			6
2024.12.26	16:33:12.240	1.25127	1.25130			6
2024.12.26	16:33:13.774	1.25128	1.25132			6
2024.12.26	16:33:16.547	1.25127	1.25129			6
2024.12.26	16:33:17.470		1.25131			4
2024.12.26	16:33:17.776	1.25129	1.25132			6
2024.12.26	16:33:18.393	1.25130	1.25133			6
2024.12.26	16:33:18.694		1.25132			4
2024.12.26	16:33:19.310		1.25133			4
2024.12.26	16:33:24.234	1.25129				2
2024.12.26	16:33:25.159	1.25130				2
2024.12.26	16:33:25.467	1.25131	1.25135			6
2024.12.26	16:33:28.852	1.25132				2
2024.12.26	16:33:29.163	1.25136	1.25139			6
2024.12.26	16:33:31.010	1.25134	1.25137			6
2024.12.26	16:33:31.929	1.25132	1.25136			6
2024.12.26	16:33:34.701		1.25135			4
2024.12.26	16:33:35.007	1.25130	1.25132			6
2024.12.26	16:33:35.318	1.25127	1.25129			6
2024.12.26	16:33:35.632		1.25128			4
2024.12.26	16:33:36.551	1.25126				2
2024.12.26	16:33:41.174	1.25130	1.25134			6
2024.12.26	16:33:44.243	1.25129	1.25133			6
2024.12.26	16:33:44.856	1.25130	1.25134			6
2024.12.26	16:33:45.166	1.25131				2
2024.12.26	16:33:46.393	1.25132	1.25135			6
2024.12.26	16:33:47.313	1.25128	1.25129			6
2024.12.26	16:33:47.921		1.25132			4
2024.12.26	16:33:48.224		1.25130			4
2024.12.26	16:33:49.459		1.25132			4
2024.12.26	16:33:50.064	1.25129				2
2024.12.26	16:33:50.987	1.25130	1.25134			6
2024.12.26	16:33:51.293	1.25129				2
2024.12.26	16:33:52.514	1.25130				2
2024.12.26	16:33:52.819	1.25129				2
2024.12.26	16:33:53.426	1.25133	1.25137			6
2024.12.26	16:33:54.036	1.25132	1.25136			6
2024.12.26	16:33:55.566	1.25133	1.25137			6
2024.12.26	16:33:55.871		1.25138			4
2024.12.26	16:33:56.178	1.25135	1.25139			6
2024.12.26	16:34:00.160	1.25135				2
2024.12.26	16:34:00.463	1.25136	1.25140			6
2024.12.26	16:34:01.381		1.25139			4
2024.12.26	16:34:01.995	1.25138	1.25142			6
2024.12.26	16:34:04.451		1.25141			4
2024.12.26	16:34:04.757		1.25142			4
2024.12.26	16:34:06.286		1.25141			4
2024.12.26	16:34:07.204	1.25137	1.25139			6
2024.12.26	16:34:07.811	1.25136	1.25138			6
2024.12.26	16:34:09.947	1.25137	1.25139			6
2024.12.26	16:34:13.309		1.25140			4
2024.12.26	16:34:19.119		1.25139			4
2024.12.26	16:34:21.251		1.25140			4
2024.12.26	16:34:26.144	1.25136				2
2024.12.26	16:34:26.453		1.25139			4
2024.12.26	16:34:26.756	1.25134	1.25137			6
2024.12.26	16:34:27.061		1.25138			4
2024.12.26	16:34:27.366	1.25132	1.25135			6
2024.12.26	16:34:28.283		1.25136			4
2024.12.26	16:34:28.593	1.25134	1.25138			6
2024.12.26	16:34:28.900	1.25132	1.25136			6
2024.12.26	16:34:29.206	1.25135	1.25139			6
2024.12.26	16:34:29.815	1.25136				2
2024.12.26	16:34:33.782	1.25138	1.25141			6
2024.12.26	16:34:34.089	1.25140	1.25142			6
2024.12.26	16:34:34.395		1.25143			4
2024.12.26	16:34:35.014	1.25139				2
2024.12.26	16:34:35.318	1.25141	1.25145			6
2024.12.26	16:34:35.620		1.25144			4
2024.12.26	16:34:37.456	1.25140				2
2024.12.26	16:34:38.367	1.25141	1.25145			6
2024.12.26	16:34:39.295		1.25144			4
2024.12.26	16:34:39.906	1.25140				2
2024.12.26	16:34:40.210	1.25141				2
2024.12.26	16:34:42.659	1.25139	1.25141			6
2024.12.26	16:34:42.963	1.25135	1.25139			6
2024.12.26	16:34:43.878		1.25138			4
2024.12.26	16:34:45.415	1.25133	1.25137			6
2024.12.26	16:34:45.716	1.25132	1.25136			6
2024.12.26	16:34:46.021		1.25135			4
2024.12.26	16:34:46.330		1.25136			4
2024.12.26	16:34:47.858		1.25135			4
2024.12.26	16:34:48.163		1.25134			4
2024.12.26	16:34:48.471		1.25135			4
2024.12.26	16:34:48.774		1.25134			4
2024.12.26	16:34:49.080		1.25135			4
2024.12.26	16:34:50.302		1.25134			4
2024.12.26	16:34:50.605	1.25131				2
2024.12.26	16:34:51.210	1.25132	1.25136			6
2024.12.26	16:34:51.821		1.25135			4
2024.12.26	16:34:52.123	1.25127	1.25129			6
2024.12.26	16:34:52.424	1.25123				2
2024.12.26	16:34:53.351	1.25121	1.25130			6
2024.12.26	16:34:54.574	1.25125	1.25129			6
2024.12.26	16:34:55.488	1.25126	1.25130			6
2024.12.26	16:34:55.796	1.25127				2
2024.12.26	16:34:56.100	1.25128	1.25131			6
2024.12.26	16:34:56.710	1.25125	1.25129			6
2024.12.26	16:34:57.935	1.25126				2
2024.12.26	16:34:58.545	1.25127	1.25131			6
2024.12.26	16:35:00.069	1.25127				2
2024.12.26	16:35:00.374	1.25130	1.25134			6
2024.12.26	16:35:00.678	1.25127	1.25130			6
2024.12.26	16:35:01.595		1.25131			4
2024.12.26	16:35:02.515		1.25130			4
2024.12.26	16:35:03.735	1.25125	1.25128			6
2024.12.26	16:35:04.042	1.25123	1.25126			6
2024.12.26	16:35:04.349	1.25122				2
2024.12.26	16:35:05.262		1.25125			4
2024.12.26	16:35:07.400		1.25127			4
2024.12.26	16:35:07.706	1.25123				2
2024.12.26	16:35:08.622	1.25125				2
2024.12.26	16:35:08.925	1.25129	1.25130			6
2024.12.26	16:35:09.228	1.25131	1.25134			6
2024.12.26	16:35:09.532	1.25132				2
2024.12.26	16:35:09.837	1.25133	1.25135			6
2024.12.26	16:35:11.047	1.25134				2
2024.12.26	16:35:11.661	1.25131				2
2024.12.26	16:35:11.968	1.25132				2
2024.12.26	16:35:12.883	1.25125	1.25129			6
2024.12.26	16:35:13.189	1.25126				2
2024.12.26	16:35:13.804	1.25128	1.25131			6
2024.12.26	16:35:16.560	1.25130	1.25134			6
2024.12.26	16:35:16.863		1.25133			4
2024.12.26	16:35:17.172	1.25131	1.25135			6
2024.12.26	16:35:17.481		1.25134			4
2024.12.26	16:35:17.787	1.25130	1.25133			6
2024.12.26	16:35:18.091	1.25131	1.25134			6
2024.12.26	16:35:21.772	1.25132	1.25136			6
2024.12.26	16:35:24.520		1.25135			4
2024.12.26	16:35:25.745		1.25134			4
2024.12.26	16:35:26.967		1.25135			4
2024.12.26	16:35:28.808		1.25134			4
2024.12.26	16:35:30.036	1.25130	1.25132			6
2024.12.26	16:35:30.347	1.25129	1.25131			6
2024.12.26	16:35:30.649	1.25125	1.25128			6
2024.12.26	16:35:30.949	1.25126				2
2024.12.26	16:35:31.251	1.25125				2
2024.12.26	16:35:31.553	1.25124				2
2024.12.26	16:35:31.859		1.25127			4
2024.12.26	16:35:32.471		1.25128			4
2024.12.26	16:35:33.395	1.25125				2
2024.12.26	16:35:34.925	1.25126	1.25129			6
2024.12.26	16:35:38.291	1.25122	1.25123			6
2024.12.26	16:35:38.599	1.25121				2
2024.12.26	16:35:39.509		1.25124			4
2024.12.26	16:35:42.892	1.25122	1.25126			6
2024.12.26	16:35:43.510		1.25125			4
2024.12.26	16:35:49.065	1.25123	1.25127			6
2024.12.26	16:35:49.684		1.25126			4
2024.12.26	16:35:50.610	1.25113	1.25116			6
2024.12.26	16:35:50.920	1.25114	1.25118			6
2024.12.26	16:35:51.224		1.25117			4
2024.12.26	16:35:51.525	1.25113				2
2024.12.26	16:35:51.845	1.25120	1.25123			6
2024.12.26	16:35:52.148	1.25122	1.25125			6
2024.12.26	16:35:52.769	1.25123				2
2024.12.26	16:35:53.082	1.25122				2
2024.12.26	16:35:54.007	1.25124				2
2024.12.26	16:35:54.310		1.25126			4
2024.12.26	16:35:54.930	1.25123				2
2024.12.26	16:35:56.782	1.25122	1.25125			6
2024.12.26	16:35:58.942	1.25123	1.25126			6
2024.12.26	16:35:59.866	1.25124				2
2024.12.26	16:36:00.170	1.25125	1.25127			6
2024.12.26	16:36:00.472	1.25128	1.25131			6
2024.12.26	16:36:00.792	1.25130	1.25134			6
2024.12.26	16:36:01.099		1.25133			4
2024.12.26	16:36:02.029	1.25128	1.25131			6
2024.12.26	16:36:02.337	1.25127	1.25130			6
2024.12.26	16:36:03.262	1.25128				2
2024.12.26	16:36:04.189	1.25132	1.25134			6
2024.12.26	16:36:04.498		1.25135			4
2024.12.26	16:36:07.587	1.25128	1.25130			6
2024.12.26	16:36:08.205		1.25131			4
2024.12.26	16:36:09.126		1.25129			4
2024.12.26	16:36:09.437	1.25127				2
2024.12.26	16:36:13.752		1.25130			4
2024.12.26	16:36:18.060	1.25130	1.25133			6
2024.12.26	16:36:18.368	1.25131	1.25135			6
2024.12.26	16:36:18.981	1.25130	1.25134			6
2024.12.26	16:36:19.290		1.25135			4
2024.12.26	16:36:19.596	1.25131				2
2024.12.26	16:36:20.523	1.25130	1.25134			6
2024.12.26	16:36:20.833	1.25131	1.25135			6
2024.12.26	16:36:21.449	1.25130				2
2024.12.26	16:36:21.758	1.25133	1.25136			6
2024.12.26	16:36:22.371	1.25135	1.25138			6
2024.12.26	16:36:22.679	1.25131	1.25134			6
2024.12.26	16:36:23.605	1.25132				2
2024.12.26	16:36:23.915		1.25135			4
2024.12.26	16:36:25.766	1.25133	1.25136			6
2024.12.26	16:36:27.305	1.25132				2
2024.12.26	16:36:28.546	1.25133				2
2024.12.26	16:36:28.855	1.25132				2
2024.12.26	16:36:30.703	1.25135	1.25138			6
2024.12.26	16:36:31.328	1.25140	1.25144			6
2024.12.26	16:36:31.635	1.25141	1.25145			6
2024.12.26	16:36:33.480	1.25144	1.25148			6
2024.12.26	16:36:33.783	1.25143	1.25146			6
2024.12.26	16:36:35.320	1.25142	1.25145			6
2024.12.26	16:36:39.901		1.25144			4
2024.12.26	16:36:42.955	1.25141				2
2024.12.26	16:36:43.262	1.25132	1.25134			6
2024.12.26	16:36:49.381	1.25131				2
2024.12.26	16:36:50.608		1.25133			4
2024.12.26	16:36:51.840	1.25127	1.25129			6
2024.12.26	16:36:52.145		1.25131			4
2024.12.26	16:36:57.982	1.25128				2
2024.12.26	16:36:58.902	1.25131	1.25135			6
2024.12.26	16:36:59.206	1.25132	1.25136			6
2024.12.26	16:37:00.127	1.25132				2
2024.12.26	16:37:00.435	1.25133				2
2024.12.26	16:37:00.740	1.25132	1.25135			6
2024.12.26	16:37:02.280	1.25135	1.25138			6
2024.12.26	16:37:03.810		1.25137			4
2024.12.26	16:37:10.596		1.25139			4
2024.12.26	16:37:10.902	1.25132	1.25136			6
2024.12.26	16:37:12.118	1.25133				2
2024.12.26	16:37:12.427		1.25137			4
2024.12.26	16:37:17.335	1.25131	1.25136			6
2024.12.26	16:37:17.640	1.25130	1.25134			6
2024.12.26	16:37:18.255	1.25129	1.25133			6
2024.12.26	16:37:18.560	1.25130	1.25134			6
2024.12.26	16:37:18.862		1.25133			4
2024.12.26	16:37:19.780	1.25129				2
2024.12.26	16:37:20.084	1.25130				2
2024.12.26	16:37:21.007	1.25132	1.25135			6
2024.12.26	16:37:21.316	1.25131				2
2024.12.26	16:37:21.924	1.25130	1.25134			6
2024.12.26	16:37:22.241	1.25131	1.25135			6
2024.12.26	16:37:25.300	1.25130	1.25134			6
2024.12.26	16:37:25.909		1.25135			4
2024.12.26	16:37:26.519		1.25134			4
2024.12.26	16:37:26.823	1.25126	1.25128			6
2024.12.26	16:37:27.132	1.25125	1.25127			6
2024.12.26	16:37:29.275		1.25128			4
2024.12.26	16:37:29.585	1.25127				2
2024.12.26	16:37:29.890		1.25130			4
2024.12.26	16:37:30.197		1.25129			4
2024.12.26	16:37:31.730		1.25130			4
2024.12.26	16:37:34.184	1.25132	1.25134			6
2024.12.26	16:37:35.103	1.25131				2
2024.12.26	16:37:35.411	1.25132				2
2024.12.26	16:37:36.628	1.25131				2
2024.12.26	16:37:38.764	1.25130				2
2024.12.26	16:37:39.069	1.25131				2
2024.12.26	16:37:47.348	1.25130	1.25133			6
2024.12.26	16:37:49.182		1.25134			4
2024.12.26	16:37:51.022	1.25131				2
2024.12.26	16:37:51.942	1.25136	1.25138			6
2024.12.26	16:37:53.475	1.25142	1.25145			6
2024.12.26	16:37:54.702	1.25141				2
2024.12.26	16:37:55.008	1.25142				2
2024.12.26	16:37:55.316	1.25141				2
2024.12.26	16:38:00.210	1.25141				2
2024.12.26	16:38:06.042	1.25139	1.25143			6
2024.12.26	16:38:08.489	1.25138	1.25142			6
2024.12.26	16:38:09.409		1.25141			4
2024.12.26	16:38:11.559		1.25140			4
2024.12.26	16:38:14.630	1.25140	1.25144			6
2024.12.26	16:38:14.931	1.25137	1.25141			6
2024.12.26	16:38:16.468	1.25139	1.25142			6
2024.12.26	16:38:16.771		1.25143			4
2024.12.26	16:38:17.376	1.25138	1.25141			6
2024.12.26	16:38:19.508	1.25139	1.25143			6
2024.12.26	16:38:21.347	1.25138	1.25141			6
2024.12.26	16:38:23.178	1.25137	1.25140			6
2024.12.26	16:38:24.103		1.25141			4
2024.12.26	16:38:24.711	1.25138				2
2024.12.26	16:38:29.605	1.25132	1.25134			6
2024.12.26	16:38:32.965	1.25131				2
2024.12.26	16:38:33.270		1.25133			4
2024.12.26	16:38:33.883		1.25134			4
2024.12.26	16:38:36.320	1.25129	1.25132			6
2024.12.26	16:38:39.675		1.25133			4
2024.12.26	16:38:39.977	1.25130	1.25134			6
2024.12.26	16:38:42.111		1.25133			4
2024.12.26	16:38:42.731		1.25132			4
2024.12.26	16:38:43.037	1.25129				2
2024.12.26	16:38:44.554		1.25133			4
2024.12.26	16:38:44.859		1.25132			4
2024.12.26	16:38:45.471		1.25133			4
2024.12.26	16:38:45.776		1.25132			4
2024.12.26	16:38:46.081		1.25133			4
2024.12.26	16:38:47.294		1.25132			4
2024.12.26	16:38:50.037	1.25135	1.25138			6
2024.12.26	16:38:50.339	1.25137	1.25139			6
2024.12.26	16:38:50.955	1.25136	1.25138			6
2024.12.26	16:38:51.270		1.25139			4
2024.12.26	16:38:52.491	1.25135	1.25138			6
2024.12.26	16:38:53.104	1.25136	1.25140			6
2024.12.26	16:38:53.405	1.25135	1.25139			6
2024.12.26	16:38:54.640	1.25136				2
2024.12.26	16:38:57.392	1.25137	1.25140			6
2024.12.26	16:38:58.001	1.25136				2
2024.12.26	16:38:58.614		1.25139			4
2024.12.26	16:38:59.830	1.25137	1.25140			6
2024.12.26	16:39:00.141	1.25137				2
2024.12.26	16:39:01.054	1.25136				2
2024.12.26	16:39:01.360		1.25139			4
2024.12.26	16:39:02.277		1.25140			4
2024.12.26	16:39:02.582	1.25137				2
2024.12.26	16:39:03.796	1.25143	1.25145			6
2024.12.26	16:39:04.110	1.25142				2
2024.12.26	16:39:04.413		1.25144			4
2024.12.26	16:39:05.339		1.25145			4
2024.12.26	16:39:06.254	1.25143	1.25146			6
2024.12.26	16:39:08.713	1.25144				2
2024.12.26	16:39:09.028		1.25148			4
2024.12.26	16:39:09.642		1.25147			4
2024.12.26	16:39:11.162	1.25143	1.25145			6
2024.12.26	16:39:11.468	1.25142	1.25144			6
2024.12.26	16:39:13.598	1.25140	1.25143			6
2024.12.26	16:39:14.833		1.25144			4
2024.12.26	16:39:15.137	1.25143	1.25146			6
2024.12.26	16:39:15.438	1.25142				2
2024.12.26	16:39:15.747		1.25145			4
2024.12.26	16:39:20.016		1.25144			4
2024.12.26	16:39:20.323	1.25141				2
2024.12.26	16:39:22.164	1.25139	1.25142			6
2024.12.26	16:39:22.466	1.25140				2
2024.12.26	16:39:23.077	1.25141	1.25144			6
2024.12.26	16:39:23.381		1.25143			4
2024.12.26	16:39:24.310	1.25139	1.25141			6
2024.12.26	16:39:24.613		1.25142			4
2024.12.26	16:39:24.917	1.25140	1.25143			6
2024.12.26	16:39:27.365		1.25142			4
2024.12.26	16:39:27.669	1.25141	1.25145			6
2024.12.26	16:39:28.897	1.25142				2
2024.12.26	16:39:29.204		1.25146			4
2024.12.26	16:39:29.505		1.25145			4
2024.12.26	16:39:30.742	1.25140	1.25141			6
2024.12.26	16:39:31.050	1.25132	1.25133			6
2024.12.26	16:39:31.661	1.25130				2
2024.12.26	16:39:31.964	1.25131	1.25134			6
2024.12.26	16:39:33.501	1.25122	1.25125			6
2024.12.26	16:39:33.804	1.25121	1.25124			6
2024.12.26	16:39:34.424	1.25120	1.25121			6
2024.12.26	16:39:34.724	1.25121	1.25123			6
2024.12.26	16:39:35.027	1.25120				2
2024.12.26	16:39:36.243		1.25121			4
2024.12.26	16:39:36.551		1.25123			4
2024.12.26	16:39:36.856		1.25122			4
2024.12.26	16:39:37.162	1.25112	1.25114			6
2024.12.26	16:39:37.463	1.25113	1.25115			6
2024.12.26	16:39:37.777	1.25118	1.25121			6
2024.12.26	16:39:38.084	1.25119	1.25122			6
2024.12.26	16:39:38.695	1.25118	1.25121			6
2024.12.26	16:39:39.313	1.25116	1.25119			6
2024.12.26	16:39:39.616		1.25118			4
2024.12.26	16:39:40.227	1.25115	1.25117			6
2024.12.26	16:39:40.531	1.25117	1.25120			6
2024.12.26	16:39:41.457	1.25118	1.25121			6
2024.12.26	16:39:41.766		1.25120			4
2024.12.26	16:39:42.684		1.25121			4
2024.12.26	16:39:43.297		1.25120			4
2024.12.26	16:39:43.602		1.25121			4
2024.12.26	16:39:44.217	1.25117	1.25120			6
2024.12.26	16:39:44.836	1.25118	1.25121			6
2024.12.26	16:39:46.057	1.25120	1.25123			6
2024.12.26	16:39:46.368	1.25121	1.25124			6
2024.12.26	16:39:46.981	1.25120				2
2024.12.26	16:39:47.597	1.25121				2
2024.12.26	16:39:49.125	1.25123	1.25125			6
2024.12.26	16:39:49.429	1.25125	1.25128			6
2024.12.26	16:39:49.740	1.25127	1.25131			6
2024.12.26	16:39:50.046	1.25126	1.25130			6
2024.12.26	16:39:50.961		1.25129			4
2024.12.26	16:39:53.727		1.25130			4
2024.12.26	16:39:54.342		1.25129			4
2024.12.26	16:39:54.645	1.25124	1.25127			6
2024.12.26	16:39:54.948	1.25123				2
2024.12.26	16:39:55.267	1.25121	1.25125			6
2024.12.26	16:39:55.880		1.25124			4
2024.12.26	16:39:56.183	1.25119	1.25122			6
2024.12.26	16:39:56.487	1.25118	1.25121			6
2024.12.26	16:39:57.407	1.25116	1.25120			6
2024.12.26	16:39:58.639	1.25117				2
2024.12.26	16:40:00.171	1.25117				2
2024.12.26	16:40:00.477		1.25119			4
2024.12.26	16:40:02.321		1.25121			4
2024.12.26	16:40:06.624	1.25118	1.25122			6
2024.12.26	16:40:07.237	1.25115	1.25118			6
2024.12.26	16:40:07.852	1.25108	1.25112			6
2024.12.26	16:40:08.161	1.25106	1.25110			6
2024.12.26	16:40:08.466		1.25109			4
2024.12.26	16:40:08.776		1.25110			4
2024.12.26	16:40:09.691		1.25108			4
2024.12.26	16:40:10.001	1.25105	1.25107			6
2024.12.26	16:40:10.308	1.25101	1.25105			6
2024.12.26	16:40:11.530	1.25097	1.25101			6
2024.12.26	16:40:11.838	1.25100	1.25103			6
2024.12.26	16:40:13.063	1.25101	1.25106			6
2024.12.26	16:40:14.591	1.25098	1.25100			6
2024.12.26	16:40:14.902	1.25099	1.25102			6
2024.12.26	16:40:15.205	1.25100	1.25103			6
2024.12.26	16:40:15.823	1.25102	1.25104			6
2024.12.26	16:40:16.125		1.25105			4
2024.12.26	16:40:16.431	1.25107	1.25110			6
2024.12.26	16:40:17.358	1.25108	1.25111			6
2024.12.26	16:40:17.662	1.25107				2
2024.12.26	16:40:17.971	1.25108				2
2024.12.26	16:40:18.277	1.25107				2
2024.12.26	16:40:18.585		1.25110			4
2024.12.26	16:40:21.047		1.25111			4
2024.12.26	16:40:22.883		1.25110			4
2024.12.26	16:40:23.799	1.25105	1.25109			6
2024.12.26	16:40:24.104		1.25108			4
2024.12.26	16:40:25.336		1.25110			4
2024.12.26	16:40:25.943	1.25103	1.25106			6
2024.12.26	16:40:26.247	1.25102				2
2024.12.26	16:40:26.865	1.25097	1.25101			6
2024.12.26	16:40:27.166	1.25091	1.25095			6
2024.12.26	16:40:27.470	1.25094	1.25097			6
2024.12.26	16:40:28.705	1.25092	1.25095			6
2024.12.26	16:40:29.321		1.25094			4
2024.12.26	16:40:30.542		1.25095			4
2024.12.26	16:40:31.447	1.25091				2
2024.12.26	16:40:32.063	1.25079	1.25082			6
2024.12.26	16:40:32.366	1.25077	1.25079			6
2024.12.26	16:40:32.678	1.25072	1.25074			6
2024.12.26	16:40:32.983	1.25077	1.25079			6
2024.12.26	16:40:33.287	1.25076	1.25077			6
2024.12.26	16:40:34.523	1.25077	1.25079			6
2024.12.26	16:40:34.829	1.25078	1.25080			6
2024.12.26	16:40:35.131	1.25081	1.25083			6
2024.12.26	16:40:35.745	1.25083	1.25084			6
2024.12.26	16:40:36.675	1.25082	1.25083			6
2024.12.26	16:40:36.984	1.25081				2
2024.12.26	16:40:37.902	1.25082	1.25085			6
2024.12.26	16:40:38.521	1.25083				2
2024.12.26	16:40:38.823	1.25084				2
2024.12.26	16:40:39.441		1.25086			4
2024.12.26	16:40:40.364	1.25083				2
2024.12.26	16:40:41.282	1.25084				2
2024.12.26	16:40:43.121	1.25087	1.25088			6
2024.12.26	16:40:43.737	1.25088	1.25089			6
2024.12.26	16:40:45.574	1.25086	1.25088			6
2024.12.26	16:40:45.883	1.25088	1.25089			6
2024.12.26	16:40:47.112		1.25090			4
2024.12.26	16:40:47.724	1.25090	1.25091			6
2024.12.26	16:40:48.026	1.25092	1.25093			6
2024.12.26	16:40:48.951		1.25094			4
2024.12.26	16:40:49.256	1.25090	1.25092			6
2024.12.26	16:40:49.563	1.25088	1.25089			6
2024.12.26	16:40:49.866	1.25085	1.25088			6
2024.12.26	16:40:50.179	1.25087	1.25090			6
2024.12.26	16:40:50.482	1.25086	1.25088			6
2024.12.26	16:40:51.099	1.25085				2
2024.12.26	16:40:52.632	1.25086				2
2024.12.26	16:40:53.254	1.25087	1.25090			6
2024.12.26	16:40:54.784	1.25089	1.25092			6
2024.12.26	16:40:55.094	1.25091	1.25094			6
2024.12.26	16:40:55.702	1.25092	1.25095			6
2024.12.26	16:40:56.627		1.25094			4
2024.12.26	16:41:00.004	1.25092				2
2024.12.26	16:41:00.307	1.25094	1.25097			6
2024.12.26	16:41:00.620	1.25093	1.25095			6
2024.12.26	16:41:01.236		1.25096			4
2024.12.26	16:41:04.003	1.25092	1.25095			6
2024.12.26	16:41:04.313	1.25091	1.25093			6
2024.12.26	16:41:04.620		1.25094			4
2024.12.26	16:41:04.931	1.25084	1.25085			6
2024.12.26	16:41:05.237	1.25080	1.25083			6
2024.12.26	16:41:05.855	1.25079	1.25080			6
2024.12.26	16:41:06.159		1.25081			4
2024.12.26	16:41:06.471		1.25082			4
2024.12.26	16:41:06.781		1.25081			4
2024.12.26	16:41:07.088		1.25082			4
2024.12.26	16:41:07.396	1.25081	1.25084			6
2024.12.26	16:41:08.317	1.25080	1.25083			6
2024.12.26	16:41:09.543	1.25083	1.25085			6
2024.12.26	16:41:09.846	1.25082				2
2024.12.26	16:41:10.775	1.25080	1.25084			6
2024.12.26	16:41:11.385	1.25078	1.25083			6
2024.12.26	16:41:12.309		1.25082			4
2024.12.26	16:41:13.847	1.25077	1.25083			6
2024.12.26	16:41:16.297		1.25078			4
2024.12.26	16:41:18.141	1.25078	1.25079			6
2024.12.26	16:41:19.367	1.25077				2
2024.12.26	16:41:20.592		1.25078			4
2024.12.26	16:41:21.823	1.25074				2
2024.12.26	16:41:22.124	1.25072	1.25076			6
2024.12.26	16:41:22.426	1.25071	1.25074			6
2024.12.26	16:41:22.741		1.25075			4
2024.12.26	16:41:23.055		1.25074			4
2024.12.26	16:41:23.975	1.25072				2
2024.12.26	16:41:26.727	1.25071	1.25073			6
2024.12.26	16:41:31.331		1.25075			4
2024.12.26	16:41:31.637	1.25072				2
2024.12.26	16:41:31.943	1.25071				2
2024.12.26	16:41:35.014	1.25073	1.25076			6
2024.12.26	16:41:35.627	1.25074	1.25077			6
2024.12.26	16:41:35.938	1.25069	1.25072			6
2024.12.26	16:41:36.244	1.25068				2
2024.12.26	16:41:37.470	1.25069	1.25073			6
2024.12.26	16:41:37.776	1.25068	1.25072			6
2024.12.26	16:41:38.392	1.25063	1.25067			6
2024.12.26	16:41:38.700	1.25065	1.25069			6
2024.12.26	16:41:39.005	1.25061	1.25064			6
2024.12.26	16:41:39.617	1.25060				2
2024.12.26	16:41:39.923	1.25061				2
2024.12.26	16:41:40.538		1.25065			4
2024.12.26	16:41:41.762	1.25064	1.25066			6
2024.12.26	16:41:42.071	1.25060				2
2024.12.26	16:41:42.379	1.25061	1.25064			6
2024.12.26	16:41:42.990	1.25060				2
2024.12.26	16:41:43.294	1.25061				2
2024.12.26	16:41:43.917		1.25065			4
2024.12.26	16:41:44.222	1.25062				2
2024.12.26	16:41:46.686	1.25061	1.25064			6
2024.12.26	16:41:47.301	1.25062	1.25065			6
2024.12.26	16:41:55.613	1.25074	1.25076			6
2024.12.26	16:41:55.922	1.25071	1.25074			6
2024.12.26	16:41:56.224	1.25070				2
2024.12.26	16:41:56.534	1.25067	1.25071			6
2024.12.26	16:41:56.843	1.25060	1.25065			6
2024.12.26	16:41:57.146	1.25061				2
2024.12.26	16:41:58.069	1.25060	1.25067			6
2024.12.26	16:41:58.681	1.25061				2
2024.12.26	16:41:59.603	1.25064	1.25068			6
2024.12.26	16:42:00.216	1.25064				2
2024.12.26	16:42:00.830	1.25063	1.25067			6
2024.12.26	16:42:01.138	1.25064	1.25068			6
2024.12.26	16:42:01.750	1.25062	1.25066			6
2024.12.26	16:42:02.365	1.25065	1.25067			6
2024.12.26	16:42:02.672	1.25064				2
2024.12.26	16:42:03.895	1.25066	1.25069			6
2024.12.26	16:42:04.202		1.25068			4
2024.12.26	16:42:06.973		1.25069			4
2024.12.26	16:42:07.280		1.25068			4
2024.12.26	16:42:07.894		1.25069			4
2024.12.26	16:42:08.818	1.25065				2
2024.12.26	16:42:14.651	1.25072	1.25075			6
2024.12.26	16:42:15.884	1.25071				2
2024.12.26	16:42:16.191	1.25072				2
2024.12.26	16:42:16.499	1.25069	1.25072			6
2024.12.26	16:42:16.803	1.25070	1.25073			6
2024.12.26	16:42:17.113		1.25074			4
2024.12.26	16:42:17.420		1.25073			4
2024.12.26	16:42:17.724		1.25074			4
2024.12.26	16:42:18.035	1.25071				2
2024.12.26	16:42:18.341	1.25072	1.25075			6
2024.12.26	16:42:20.182	1.25073				2
2024.12.26	16:42:20.485	1.25072				2
2024.12.26	16:42:20.794	1.25071				2
2024.12.26	16:42:21.101	1.25072				2
2024.12.26	16:42:21.716	1.25073				2
2024.12.26	16:42:22.022		1.25078			4
2024.12.26	16:42:22.324		1.25076			4
2024.12.26	16:42:22.930	1.25074	1.25078			6
2024.12.26	16:42:23.237	1.25072	1.25077			6
2024.12.26	16:42:24.161	1.25073	1.25078			6
2024.12.26	16:42:24.468	1.25075				2
2024.12.26	16:42:25.076	1.25076	1.25079			6
2024.12.26	16:42:27.514		1.25078			4
2024.12.26	16:42:28.733		1.25079			4
2024.12.26	16:42:29.043	1.25079	1.25082			6
2024.12.26	16:42:29.351	1.25081				2
2024.12.26	16:42:29.962		1.25083			4
2024.12.26	16:42:30.576		1.25082			4
2024.12.26	16:42:30.879		1.25083			4
2024.12.26	16:42:33.327	1.25080				2
2024.12.26	16:42:33.939	1.25077	1.25080			6
2024.12.26	16:42:34.242	1.25080	1.25082			6
2024.12.26	16:42:34.545	1.25082	1.25084			6
2024.12.26	16:42:35.461	1.25083				2
2024.12.26	16:42:35.767	1.25082	1.25083			6
2024.12.26	16:42:36.071	1.25080				2
2024.12.26	16:42:36.382	1.25081				2
2024.12.26	16:42:36.993	1.25076	1.25079			6
2024.12.26	16:42:37.299	1.25080	1.25083			6
2024.12.26	16:42:37.603	1.25081				2
2024.12.26	16:42:38.217	1.25082	1.25084			6
2024.12.26	16:42:38.524	1.25084	1.25087			6
2024.12.26	16:42:38.834	1.25086	1.25089			6
2024.12.26	16:42:40.985	1.25090	1.25094			6
2024.12.26	16:42:41.294		1.25093			4
2024.12.26	16:42:43.138		1.25092			4
2024.12.26	16:42:43.448		1.25094			4
2024.12.26	16:42:43.756	1.25091				2
2024.12.26	16:42:44.064	1.25093	1.25097			6
2024.12.26	16:42:44.368	1.25094				2
2024.12.26	16:42:46.830		1.25098			4
2024.12.26	16:42:47.135	1.25095				2
2024.12.26	16:42:48.979		1.25097			4
2024.12.26	16:42:50.822	1.25094				2
2024.12.26	16:42:52.364		1.25096			4
2024.12.26	16:42:53.581	1.25092				2
2024.12.26	16:42:54.506	1.25091	1.25095			6
2024.12.26	16:42:54.811	1.25088	1.25091			6
2024.12.26	16:42:56.039	1.25089	1.25093			6
2024.12.26	16:42:57.267	1.25094	1.25096			6
2024.12.26	16:42:58.186		1.25097			4
2024.12.26	16:42:58.491	1.25091	1.25095			6
2024.12.26	16:42:59.403	1.25094				2
2024.12.26	16:42:59.710	1.25092				2
2024.12.26	16:43:00.014	1.25094	1.25097			6
2024.12.26	16:43:00.625	1.25092	1.25098			6
2024.12.26	16:43:00.931		1.25096			4
2024.12.26	16:43:01.242	1.25091	1.25094			6
2024.12.26	16:43:02.168		1.25095			4
2024.12.26	16:43:02.472		1.25094			4
2024.12.26	16:43:03.088	1.25090	1.25093			6
2024.12.26	16:43:04.009		1.25094			4
2024.12.26	16:43:10.160		1.25093			4
2024.12.26	16:43:10.775	1.25092	1.25094			6
2024.12.26	16:43:11.081		1.25093			4
2024.12.26	16:43:11.997		1.25094			4
2024.12.26	16:43:12.305	1.25091				2
2024.12.26	16:43:15.682	1.25084	1.25087			6
2024.12.26	16:43:16.287	1.25083				2
2024.12.26	16:43:16.590	1.25085	1.25088			6
2024.12.26	16:43:16.901	1.25084				2
2024.12.26	16:43:17.207		1.25087			4
2024.12.26	16:43:17.515	1.25081	1.25084			6
2024.12.26	16:43:18.743	1.25080	1.25083			6
2024.12.26	16:43:19.364	1.25079	1.25082			6
2024.12.26	16:43:19.673	1.25080	1.25083			6
2024.12.26	16:43:19.979	1.25081				2
2024.12.26	16:43:20.592		1.25084			4
2024.12.26	16:43:20.896	1.25082				2
2024.12.26	16:43:21.204	1.25081				2
2024.12.26	16:43:21.512	1.25082				2
2024.12.26	16:43:21.815	1.25081				2
2024.12.26	16:43:22.123	1.25080	1.25083			6
2024.12.26	16:43:22.425	1.25079				2
2024.12.26	16:43:23.661	1.25080				2
2024.12.26	16:43:24.273	1.25077	1.25081			6
2024.12.26	16:43:24.576	1.25076	1.25079			6
2024.12.26	16:43:24.883	1.25077	1.25080			6
2024.12.26	16:43:26.114	1.25076	1.25079			6
2024.12.26	16:43:26.424	1.25075	1.25078			6
2024.12.26	16:43:27.039	1.25073	1.25076			6
2024.12.26	16:43:27.344	1.25074	1.25077			6
2024.12.26	16:43:27.648		1.25078			4
2024.12.26	16:43:28.265		1.25077			4
2024.12.26	16:43:33.175	1.25082	1.25085			6
2024.12.26	16:43:33.484	1.25081				2
2024.12.26	16:43:35.016	1.25084	1.25087			6
2024.12.26	16:43:35.630	1.25081	1.25085			6
2024.12.26	16:43:35.937		1.25084			4
2024.12.26	16:43:36.246	1.25080				2
2024.12.26	16:43:36.552	1.25082				2
2024.12.26	16:43:42.671	1.25081				2
2024.12.26	16:43:45.740	1.25075	1.25079			6
2024.12.26	16:43:46.357	1.25074	1.25078			6
2024.12.26	16:43:46.669	1.25075	1.25079			6
2024.12.26	16:43:46.971	1.25074	1.25078			6
2024.12.26	16:43:47.891	1.25072	1.25076			6
2024.12.26	16:43:49.731	1.25073	1.25077			6
2024.12.26	16:43:50.040	1.25072	1.25076			6
2024.12.26	16:43:51.262	1.25074	1.25077			6
2024.12.26	16:43:51.572	1.25073				2
2024.12.26	16:43:51.880	1.25074	1.25078			6
2024.12.26	16:43:53.104	1.25073	1.25077			6
2024.12.26	16:43:53.718	1.25074				2
2024.12.26	16:43:54.030	1.25073				2
2024.12.26	16:43:54.332		1.25076			4
2024.12.26	16:43:55.254		1.25077			4
2024.12.26	16:43:55.867	1.25074				2
2024.12.26	16:43:56.170	1.25078	1.25080			6
2024.12.26	16:43:56.483	1.25077				2
2024.12.26	16:43:56.792	1.25080	1.25082			6
2024.12.26	16:43:57.099	1.25078				2
2024.12.26	16:43:57.402	1.25077	1.25080			6
2024.12.26	16:43:59.236	1.25076	1.25078			6
2024.12.26	16:43:59.847	1.25074	1.25075			6
2024.12.26	16:44:00.154	1.25074				2
2024.12.26	16:44:01.990	1.25073	1.25074			6
2024.12.26	16:44:03.215	1.25074	1.25077			6
2024.12.26	16:44:04.132	1.25075	1.25078			6
2024.12.26	16:44:04.439	1.25074				2
2024.12.26	16:44:12.094	1.25075				2
2024.12.26	16:44:13.316		1.25077			4
2024.12.26	16:44:14.233	1.25074	1.25078			6
2024.12.26	16:44:14.540		1.25077			4
2024.12.26	16:44:14.846	1.25072	1.25075			6
2024.12.26	16:44:16.368	1.25071				2
2024.12.26	16:44:16.679	1.25068	1.25070			6
2024.12.26	16:44:16.983	1.25066	1.25069			6
2024.12.26	16:44:17.604	1.25064	1.25068			6
2024.12.26	16:44:18.520		1.25067			4
2024.12.26	16:44:19.130		1.25068			4
2024.12.26	16:44:20.655	1.25062	1.25064			6
2024.12.26	16:44:20.962	1.25061				2
2024.12.26	16:44:22.806	1.25060				2
2024.12.26	16:44:23.425	1.25061				2
2024.12.26	16:44:24.338	1.25062	1.25065			6
2024.12.26	16:44:26.473	1.25061	1.25064			6
2024.12.26	16:44:26.782	1.25060				2
2024.12.26	16:44:27.087	1.25061				2
2024.12.26	16:44:28.301	1.25063	1.25066			6
2024.12.26	16:44:28.604	1.25065	1.25068			6
2024.12.26	16:44:30.747	1.25064				2
2024.12.26	16:44:31.361	1.25067	1.25069			6
2024.12.26	16:44:31.668	1.25069	1.25073			6
2024.12.26	16:44:37.500	1.25070				2
2024.12.26	16:44:38.114	1.25066	1.25069			6
2024.12.26	16:44:38.416		1.25070			4
2024.12.26	16:44:38.725	1.25069	1.25071			6
2024.12.26	16:44:39.026		1.25073			4
2024.12.26	16:44:39.330		1.25072			4
2024.12.26	16:44:39.647		1.25073			4
2024.12.26	16:44:39.955		1.25072			4
2024.12.26	16:44:41.485	1.25066	1.25070			6
2024.12.26	16:44:41.787	1.25072	1.25075			6
2024.12.26	16:44:48.551	1.25069	1.25070			6
2024.12.26	16:44:48.858	1.25070	1.25073			6
2024.12.26	16:44:50.085		1.25074			4
2024.12.26	16:44:50.389	1.25067	1.25071			6
2024.12.26	16:44:51.002	1.25069				2
2024.12.26	16:44:51.310	1.25072	1.25074			6
2024.12.26	16:44:54.680	1.25071				2
2024.12.26	16:44:57.423	1.25072				2
2024.12.26	16:44:58.039	1.25071				2
2024.12.26	16:45:00.182	1.25071				2
2024.12.26	16:45:00.487	1.25072				2
2024.12.26	16:45:00.794	1.25071				2
2024.12.26	16:45:01.103	1.25074	1.25078			6
2024.12.26	16:45:01.406	1.25084	1.25085			6
2024.12.26	16:45:01.710	1.25083	1.25086			6
2024.12.26	16:45:02.014	1.25079	1.25083			6
2024.12.26	16:45:02.316	1.25078				2
2024.12.26	16:45:02.627	1.25081				2
2024.12.26	16:45:05.701		1.25084			4
2024.12.26	16:45:06.003	1.25080				2
2024.12.26	16:45:06.623	1.25081				2
2024.12.26	16:45:06.928	1.25082				2
2024.12.26	16:45:07.539	1.25080				2
2024.12.26	16:45:08.154	1.25081				2
2024.12.26	16:45:09.382	1.25084	1.25087			6
2024.12.26	16:45:09.684		1.25088			4
2024.12.26	16:45:10.000		1.25087			4
2024.12.26	16:45:14.006	1.25085	1.25088			6
2024.12.26	16:45:14.308		1.25087			4
2024.12.26	16:45:14.622		1.25090			4
2024.12.26	16:45:15.541	1.25087				2
2024.12.26	16:45:16.767	1.25082	1.25086			6
2024.12.26	16:45:17.691	1.25083				2
2024.12.26	16:45:18.614	1.25081	1.25085			6
2024.12.26	16:45:21.381	1.25079	1.25083			6
2024.12.26	16:45:21.998	1.25077	1.25081			6
2024.12.26	16:45:22.304	1.25078	1.25082			6
2024.12.26	16:45:22.922	1.25079	1.25083			6
2024.12.26	16:45:26.003	1.25078	1.25081			6
2024.12.26	16:45:26.305	1.25075	1.25078			6
2024.12.26	16:45:28.144	1.25070	1.25073			6
2024.12.26	16:45:29.374	1.25071				2
2024.12.26	16:45:29.677	1.25072	1.25074			6
2024.12.26	16:45:29.994	1.25068	1.25072			6
2024.12.26	16:45:30.297	1.25070				2
2024.12.26	16:45:31.219	1.25069				2
2024.12.26	16:45:33.072	1.25065	1.25069			6
2024.12.26	16:45:33.375		1.25068			4
2024.12.26	16:45:33.687		1.25069			4
2024.12.26	16:45:34.301	1.25064	1.25066			6
2024.12.26	16:45:34.602		1.25067			4
2024.12.26	16:45:35.209	1.25063				2
2024.12.26	16:45:35.517	1.25064				2
2024.12.26	16:45:36.125	1.25065				2
2024.12.26	16:45:38.908	1.25066				2
2024.12.26	16:45:39.522	1.25065				2
2024.12.26	16:45:40.750	1.25062	1.25065			6
2024.12.26	16:45:42.595	1.25060	1.25063			6
2024.12.26	16:45:42.902	1.25061	1.25064			6
2024.12.26	16:45:44.432	1.25063	1.25065			6
2024.12.26	16:45:44.745	1.25062				2
2024.12.26	16:45:45.058	1.25061				2
2024.12.26	16:45:45.360	1.25060	1.25064			6
2024.12.26	16:45:45.977	1.25057	1.25061			6
2024.12.26	16:45:46.285	1.25056				2
2024.12.26	16:45:46.590	1.25058				2
2024.12.26	16:45:46.898	1.25057				2
2024.12.26	16:45:47.205	1.25061	1.25063			6
2024.12.26	16:45:47.508	1.25063	1.25066			6
2024.12.26	16:45:48.424	1.25066	1.25068			6
2024.12.26	16:45:48.741		1.25069			4
2024.12.26	16:45:49.356	1.25065				2
2024.12.26	16:45:53.643		1.25068			4
2024.12.26	16:45:53.947	1.25066	1.25067			6
2024.12.26	16:45:54.559	1.25064				2
2024.12.26	16:45:56.402	1.25063	1.25066			6
2024.12.26	16:45:56.709	1.25062	1.25065			6
2024.12.26	16:45:57.628	1.25063	1.25066			6
2024.12.26	16:45:57.935	1.25066	1.25068			6
2024.12.26	16:45:59.161	1.25065				2
2024.12.26	16:46:00.073	1.25065				2
2024.12.26	16:46:00.681		1.25067			4
2024.12.26	16:46:00.986		1.25068			4
2024.12.26	16:46:03.134	1.25066				2
2024.12.26	16:46:08.340	1.25064				2
2024.12.26	16:46:08.643	1.25066				2
2024.12.26	16:46:08.948		1.25070			4
2024.12.26	16:46:09.861	1.25062	1.25063			6
2024.12.26	16:46:10.168	1.25051	1.25053			6
2024.12.26	16:46:10.478	1.25050	1.25054			6
2024.12.26	16:46:11.094	1.25049	1.25052			6
2024.12.26	16:46:11.397	1.25050	1.25054			6
2024.12.26	16:46:12.317	1.25049	1.25053			6
2024.12.26	16:46:12.622	1.25050	1.25054			6
2024.12.26	16:46:12.928	1.25051	1.25055			6
2024.12.26	16:46:13.230	1.25052	1.25056			6
2024.12.26	16:46:13.539	1.25051	1.25055			6
2024.12.26	16:46:16.895	1.25053	1.25057			6
2024.12.26	16:46:17.815	1.25052	1.25056			6
2024.12.26	16:46:19.961	1.25053	1.25058			6
2024.12.26	16:46:21.183	1.25052	1.25056			6
2024.12.26	16:46:21.487		1.25057			4
2024.12.26	16:46:21.805	1.25053				2
2024.12.26	16:46:22.110		1.25058			4
2024.12.26	16:46:22.412		1.25057			4
2024.12.26	16:46:23.029		1.25058			4
2024.12.26	16:46:25.485	1.25054				2
2024.12.26	16:46:27.620	1.25055				2
2024.12.26	16:46:27.928	1.25054				2
2024.12.26	16:46:34.351	1.25053				2
2024.12.26	16:46:34.656	1.25054				2
2024.12.26	16:46:38.017	1.25063	1.25065			6
2024.12.26	16:46:38.321		1.25066			4
2024.12.26	16:46:42.291	1.25062				2
2024.12.26	16:46:42.597		1.25065			4
2024.12.26	16:46:43.213	1.25059	1.25062			6
2024.12.26	16:46:43.522	1.25056	1.25061			6
2024.12.26	16:46:43.830	1.25058				2
2024.12.26	16:46:44.140	1.25057				2
2024.12.26	16:46:44.447		1.25060			4
2024.12.26	16:46:45.370	1.25056				2
2024.12.26	16:46:45.673	1.25054	1.25059			6
2024.12.26	16:46:46.603	1.25057	1.25060			6
2024.12.26	16:46:46.907		1.25061			4
2024.12.26	16:46:49.683	1.25059	1.25062			6
2024.12.26	16:46:49.989	1.25060	1.25063			6
2024.12.26	16:46:50.602		1.25062			4
2024.12.26	16:46:50.903		1.25063			4
2024.12.26	16:46:52.132	1.25059				2
2024.12.26	16:46:52.439	1.25060				2
2024.12.26	16:46:53.366	1.25059				2
2024.12.26	16:46:53.983	1.25057	1.25061			6
2024.12.26	16:46:54.284	1.25062	1.25065			6
2024.12.26	16:46:54.600	1.25063				2
2024.12.26	16:46:56.140		1.25067			4
2024.12.26	16:46:56.445	1.25068	1.25072			6
2024.12.26	16:46:57.063	1.25069				2
2024.12.26	16:46:57.368	1.25068				2
2024.12.26	16:46:57.983	1.25069	1.25071			6
2024.12.26	16:46:58.292	1.25068				2
2024.12.26	16:47:00.134	1.25068				2
2024.12.26	16:47:00.439	1.25069				2
2024.12.26	16:47:01.054	1.25068				2
2024.12.26	16:47:03.814	1.25065	1.25069			6
2024.12.26	16:47:04.130	1.25061	1.25066			6
2024.12.26	16:47:04.744		1.25065			4
2024.12.26	16:47:05.048	1.25063	1.25066			6
2024.12.26	16:47:05.361	1.25062	1.25067			6
2024.12.26	16:47:05.975	1.25060	1.25065			6
2024.12.26	16:47:07.200	1.25059	1.25064			6
2024.12.26	16:47:08.126	1.25058	1.25063			6
2024.12.26	16:47:08.432		1.25062			4
2024.12.26	16:47:08.747	1.25059	1.25063			6
2024.12.26	16:47:09.971	1.25057	1.25061			6
2024.12.26	16:47:12.740	1.25059	1.25063			6
2024.12.26	16:47:13.047	1.25058	1.25062			6
2024.12.26	16:47:13.350	1.25059	1.25063			6
2024.12.26	16:47:13.971	1.25060				2
2024.12.26	16:47:14.281	1.25058				2
2024.12.26	16:47:14.584	1.25057	1.25060			6
2024.12.26	16:47:14.887	1.25055				2
2024.12.26	16:47:15.496	1.25056				2
2024.12.26	16:47:16.411	1.25054	1.25059			6
2024.12.26	16:47:17.027		1.25058			4
2024.12.26	16:47:17.334		1.25059			4
2024.12.26	16:47:17.641	1.25052	1.25057			6
2024.12.26	16:47:17.950		1.25056			4
2024.12.26	16:47:18.256	1.25053				2
2024.12.26	16:47:18.562		1.25057			4
2024.12.26	16:47:21.024	1.25054				2
2024.12.26	16:47:21.330		1.25058			4
2024.12.26	16:47:25.329	1.25055				2
2024.12.26	16:47:25.635	1.25061	1.25064			6
2024.12.26	16:47:26.870	1.25057	1.25061			6
2024.12.26	16:47:27.176	1.25059	1.25064			6
2024.12.26	16:47:28.093		1.25062			4
2024.12.26	16:47:28.402		1.25061			4
2024.12.26	16:47:28.711		1.25062			4
2024.12.26	16:47:29.020		1.25063			4
2024.12.26	16:47:29.326		1.25062			4
2024.12.26	16:47:30.252		1.25063			4
2024.12.26	16:47:30.558	1.25061				2
2024.12.26	16:47:30.870		1.25064			4
2024.12.26	16:47:31.789		1.25063			4
2024.12.26	16:47:33.020		1.25064			4
2024.12.26	16:47:33.324		1.25065			4
2024.12.26	16:47:33.954		1.25064			4
2024.12.26	16:47:36.413	1.25063	1.25065			6
2024.12.26	16:47:37.950	1.25067	1.25070			6
2024.12.26	16:47:38.260	1.25066	1.25069			6
2024.12.26	16:47:39.491	1.25063	1.25066			6
2024.12.26	16:47:39.802	1.25062	1.25064			6
2024.12.26	16:47:40.731		1.25065			4
2024.12.26	16:47:41.342	1.25061				2
2024.12.26	16:47:43.799	1.25060				2
2024.12.26	16:47:44.723	1.25062				2
2024.12.26	16:47:45.031		1.25066			4
2024.12.26	16:47:45.338		1.25065			4
2024.12.26	16:47:46.258	1.25064	1.25068			6
2024.12.26	16:47:46.561	1.25065				2
2024.12.26	16:47:46.870	1.25064				2
2024.12.26	16:47:48.708	1.25065	1.25069			6
2024.12.26	16:47:55.168		1.25068			4
2024.12.26	16:47:55.775	1.25062	1.25066			6
2024.12.26	16:47:56.996	1.25064				2
2024.12.26	16:47:57.301		1.25067			4
2024.12.26	16:47:57.608		1.25068			4
2024.12.26	16:47:58.520		1.25067			4
2024.12.26	16:47:58.828	1.25063	1.25066			6
2024.12.26	16:47:59.741	1.25062	1.25065			6
2024.12.26	16:48:00.055	1.25062				2
2024.12.26	16:48:00.361	1.25063	1.25066			6
2024.12.26	16:48:01.279	1.25064				2
2024.12.26	16:48:02.804	1.25063				2
2024.12.26	16:48:03.720	1.25058	1.25062			6
2024.12.26	16:48:05.234	1.25059	1.25063			6
2024.12.26	16:48:05.538	1.25058	1.25062			6
2024.12.26	16:48:07.366	1.25057	1.25061			6
2024.12.26	16:48:08.289	1.25059				2
2024.12.26	16:48:08.595		1.25063			4
2024.12.26	16:48:09.513	1.25060	1.25064			6
2024.12.26	16:48:10.723	1.25061				2
2024.12.26	16:48:11.647	1.25059	1.25063			6
2024.12.26	16:48:12.859	1.25060				2
2024.12.26	16:48:13.167	1.25061				2
2024.12.26	16:48:13.477	1.25062				2
2024.12.26	16:48:13.783		1.25064			4
2024.12.26	16:48:14.090	1.25063				2
2024.12.26	16:48:14.702	1.25065	1.25067			6
2024.12.26	16:48:15.317	1.25063	1.25066			6
2024.12.26	16:48:15.621	1.25064				2
2024.12.26	16:48:15.928		1.25067			4
2024.12.26	16:48:16.846		1.25068			4
2024.12.26	16:48:17.461		1.25067			4
2024.12.26	16:48:18.686		1.25066			4
2024.12.26	16:48:18.989	1.25065				2
2024.12.26	16:48:19.294		1.25067			4
2024.12.26	16:48:20.821		1.25068			4
2024.12.26	16:48:21.739	1.25066				2
2024.12.26	16:48:22.958	1.25065				2
2024.12.26	16:48:23.262	1.25068	1.25070			6
2024.12.26	16:48:23.567	1.25065	1.25067			6
2024.12.26	16:48:23.871		1.25068			4
2024.12.26	16:48:24.484	1.25064				2
2024.12.26	16:48:25.707	1.25066	1.25070			6
2024.12.26	16:48:30.302	1.25064	1.25068			6
2024.12.26	16:48:30.604	1.25066				2
2024.12.26	16:48:30.913		1.25069			4
2024.12.26	16:48:31.829	1.25067	1.25071			6
2024.12.26	16:48:32.134	1.25066	1.25069			6
2024.12.26	16:48:33.366	1.25067				2
2024.12.26	16:48:33.975	1.25066				2
2024.12.26	16:48:34.277	1.25068	1.25070			6
2024.12.26	16:48:34.887	1.25067				2
2024.12.26	16:48:35.192	1.25068				2
2024.12.26	16:48:37.343	1.25067	1.25069			6
2024.12.26	16:48:40.388	1.25066				2
2024.12.26	16:48:40.691		1.25068			4
2024.12.26	16:48:42.826	1.25063	1.25065			6
2024.12.26	16:48:43.745	1.25064	1.25066			6
2024.12.26	16:48:44.045	1.25066	1.25067			6
2024.12.26	16:48:44.353		1.25068			4
2024.12.26	16:48:45.882	1.25067	1.25069			6
2024.12.26	16:48:47.108		1.25068			4
2024.12.26	16:48:48.331	1.25066	1.25067			6
2024.12.26	16:48:48.943	1.25065				2
2024.12.26	16:48:51.390	1.25064	1.25066			6
2024.12.26	16:48:51.691	1.25065				2
2024.12.26	16:48:51.998	1.25066	1.25067			6
2024.12.26	16:48:53.822	1.25064	1.25066			6
2024.12.26	16:48:54.432	1.25065	1.25067			6
2024.12.26	16:48:54.736	1.25064	1.25066			6
2024.12.26	16:48:55.043	1.25065	1.25067			6
2024.12.26	16:48:55.353	1.25064	1.25066			6
2024.12.26	16:48:55.967	1.25066	1.25067			6
2024.12.26	16:48:57.192		1.25068			4
2024.12.26	16:48:57.496		1.25067			4
2024.12.26	16:48:58.718	1.25065				2
2024.12.26	16:48:59.939		1.25066			4
2024.12.26	16:49:00.242	1.25065				2
2024.12.26	16:49:00.546		1.25067			4
2024.12.26	16:49:00.848	1.25064	1.25066			6
2024.12.26	16:49:01.157	1.25063	1.25065			6
2024.12.26	16:49:02.981	1.25061	1.25062			6
2024.12.26	16:49:03.284	1.25060	1.25061			6
2024.12.26	16:49:03.901	1.25059	1.25060			6
2024.12.26	16:49:04.818	1.25060	1.25061			6
2024.12.26	16:49:05.433	1.25056	1.25057			6
2024.12.26	16:49:05.738	1.25059	1.25061			6
2024.12.26	16:49:06.356	1.25061	1.25063			6
2024.12.26	16:49:07.580	1.25060	1.25062			6
2024.12.26	16:49:08.792	1.25061	1.25063			6
2024.12.26	16:49:09.094	1.25060	1.25062			6
2024.12.26	16:49:09.398	1.25059	1.25061			6
2024.12.26	16:49:10.307	1.25061	1.25063			6
2024.12.26	16:49:10.610	1.25059	1.25061			6
2024.12.26	16:49:11.521	1.25060	1.25062			6
2024.12.26	16:49:12.129	1.25061	1.25063			6
2024.12.26	16:49:13.356	1.25062	1.25064			6
2024.12.26	16:49:14.582	1.25064	1.25065			6
2024.12.26	16:49:14.885	1.25066	1.25068			6
2024.12.26	16:49:15.190	1.25072	1.25073			6
2024.12.26	16:49:15.495		1.25074			4
2024.12.26	16:49:15.798	1.25073				2
2024.12.26	16:49:16.112	1.25075	1.25078			6
2024.12.26	16:49:16.419		1.25079			4
2024.12.26	16:49:21.313	1.25084	1.25086			6
2024.12.26	16:49:21.621	1.25081				2
2024.12.26	16:49:21.922	1.25080	1.25084			6
2024.12.26	16:49:22.232	1.25079				2
2024.12.26	16:49:22.540	1.25080				2
2024.12.26	16:49:25.597	1.25072	1.25075			6
2024.12.26	16:49:25.902	1.25073	1.25077			6
2024.12.26	16:49:26.205	1.25072	1.25076			6
2024.12.26	16:49:32.019	1.25074	1.25078			6
2024.12.26	16:49:35.377	1.25075	1.25079			6
2024.12.26	16:49:38.120	1.25076	1.25080			6
2024.12.26	16:49:39.961	1.25078	1.25081			6
2024.12.26	16:49:40.571	1.25077				2
2024.12.26	16:49:41.179	1.25075	1.25079			6
2024.12.26	16:49:41.785	1.25076	1.25080			6
2024.12.26	16:49:43.010	1.25074	1.25078			6
2024.12.26	16:49:44.848	1.25073	1.25077			6
2024.12.26	16:49:45.153	1.25074	1.25078			6
2024.12.26	16:49:45.461	1.25073	1.25077			6
2024.12.26	16:49:47.297	1.25071	1.25075			6
2024.12.26	16:49:47.907	1.25072	1.25076			6
2024.12.26	16:49:50.357	1.25071	1.25075			6
2024.12.26	16:49:52.195	1.25072	1.25076			6
2024.12.26	16:49:52.501	1.25071	1.25075			6
2024.12.26	16:49:52.804	1.25075	1.25079			6
2024.12.26	16:49:53.419	1.25074	1.25077			6
2024.12.26	16:49:53.724		1.25078			4
2024.12.26	16:49:54.946		1.25077			4
2024.12.26	16:49:55.861	1.25072	1.25075			6
2024.12.26	16:49:56.170		1.25074			4
2024.12.26	16:49:57.996		1.25075			4
2024.12.26	16:49:58.303	1.25071	1.25073			6
2024.12.26	16:49:58.608	1.25070				2
2024.12.26	16:49:58.915	1.25071				2
2024.12.26	16:50:00.140	1.25071				2
2024.12.26	16:50:00.758	1.25070				2
2024.12.26	16:50:01.362	1.25068	1.25072			6
2024.12.26	16:50:01.979	1.25066	1.25070			6
2024.12.26	16:50:02.284	1.25065	1.25069			6
2024.12.26	16:50:02.598	1.25066	1.25070			6
2024.12.26	16:50:02.903	1.25072	1.25075			6
2024.12.26	16:50:03.207	1.25073	1.25076			6
2024.12.26	16:50:03.509	1.25074	1.25078			6
2024.12.26	16:50:04.439		1.25079			4
2024.12.26	16:50:05.361	1.25075	1.25080			6
2024.12.26	16:50:08.105	1.25076				2
2024.12.26	16:50:09.025	1.25075				2
2024.12.26	16:50:10.253	1.25073	1.25077			6
2024.12.26	16:50:10.558	1.25072				2
2024.12.26	16:50:10.863	1.25073	1.25076			6
2024.12.26	16:50:11.170		1.25077			4
2024.12.26	16:50:12.088		1.25076			4
2024.12.26	16:50:12.699	1.25072				2
2024.12.26	16:50:13.010		1.25075			4
2024.12.26	16:50:13.318	1.25073	1.25076			6
2024.12.26	16:50:14.237	1.25072	1.25075			6
2024.12.26	16:50:14.543	1.25070				2
2024.12.26	16:50:15.464		1.25074			4
2024.12.26	16:50:16.381	1.25069				2
2024.12.26	16:50:19.152	1.25065	1.25070			6
2024.12.26	16:50:19.458	1.25067	1.25072			6
2024.12.26	16:50:21.904	1.25066	1.25071			6
2024.12.26	16:50:22.212	1.25064	1.25069			6
2024.12.26	16:50:24.344	1.25065	1.25070			6
2024.12.26	16:50:24.961		1.25069			4
2024.12.26	16:50:26.483	1.25069	1.25071			6
2024.12.26	16:50:26.789	1.25075	1.25078			6
2024.12.26	16:50:27.401		1.25079			4
2024.12.26	16:50:27.708	1.25073	1.25076			6
2024.12.26	16:50:28.012	1.25071	1.25075			6
2024.12.26	16:50:28.316	1.25070				2
2024.12.26	16:50:28.622		1.25074			4
2024.12.26	16:50:29.230	1.25069				2
2024.12.26	16:50:29.848	1.25068	1.25072			6
2024.12.26	16:50:30.463	1.25066	1.25070			6
2024.12.26	16:50:30.766	1.25067	1.25071			6
2024.12.26	16:50:31.081	1.25066				2
2024.12.26	16:50:32.616	1.25064	1.25068			6
2024.12.26	16:50:32.924		1.25069			4
2024.12.26	16:50:33.233		1.25068			4
2024.12.26	16:50:33.544		1.25069			4
2024.12.26	16:50:34.151		1.25068			4
2024.12.26	16:50:36.300	1.25065	1.25069			6
2024.12.26	16:50:38.454	1.25070	1.25071			6
2024.12.26	16:50:38.762	1.25071	1.25075			6
2024.12.26	16:50:39.989	1.25070				2
2024.12.26	16:50:40.295	1.25071	1.25076			6
2024.12.26	16:50:42.447	1.25074	1.25077			6
2024.12.26	16:50:42.754	1.25075	1.25079			6
2024.12.26	16:50:43.062	1.25074				2
2024.12.26	16:50:43.370	1.25075	1.25080			6
2024.12.26	16:50:43.685	1.25076				2
2024.12.26	16:50:45.220	1.25077	1.25081			6
2024.12.26	16:50:45.826		1.25082			4
2024.12.26	16:50:46.449	1.25076	1.25080			6
2024.12.26	16:50:49.217	1.25077	1.25081			6
2024.12.26	16:50:51.373	1.25075	1.25078			6
2024.12.26	16:50:51.684	1.25073				2
2024.12.26	16:50:51.988	1.25072	1.25076			6
2024.12.26	16:50:53.211	1.25073	1.25077			6
2024.12.26	16:50:53.837	1.25072	1.25076			6
2024.12.26	16:50:54.141	1.25073	1.25077			6
2024.12.26	16:50:55.061	1.25072	1.25076			6
2024.12.26	16:50:55.370	1.25073	1.25077			6
2024.12.26	16:50:55.981	1.25072	1.25076			6
2024.12.26	16:50:56.289		1.25077			4
2024.12.26	16:50:56.595	1.25073				2
2024.12.26	16:50:57.519	1.25072				2
2024.12.26	16:50:58.136		1.25076			4
2024.12.26	16:50:58.448	1.25075	1.25078			6
2024.12.26	16:50:59.057		1.25079			4
2024.12.26	16:50:59.369		1.25078			4
2024.12.26	16:50:59.673	1.25076	1.25079			6
2024.12.26	16:50:59.983	1.25075				2
2024.12.26	16:51:00.291	1.25076				2
2024.12.26	16:51:01.212	1.25075	1.25078			6
2024.12.26	16:51:03.359	1.25073	1.25076			6
2024.12.26	16:51:03.664	1.25074	1.25077			6
2024.12.26	16:51:03.966	1.25075	1.25078			6
2024.12.26	16:51:06.112	1.25074				2
2024.12.26	16:51:06.725	1.25075				2
2024.12.26	16:51:09.495	1.25076	1.25079			6
2024.12.26	16:51:09.800	1.25077	1.25080			6
2024.12.26	16:51:10.731	1.25075	1.25078			6
2024.12.26	16:51:11.334		1.25079			4
2024.12.26	16:51:11.641	1.25076				2
2024.12.26	16:51:11.951	1.25075				2
2024.12.26	16:51:12.558	1.25077	1.25080			6
2024.12.26	16:51:12.864	1.25081	1.25082			6
2024.12.26	16:51:13.167	1.25082	1.25085			6
2024.12.26	16:51:13.477	1.25081	1.25083			6
2024.12.26	16:51:13.783	1.25080				2
2024.12.26	16:51:15.018	1.25078	1.25082			6
2024.12.26	16:51:15.935	1.25074	1.25078			6
2024.12.26	16:51:16.238	1.25075	1.25079			6
2024.12.26	16:51:16.548	1.25076	1.25080			6
2024.12.26	16:51:17.161	1.25074	1.25079			6
2024.12.26	16:51:17.778		1.25078			4
2024.12.26	16:51:18.385	1.25073	1.25077			6
2024.12.26	16:51:18.688		1.25076			4
2024.12.26	16:51:19.308		1.25077			4
2024.12.26	16:51:19.617		1.25078			4
2024.12.26	16:51:19.919	1.25075	1.25079			6
2024.12.26	16:51:20.848	1.25076				2
2024.12.26	16:51:22.071	1.25074	1.25078			6
2024.12.26	16:51:23.302	1.25075	1.25079			6
2024.12.26	16:51:23.608		1.25078			4
2024.12.26	16:51:25.448	1.25074				2
2024.12.26	16:51:25.750	1.25075				2
2024.12.26	16:51:26.986		1.25077			4
2024.12.26	16:51:27.289	1.25074				2
2024.12.26	16:51:27.599	1.25075	1.25078			6
2024.12.26	16:51:28.214		1.25077			4
2024.12.26	16:51:28.518		1.25078			4
2024.12.26	16:51:28.819	1.25074				2
2024.12.26	16:51:30.343	1.25075				2
2024.12.26	16:51:31.871		1.25076			4
2024.12.26	16:51:32.176		1.25077			4
2024.12.26	16:51:33.083		1.25078			4
2024.12.26	16:51:35.232		1.25077			4
2024.12.26	16:51:35.535		1.25076			4
2024.12.26	16:51:36.761		1.25077			4
2024.12.26	16:51:38.280	1.25074				2
2024.12.26	16:51:38.888		1.25076			4
2024.12.26	16:51:39.190		1.25077			4
2024.12.26	16:51:39.492	1.25075				2
2024.12.26	16:51:41.942	1.25074	1.25076			6
2024.12.26	16:51:42.251		1.25075			4
2024.12.26	16:51:42.865	1.25073				2
2024.12.26	16:51:43.167	1.25066	1.25069			6
2024.12.26	16:51:43.479	1.25067	1.25070			6
2024.12.26	16:51:44.086		1.25071			4
2024.12.26	16:51:45.302	1.25068	1.25072			6
2024.12.26	16:51:45.609	1.25067	1.25071			6
2024.12.26	16:51:46.222	1.25069	1.25072			6
2024.12.26	16:51:46.835	1.25068				2
2024.12.26	16:51:47.445	1.25069				2
2024.12.26	16:51:48.368	1.25068				2
2024.12.26	16:51:48.675		1.25071			4
2024.12.26	16:51:49.283	1.25065	1.25068			6
2024.12.26	16:51:49.591		1.25066			4
2024.12.26	16:51:50.507		1.25067			4
2024.12.26	16:51:50.814	1.25066				2
2024.12.26	16:51:51.422	1.25064	1.25066			6
2024.12.26	16:51:51.725	1.25065	1.25067			6
2024.12.26	16:51:53.250		1.25068			4
2024.12.26	16:51:53.862		1.25069			4
2024.12.26	16:51:56.000	1.25066				2
2024.12.26	16:51:56.307	1.25065				2
2024.12.26	16:51:58.137	1.25066				2
2024.12.26	16:51:59.974	1.25065	1.25068			6
2024.12.26	16:52:00.278	1.25065				2
2024.12.26	16:52:02.105		1.25067			4
2024.12.26	16:52:03.033	1.25062	1.25064			6
2024.12.26	16:52:03.338		1.25065			4
2024.12.26	16:52:03.948	1.25059	1.25062			6
2024.12.26	16:52:04.252	1.25058	1.25061			6
2024.12.26	16:52:04.865	1.25059				2
2024.12.26	16:52:05.166		1.25062			4
2024.12.26	16:52:05.783	1.25058	1.25060			6
2024.12.26	16:52:06.086	1.25057	1.25061			6
2024.12.26	16:52:06.699		1.25060			4
2024.12.26	16:52:07.310	1.25056	1.25059			6
2024.12.26	16:52:11.283	1.25058				2
2024.12.26	16:52:11.587	1.25057				2
2024.12.26	16:52:13.410		1.25060			4
2024.12.26	16:52:16.172	1.25058				2
2024.12.26	16:52:22.308	1.25057	1.25059			6
2024.12.26	16:52:22.611	1.25058	1.25060			6
2024.12.26	16:52:23.518	1.25068	1.25070			6
2024.12.26	16:52:23.825	1.25069	1.25071			6
2024.12.26	16:52:24.127		1.25073			4
2024.12.26	16:52:24.745	1.25071	1.25075			6
2024.12.26	16:52:25.356		1.25074			4
2024.12.26	16:52:25.963		1.25075			4
2024.12.26	16:52:26.882	1.25068	1.25072			6
2024.12.26	16:52:27.800	1.25067	1.25071			6
2024.12.26	16:52:30.249	1.25068	1.25072			6
2024.12.26	16:52:31.163	1.25067	1.25071			6
2024.12.26	16:52:32.392	1.25066	1.25070			6
2024.12.26	16:52:32.695		1.25069			4
2024.12.26	16:52:33.920	1.25065				2
2024.12.26	16:52:34.225	1.25064	1.25067			6
2024.12.26	16:52:34.529	1.25068	1.25072			6
2024.12.26	16:52:34.840		1.25071			4
2024.12.26	16:52:35.752	1.25065	1.25068			6
2024.12.26	16:52:36.062		1.25069			4
2024.12.26	16:52:36.368		1.25068			4
2024.12.26	16:52:36.676	1.25064				2
2024.12.26	16:52:38.821	1.25066				2
2024.12.26	16:52:39.123	1.25065				2
2024.12.26	16:52:40.049	1.25064				2
2024.12.26	16:52:40.354	1.25065				2
2024.12.26	16:52:40.660	1.25064				2
2024.12.26	16:52:40.967	1.25065				2
2024.12.26	16:52:41.271	1.25064				2
2024.12.26	16:52:41.581		1.25067			4
2024.12.26	16:52:42.801	1.25062	1.25063			6
2024.12.26	16:52:43.107	1.25064	1.25066			6
2024.12.26	16:52:43.423	1.25062				2
2024.12.26	16:52:44.650	1.25061	1.25065			6
2024.12.26	16:52:44.958	1.25057	1.25061			6
2024.12.26	16:52:45.266	1.25058				2
2024.12.26	16:52:45.570		1.25062			4
2024.12.26	16:52:47.104	1.25056	1.25060			6
2024.12.26	16:52:47.414	1.25057	1.25061			6
2024.12.26	16:52:47.718	1.25061	1.25064			6
2024.12.26	16:52:49.257		1.25065			4
2024.12.26	16:52:53.557	1.25060	1.25064			6
2024.12.26	16:52:54.785	1.25057	1.25061			6
2024.12.26	16:52:55.088	1.25056	1.25060			6
2024.12.26	16:52:55.400	1.25055	1.25059			6
2024.12.26	16:52:55.705		1.25058			4
2024.12.26	16:52:56.315	1.25054				2
2024.12.26	16:52:56.627	1.25053	1.25059			6
2024.12.26	16:52:56.935	1.25051	1.25058			6
2024.12.26	16:52:57.894		1.25057			4
2024.12.26	16:52:58.206		1.25058			4
2024.12.26	16:52:58.506	1.25052				2
2024.12.26	16:53:00.042	1.25052				2
2024.12.26	16:53:00.960	1.25054	1.25059			6
2024.12.26	16:53:01.266	1.25053				2
2024.12.26	16:53:01.570	1.25054				2
2024.12.26	16:53:02.799	1.25053	1.25058			6
2024.12.26	16:53:03.106	1.25054	1.25059			6
2024.12.26	16:53:03.407	1.25059	1.25061			6
2024.12.26	16:53:03.710	1.25055	1.25059			6
2024.12.26	16:53:05.257	1.25053	1.25057			6
2024.12.26	16:53:06.179	1.25054	1.25058			6
2024.12.26	16:53:06.794	1.25056	1.25059			6
2024.12.26	16:53:11.393	1.25057				2
2024.12.26	16:53:12.613	1.25056				2
2024.12.26	16:53:14.762	1.25055	1.25058			6
2024.12.26	16:53:15.067		1.25059			4
2024.12.26	16:53:16.899		1.25058			4
2024.12.26	16:53:17.210		1.25059			4
2024.12.26	16:53:19.334		1.25058			4
2024.12.26	16:53:19.638	1.25054				2
2024.12.26	16:53:19.945	1.25055	1.25057			6
2024.12.26	16:53:20.856	1.25052	1.25055			6
2024.12.26	16:53:21.161	1.25050	1.25054			6
2024.12.26	16:53:21.463	1.25052				2
2024.12.26	16:53:22.383	1.25051	1.25053			6
2024.12.26	16:53:23.298	1.25049	1.25050			6
2024.12.26	16:53:23.607	1.25051	1.25053			6
2024.12.26	16:53:23.910	1.25050				2
2024.12.26	16:53:24.513	1.25048	1.25051			6
2024.12.26	16:53:25.736	1.25047	1.25050			6
2024.12.26	16:53:26.644	1.25048				2
2024.12.26	16:53:27.859	1.25047				2
2024.12.26	16:53:28.163	1.25049	1.25051			6
2024.12.26	16:53:29.691	1.25051	1.25053			6
2024.12.26	16:53:29.995	1.25052	1.25054			6
2024.12.26	16:53:30.305	1.25051				2
2024.12.26	16:53:32.437	1.25052	1.25055			6
2024.12.26	16:53:34.574	1.25051	1.25054			6
2024.12.26	16:53:36.099	1.25052				2
2024.12.26	16:53:41.885	1.25051	1.25053			6
2024.12.26	16:53:46.783	1.25052				2
2024.12.26	16:53:49.220		1.25054			4
2024.12.26	16:53:53.507		1.25053			4
2024.12.26	16:53:53.808	1.25051				2
2024.12.26	16:53:54.719	1.25052	1.25054			6
2024.12.26	16:53:55.024	1.25054	1.25055			6
2024.12.26	16:53:56.556		1.25056			4
2024.12.26	16:53:56.867		1.25055			4
2024.12.26	16:53:58.707	1.25051	1.25053			6
2024.12.26	16:54:00.239	1.25051				2
2024.12.26	16:54:01.452	1.25050	1.25052			6
2024.12.26	16:54:01.753	1.25049	1.25051			6
2024.12.26	16:54:02.061	1.25050				2
2024.12.26	16:54:02.370	1.25048	1.25050			6
2024.12.26	16:54:02.671	1.25049				2
2024.12.26	16:54:03.578		1.25051			4
2024.12.26	16:54:04.803	1.25047	1.25049			6
2024.12.26	16:54:05.416	1.25037	1.25038			6
2024.12.26	16:54:05.727	1.25035	1.25037			6
2024.12.26	16:54:06.034	1.25036	1.25038			6
2024.12.26	16:54:06.338	1.25034	1.25041			6
2024.12.26	16:54:06.962	1.25035				2
2024.12.26	16:54:08.187	1.25034	1.25040			6
2024.12.26	16:54:08.497	1.25033	1.25038			6
2024.12.26	16:54:09.106	1.25034	1.25039			6
2024.12.26	16:54:09.415	1.25033	1.25037			6
2024.12.26	16:54:09.720		1.25038			4
2024.12.26	16:54:10.026	1.25034	1.25039			6
2024.12.26	16:54:10.633	1.25037	1.25041			6
2024.12.26	16:54:10.937	1.25039	1.25042			6
2024.12.26	16:54:11.239	1.25047	1.25050			6
2024.12.26	16:54:12.153	1.25045	1.25048			6
2024.12.26	16:54:12.763	1.25046	1.25049			6
2024.12.26	16:54:13.066	1.25050	1.25053			6
2024.12.26	16:54:13.370	1.25047	1.25049			6
2024.12.26	16:54:13.680	1.25050	1.25053			6
2024.12.26	16:54:13.983	1.25049	1.25052			6
2024.12.26	16:54:14.287	1.25055	1.25056			6
2024.12.26	16:54:14.595	1.25054	1.25057			6
2024.12.26	16:54:14.898	1.25055				2
2024.12.26	16:54:15.201	1.25054				2
2024.12.26	16:54:15.505	1.25055				2
2024.12.26	16:54:16.113		1.25058			4
2024.12.26	16:54:16.724	1.25056				2
2024.12.26	16:54:18.553		1.25059			4
2024.12.26	16:54:19.462	1.25057				2
2024.12.26	16:54:19.771		1.25060			4
2024.12.26	16:54:20.076	1.25058				2
2024.12.26	16:54:22.221	1.25045	1.25046			6
2024.12.26	16:54:22.525	1.25044				2
2024.12.26	16:54:22.834		1.25047			4
2024.12.26	16:54:24.058	1.25043	1.25046			6
2024.12.26	16:54:25.585	1.25046	1.25048			6
2024.12.26	16:54:25.888	1.25043	1.25045			6
2024.12.26	16:54:26.197	1.25035	1.25038			6
2024.12.26	16:54:26.506	1.25033	1.25036			6
2024.12.26	16:54:27.119	1.25034	1.25037			6
2024.12.26	16:54:27.431	1.25032	1.25035			6
2024.12.26	16:54:28.038		1.25036			4
2024.12.26	16:54:28.645	1.25033	1.25037			6
2024.12.26	16:54:28.948	1.25034				2
2024.12.26	16:54:29.261		1.25038			4
2024.12.26	16:54:30.480	1.25032	1.25036			6
2024.12.26	16:54:31.083	1.25033				2
2024.12.26	16:54:31.706	1.25032	1.25035			6
2024.12.26	16:54:32.319	1.25033	1.25036			6
2024.12.26	16:54:32.628		1.25037			4
2024.12.26	16:54:32.931		1.25036			4
2024.12.26	16:54:33.547		1.25037			4
2024.12.26	16:54:33.853		1.25036			4
2024.12.26	16:54:35.081	1.25032				2
2024.12.26	16:54:35.391	1.25033				2
2024.12.26	16:54:35.699	1.25032	1.25035			6
2024.12.26	16:54:36.009	1.25035	1.25038			6
2024.12.26	16:54:36.311	1.25036	1.25039			6
2024.12.26	16:54:36.617	1.25032	1.25035			6
2024.12.26	16:54:39.685		1.25034			4
2024.12.26	16:54:39.988	1.25030				2
2024.12.26	16:54:41.829	1.25033	1.25037			6
2024.12.26	16:54:42.748		1.25036			4
2024.12.26	16:54:43.054	1.25036	1.25039			6
2024.12.26	16:54:43.663	1.25032	1.25033			6
2024.12.26	16:54:43.965	1.25025	1.25026			6
2024.12.26	16:54:44.267		1.25028			4
2024.12.26	16:54:44.880	1.25024	1.25027			6
2024.12.26	16:54:45.495	1.25025	1.25028			6
2024.12.26	16:54:46.408	1.25024	1.25027			6
2024.12.26	16:54:51.298	1.25019	1.25022			6
2024.12.26	16:54:51.605	1.25020	1.25023			6
2024.12.26	16:54:51.910	1.25021	1.25024			6
2024.12.26	16:54:57.424	1.25029	1.25031			6
2024.12.26	16:54:57.727	1.25032	1.25035			6
2024.12.26	16:54:59.264	1.25033				2
2024.12.26	16:54:59.567	1.25027	1.25030			6
2024.12.26	16:54:59.881	1.25028	1.25031			6
2024.12.26	16:55:00.185	1.25032	1.25033			6
2024.12.26	16:55:00.491	1.25034	1.25037			6
2024.12.26	16:55:00.798	1.25036	1.25038			6
2024.12.26	16:55:01.105	1.25035				2
2024.12.26	16:55:01.717	1.25036	1.25039			6
2024.12.26	16:55:02.321		1.25038			4
2024.12.26	16:55:02.929	1.25035				2
2024.12.26	16:55:03.849		1.25037			4
2024.12.26	16:55:04.159		1.25038			4
2024.12.26	16:55:04.462	1.25037	1.25040			6
2024.12.26	16:55:04.766	1.25038	1.25041			6
2024.12.26	16:55:05.381	1.25041	1.25044			6
2024.12.26	16:55:06.298	1.25042	1.25045			6
2024.12.26	16:55:07.827	1.25041	1.25046			6
2024.12.26	16:55:08.129	1.25045	1.25048			6
2024.12.26	16:55:08.438	1.25047	1.25049			6
2024.12.26	16:55:09.055	1.25045	1.25048			6
2024.12.26	16:55:09.360	1.25046	1.25049			6
2024.12.26	16:55:10.886	1.25044	1.25047			6
2024.12.26	16:55:12.117	1.25043	1.25046			6
2024.12.26	16:55:12.729	1.25041	1.25044			6
2024.12.26	16:55:13.034	1.25040				2
2024.12.26	16:55:13.341	1.25039	1.25042			6
2024.12.26	16:55:13.647	1.25040	1.25043			6
2024.12.26	16:55:14.257	1.25044	1.25046			6
2024.12.26	16:55:14.563		1.25047			4
2024.12.26	16:55:14.868	1.25047	1.25049			6
2024.12.26	16:55:15.179	1.25046	1.25048			6
2024.12.26	16:55:15.795	1.25043	1.25045			6
2024.12.26	16:55:16.101	1.25039	1.25042			6
2024.12.26	16:55:17.333	1.25044	1.25047			6
2024.12.26	16:55:17.639	1.25045	1.25048			6
2024.12.26	16:55:18.254	1.25046				2
2024.12.26	16:55:18.562	1.25044	1.25047			6
2024.12.26	16:55:18.866	1.25043	1.25046			6
2024.12.26	16:55:19.487	1.25041	1.25043			6
2024.12.26	16:55:20.102	1.25043	1.25046			6
2024.12.26	16:55:20.409	1.25044				2
2024.12.26	16:55:20.715		1.25047			4
2024.12.26	16:55:21.330	1.25046	1.25049			6
2024.12.26	16:55:21.638	1.25047				2
2024.12.26	16:55:22.253	1.25046				2
2024.12.26	16:55:23.176	1.25045	1.25048			6
2024.12.26	16:55:23.485	1.25046	1.25049			6
2024.12.26	16:55:25.944	1.25045	1.25048			6
2024.12.26	16:55:26.869	1.25043	1.25046			6
2024.12.26	16:55:27.484		1.25047			4
2024.12.26	16:55:27.788		1.25048			4
2024.12.26	16:55:28.101	1.25044				2
2024.12.26	16:55:28.408		1.25049			4
2024.12.26	16:55:29.022	1.25045				2
2024.12.26	16:55:29.634	1.25044	1.25048			6
2024.12.26	16:55:32.104	1.25048	1.25052			6
2024.12.26	16:55:32.408	1.25044	1.25047			6
2024.12.26	16:55:33.638	1.25043	1.25046			6
2024.12.26	16:55:33.945		1.25047			4
2024.12.26	16:55:35.176	1.25042	1.25046			6
2024.12.26	16:55:36.405	1.25043				2
2024.12.26	16:55:36.720	1.25042				2
2024.12.26	16:55:37.330	1.25043	1.25047			6
2024.12.26	16:55:37.636		1.25048			4
2024.12.26	16:55:37.945	1.25042	1.25046			6
2024.12.26	16:55:38.557	1.25037	1.25041			6
2024.12.26	16:55:39.482	1.25035	1.25038			6
2024.12.26	16:55:39.787	1.25034				2
2024.12.26	16:55:41.324	1.25033	1.25037			6
2024.12.26	16:55:42.550	1.25031	1.25035			6
2024.12.26	16:55:42.858	1.25029	1.25033			6
2024.12.26	16:55:43.475		1.25032			4
2024.12.26	16:55:43.780		1.25033			4
2024.12.26	16:55:44.086	1.25030	1.25034			6
2024.12.26	16:55:44.396	1.25031				2
2024.12.26	16:55:44.702	1.25030				2
2024.12.26	16:55:45.932	1.25029	1.25032			6
2024.12.26	16:55:46.239		1.25033			4
2024.12.26	16:55:46.850	1.25030				2
2024.12.26	16:55:47.470	1.25031	1.25034			6
2024.12.26	16:55:47.775		1.25035			4
2024.12.26	16:55:49.620	1.25030	1.25034			6
2024.12.26	16:55:50.846	1.25032	1.25035			6
2024.12.26	16:55:51.772	1.25030	1.25034			6
2024.12.26	16:55:52.080	1.25031				2
2024.12.26	16:55:53.000	1.25033	1.25037			6
2024.12.26	16:55:53.303	1.25035	1.25038			6
2024.12.26	16:55:53.614	1.25034	1.25037			6
2024.12.26	16:55:55.145		1.25038			4
2024.12.26	16:55:55.446	1.25035	1.25039			6
2024.12.26	16:55:57.292	1.25040	1.25042			6
2024.12.26	16:55:57.601	1.25038				2
2024.12.26	16:55:59.136	1.25034	1.25037			6
2024.12.26	16:55:59.757	1.25035	1.25039			6
2024.12.26	16:56:00.063	1.25036				2
2024.12.26	16:56:00.367	1.25038	1.25042			6
2024.12.26	16:56:00.673	1.25037	1.25041			6
2024.12.26	16:56:00.986	1.25038				2
2024.12.26	16:56:01.294		1.25042			4
2024.12.26	16:56:01.609	1.25039	1.25043			6
2024.12.26	16:56:01.910	1.25038	1.25042			6
2024.12.26	16:56:02.527	1.25040	1.25043			6
2024.12.26	16:56:03.147	1.25041	1.25044			6
2024.12.26	16:56:11.475	1.25044	1.25046			6
2024.12.26	16:56:11.783	1.25043				2
2024.12.26	16:56:12.089	1.25044	1.25048			6
2024.12.26	16:56:12.390	1.25045				2
2024.12.26	16:56:12.707	1.25043	1.25047			6
2024.12.26	16:56:13.013		1.25046			4
2024.12.26	16:56:14.239	1.25042	1.25045			6
2024.12.26	16:56:14.543		1.25046			4
2024.12.26	16:56:14.854		1.25045			4
2024.12.26	16:56:15.163	1.25043	1.25046			6
2024.12.26	16:56:15.471		1.25047			4
2024.12.26	16:56:15.784	1.25042	1.25046			6
2024.12.26	16:56:16.086		1.25045			4
2024.12.26	16:56:16.400		1.25046			4
2024.12.26	16:56:18.240	1.25043	1.25047			6
2024.12.26	16:56:18.550		1.25046			4
2024.12.26	16:56:18.859	1.25044	1.25047			6
2024.12.26	16:56:19.167	1.25042	1.25045			6
2024.12.26	16:56:21.014		1.25046			4
2024.12.26	16:56:21.632	1.25043				2
2024.12.26	16:56:21.945	1.25044	1.25047			6
2024.12.26	16:56:22.868	1.25046	1.25049			6
2024.12.26	16:56:23.170		1.25050			4
2024.12.26	16:56:23.488	1.25050	1.25053			6
2024.12.26	16:56:23.797	1.25047	1.25050			6
2024.12.26	16:56:26.878	1.25048	1.25051			6
2024.12.26	16:56:27.183		1.25052			4
2024.12.26	16:56:27.490	1.25049				2
2024.12.26	16:56:27.793	1.25053	1.25056			6
2024.12.26	16:56:30.562	1.25061	1.25064			6
2024.12.26	16:56:31.186	1.25060	1.25063			6
2024.12.26	16:56:31.495	1.25058	1.25062			6
2024.12.26	16:56:31.798	1.25059	1.25064			6
2024.12.26	16:56:32.103	1.25062	1.25065			6
2024.12.26	16:56:33.641	1.25059				2
2024.12.26	16:56:33.948	1.25060	1.25063			6
2024.12.26	16:56:34.251	1.25062	1.25065			6
2024.12.26	16:56:35.797	1.25063	1.25069			6
2024.12.26	16:56:36.408	1.25062	1.25066			6
2024.12.26	16:56:36.718	1.25063				2
2024.12.26	16:56:37.025	1.25066	1.25068			6
2024.12.26	16:56:37.328	1.25062	1.25065			6
2024.12.26	16:56:38.565		1.25066			4
2024.12.26	16:56:38.877	1.25065	1.25068			6
2024.12.26	16:56:39.490	1.25064	1.25067			6
2024.12.26	16:56:39.800		1.25068			4
2024.12.26	16:56:41.338	1.25065				2
2024.12.26	16:56:41.643	1.25064				2
2024.12.26	16:56:41.954		1.25067			4
2024.12.26	16:56:42.256	1.25065	1.25068			6
2024.12.26	16:56:43.493	1.25064	1.25067			6
2024.12.26	16:56:43.800	1.25063	1.25066			6
2024.12.26	16:56:44.104	1.25065	1.25068			6
2024.12.26	16:56:44.405	1.25064	1.25069			6
2024.12.26	16:56:44.712	1.25066				2
2024.12.26	16:56:45.014	1.25064	1.25068			6
2024.12.26	16:56:45.630	1.25065				2
2024.12.26	16:56:45.938	1.25067	1.25070			6
2024.12.26	16:56:47.778	1.25064	1.25068			6
2024.12.26	16:56:48.085	1.25065				2
2024.12.26	16:56:48.709		1.25069			4
2024.12.26	16:56:49.016	1.25069	1.25072			6
2024.12.26	16:56:49.941		1.25073			4
2024.12.26	16:56:50.244	1.25068				2
2024.12.26	16:56:50.552	1.25067	1.25072			6
2024.12.26	16:56:50.866	1.25068				2
2024.12.26	16:56:51.776	1.25067				2
2024.12.26	16:56:52.401	1.25068				2
2024.12.26	16:56:52.711	1.25067	1.25070			6
2024.12.26	16:56:53.018	1.25068	1.25071			6
2024.12.26	16:56:53.631	1.25069	1.25072			6
2024.12.26	16:56:53.947	1.25068	1.25074			6
2024.12.26	16:56:54.251		1.25071			4
2024.12.26	16:56:54.557	1.25069	1.25075			6
2024.12.26	16:56:54.863	1.25070	1.25074			6
2024.12.26	16:56:55.167	1.25068	1.25073			6
2024.12.26	16:56:55.471		1.25072			4
2024.12.26	16:56:55.774		1.25073			4
2024.12.26	16:56:56.077		1.25072			4
2024.12.26	16:56:56.382	1.25067				2
2024.12.26	16:56:56.685	1.25069	1.25074			6
2024.12.26	16:56:56.985	1.25070	1.25073			6
2024.12.26	16:56:57.289	1.25069	1.25074			6
2024.12.26	16:56:57.898		1.25073			4
2024.12.26	16:56:58.198	1.25071				2
2024.12.26	16:56:59.727		1.25074			4
2024.12.26	16:57:00.029	1.25071				2
2024.12.26	16:57:00.640	1.25072	1.25077			6
2024.12.26	16:57:00.948	1.25076	1.25080			6
2024.12.26	16:57:01.253	1.25078	1.25079			6
2024.12.26	16:57:01.559	1.25077				2
2024.12.26	16:57:01.862	1.25078				2
2024.12.26	16:57:02.169	1.25076	1.25078			6
2024.12.26	16:57:02.479	1.25075				2
2024.12.26	16:57:03.098		1.25080			4
2024.12.26	16:57:03.402	1.25076				2
2024.12.26	16:57:04.017	1.25075	1.25078			6
2024.12.26	16:57:04.325	1.25074				2
2024.12.26	16:57:04.941	1.25075	1.25079			6
2024.12.26	16:57:05.249	1.25076				2
2024.12.26	16:57:05.556		1.25080			4
2024.12.26	16:57:05.862	1.25079	1.25083			6
2024.12.26	16:57:06.479	1.25078				2
2024.12.26	16:57:07.402	1.25077	1.25084			6
2024.12.26	16:57:07.704	1.25078	1.25081			6
2024.12.26	16:57:08.019	1.25077				2
2024.12.26	16:57:08.326	1.25076	1.25080			6
2024.12.26	16:57:08.943	1.25077	1.25082			6
2024.12.26	16:57:09.556	1.25078				2
2024.12.26	16:57:10.477	1.25076	1.25080			6
2024.12.26	16:57:11.082	1.25075	1.25079			6
2024.12.26	16:57:11.387	1.25074	1.25077			6
2024.12.26	16:57:12.001	1.25075	1.25078			6
2024.12.26	16:57:12.306	1.25076	1.25080			6
2024.12.26	16:57:12.613		1.25079			4
2024.12.26	16:57:13.218		1.25080			4
2024.12.26	16:57:13.534	1.25077				2
2024.12.26	16:57:13.837	1.25074	1.25077			6
2024.12.26	16:57:14.138	1.25072	1.25074			6
2024.12.26	16:57:14.748	1.25071				2
2024.12.26	16:57:15.055		1.25073			4
2024.12.26	16:57:15.363	1.25075	1.25078			6
2024.12.26	16:57:15.665		1.25079			4
2024.12.26	16:57:15.968	1.25074	1.25078			6
2024.12.26	16:57:16.271	1.25073	1.25076			6
2024.12.26	16:57:19.344		1.25077			4
2024.12.26	16:57:20.280		1.25076			4
2024.12.26	16:57:20.582	1.25081	1.25082			6
2024.12.26	16:57:20.891	1.25080	1.25083			6
2024.12.26	16:57:22.120	1.25083	1.25085			6
2024.12.26	16:57:22.424	1.25080	1.25083			6
2024.12.26	16:57:23.041	1.25079				2
2024.12.26	16:57:25.813	1.25078	1.25081			6
2024.12.26	16:57:26.124	1.25079	1.25083			6
2024.12.26	16:57:26.741		1.25082			4
2024.12.26	16:57:27.043	1.25080	1.25084			6
2024.12.26	16:57:27.348		1.25083			4
2024.12.26	16:57:27.649	1.25072	1.25076			6
2024.12.26	16:57:28.262	1.25074	1.25078			6
2024.12.26	16:57:28.567	1.25076				2
2024.12.26	16:57:28.870	1.25075				2
2024.12.26	16:57:29.181	1.25080	1.25083			6
2024.12.26	16:57:30.719	1.25085	1.25088			6
2024.12.26	16:57:31.024	1.25083				2
2024.12.26	16:57:31.333	1.25082	1.25086			6
2024.12.26	16:57:31.635		1.25087			4
2024.12.26	16:57:32.255	1.25084	1.25088			6
2024.12.26	16:57:32.559	1.25082	1.25086			6
2024.12.26	16:57:32.864		1.25087			4
2024.12.26	16:57:33.476		1.25088			4
2024.12.26	16:57:34.091	1.25083	1.25089			6
2024.12.26	16:57:34.397	1.25085	1.25090			6
2024.12.26	16:57:35.924	1.25086				2
2024.12.26	16:57:36.534	1.25084	1.25087			6
2024.12.26	16:57:37.756	1.25086	1.25089			6
2024.12.26	16:57:38.375	1.25087	1.25090			6
2024.12.26	16:57:38.678	1.25085	1.25088			6
2024.12.26	16:57:39.287	1.25082				2
2024.12.26	16:57:39.591	1.25083	1.25086			6
2024.12.26	16:57:40.201	1.25082	1.25085			6
2024.12.26	16:57:42.955	1.25085	1.25089			6
2024.12.26	16:57:43.262	1.25084	1.25087			6
2024.12.26	16:57:44.478	1.25085	1.25088			6
2024.12.26	16:57:44.782		1.25089			4
2024.12.26	16:57:45.088	1.25084	1.25087			6
2024.12.26	16:57:45.397	1.25085	1.25089			6
2024.12.26	16:57:45.704	1.25084	1.25088			6
2024.12.26	16:57:46.008		1.25087			4
2024.12.26	16:57:46.319	1.25083	1.25086			6
2024.12.26	16:57:46.621	1.25085	1.25088			6
2024.12.26	16:57:46.923	1.25083	1.25087			6
2024.12.26	16:57:47.537		1.25086			4
2024.12.26	16:57:49.384	1.25082	1.25085			6
2024.12.26	16:57:50.001		1.25086			4
2024.12.26	16:57:50.306		1.25085			4
2024.12.26	16:57:50.609	1.25081				2
2024.12.26	16:57:50.916	1.25080				2
2024.12.26	16:57:51.542		1.25084			4
2024.12.26	16:57:51.855	1.25082	1.25085			6
2024.12.26	16:57:52.160	1.25081				2
2024.12.26	16:57:52.466		1.25084			4
2024.12.26	16:57:53.391	1.25078	1.25081			6
2024.12.26	16:57:53.702	1.25080	1.25084			6
2024.12.26	16:57:54.005	1.25082	1.25085			6
2024.12.26	16:57:54.317	1.25083	1.25086			6
2024.12.26	16:57:54.932	1.25085	1.25088			6
2024.12.26	16:57:55.544	1.25083	1.25087			6
2024.12.26	16:57:55.847		1.25086			4
2024.12.26	16:57:56.161		1.25088			4
2024.12.26	16:57:56.467	1.25085				2
2024.12.26	16:57:56.773	1.25083	1.25086			6
2024.12.26	16:57:57.999		1.25085			4
2024.12.26	16:57:58.305	1.25081				2
2024.12.26	16:57:58.615	1.25082				2
2024.12.26	16:57:59.842		1.25084			4
2024.12.26	16:58:00.143	1.25082				2
2024.12.26	16:58:02.603		1.25085			4
2024.12.26	16:58:02.913		1.25084			4
2024.12.26	16:58:03.218	1.25073	1.25077			6
2024.12.26	16:58:03.520	1.25071				2
2024.12.26	16:58:03.825		1.25075			4
2024.12.26	16:58:04.128		1.25074			4
2024.12.26	16:58:04.431	1.25065	1.25069			6
2024.12.26	16:58:04.735	1.25066				2
2024.12.26	16:58:05.041		1.25070			4
2024.12.26	16:58:05.352		1.25069			4
2024.12.26	16:58:05.654	1.25067	1.25070			6
2024.12.26	16:58:05.960	1.25069	1.25074			6
2024.12.26	16:58:06.264	1.25070	1.25073			6
2024.12.26	16:58:06.576	1.25069				2
2024.12.26	16:58:06.880	1.25070	1.25074			6
2024.12.26	16:58:07.189		1.25073			4
2024.12.26	16:58:07.495	1.25067	1.25071			6
2024.12.26	16:58:08.107		1.25072			4
2024.12.26	16:58:08.411	1.25068				2
2024.12.26	16:58:08.714	1.25070	1.25073			6
2024.12.26	16:58:09.015		1.25074			4
2024.12.26	16:58:09.323		1.25073			4
2024.12.26	16:58:09.629	1.25067				2
2024.12.26	16:58:10.247	1.25070				2
2024.12.26	16:58:10.556	1.25068	1.25071			6
2024.12.26	16:58:11.482	1.25067	1.25073			6
2024.12.26	16:58:11.790	1.25066	1.25069			6
2024.12.26	16:58:12.099	1.25064	1.25067			6
2024.12.26	16:58:12.403	1.25065				2
2024.12.26	16:58:12.711	1.25064				2
2024.12.26	16:58:13.018	1.25070	1.25074			6
2024.12.26	16:58:13.327		1.25073			4
2024.12.26	16:58:13.634	1.25069				2
2024.12.26	16:58:14.245	1.25070				2
2024.12.26	16:58:14.858		1.25074			4
2024.12.26	16:58:15.166	1.25068	1.25073			6
2024.12.26	16:58:15.778	1.25070				2
2024.12.26	16:58:16.383	1.25067				2
2024.12.26	16:58:16.697	1.25068	1.25071			6
2024.12.26	16:58:17.004	1.25067	1.25072			6
2024.12.26	16:58:19.774	1.25070	1.25073			6
2024.12.26	16:58:20.381	1.25067				2
2024.12.26	16:58:21.003	1.25069				2
2024.12.26	16:58:21.621	1.25070				2
2024.12.26	16:58:21.928	1.25068	1.25071			6
2024.12.26	16:58:22.542	1.25065	1.25067			6
2024.12.26	16:58:22.850		1.25068			4
2024.12.26	16:58:25.006	1.25062	1.25065			6
2024.12.26	16:58:27.153		1.25066			4
2024.12.26	16:58:30.236	1.25063				2
2024.12.26	16:58:30.543		1.25067			4
2024.12.26	16:58:31.473	1.25071	1.25075			6
2024.12.26	16:58:31.783	1.25074	1.25077			6
2024.12.26	16:58:32.085	1.25069	1.25074			6
2024.12.26	16:58:32.398	1.25068				2
2024.12.26	16:58:33.618	1.25069				2
2024.12.26	16:58:34.241		1.25075			4
2024.12.26	16:58:36.397	1.25068	1.25074			6
2024.12.26	16:58:36.700		1.25075			4
2024.12.26	16:58:37.320		1.25073			4
2024.12.26	16:58:37.626	1.25067				2
2024.12.26	16:58:38.249		1.25072			4
2024.12.26	16:58:38.864	1.25065	1.25071			6
2024.12.26	16:58:39.169	1.25062	1.25066			6
2024.12.26	16:58:40.074	1.25063				2
2024.12.26	16:58:40.392	1.25062	1.25068			6
2024.12.26	16:58:41.009		1.25066			4
2024.12.26	16:58:42.238	1.25063				2
2024.12.26	16:58:42.548	1.25062	1.25067			6
2024.12.26	16:58:43.152	1.25064				2
2024.12.26	16:58:43.774	1.25065	1.25068			6
2024.12.26	16:58:44.078	1.25062				2
2024.12.26	16:58:44.701		1.25067			4
2024.12.26	16:58:45.307		1.25066			4
2024.12.26	16:58:45.925	1.25067	1.25068			6
2024.12.26	16:58:46.227	1.25064				2
2024.12.26	16:58:46.539	1.25061	1.25066			6
2024.12.26	16:58:46.846		1.25065			4
2024.12.26	16:58:47.157	1.25063	1.25066			6
2024.12.26	16:58:49.617	1.25062	1.25067			6
2024.12.26	16:58:50.230	1.25063	1.25066			6
2024.12.26	16:58:50.540	1.25062	1.25067			6
2024.12.26	16:58:51.159	1.25063				2
2024.12.26	16:58:53.314		1.25066			4
2024.12.26	16:58:54.855	1.25061	1.25064			6
2024.12.26	16:58:57.323		1.25065			4
2024.12.26	16:58:57.628	1.25062	1.25067			6
2024.12.26	16:58:57.931	1.25063	1.25065			6
2024.12.26	16:58:58.854	1.25065	1.25068			6
2024.12.26	16:59:00.079	1.25065				2
2024.12.26	16:59:00.998	1.25064				2
2024.12.26	16:59:01.299	1.25062				2
2024.12.26	16:59:02.230	1.25064	1.25067			6
2024.12.26	16:59:02.536		1.25068			4
2024.12.26	16:59:03.141	1.25067	1.25070			6
2024.12.26	16:59:04.053	1.25065	1.25068			6
2024.12.26	16:59:04.660	1.25063	1.25066			6
2024.12.26	16:59:05.275	1.25064				2
2024.12.26	16:59:05.576	1.25066	1.25068			6
2024.12.26	16:59:05.888		1.25069			4
2024.12.26	16:59:06.196	1.25064	1.25065			6
2024.12.26	16:59:06.498		1.25066			4
2024.12.26	16:59:07.720	1.25067	1.25069			6
2024.12.26	16:59:08.327	1.25066				2
2024.12.26	16:59:08.939	1.25064	1.25066			6
2024.12.26	16:59:11.694		1.25067			4
2024.12.26	16:59:12.001	1.25066	1.25068			6
2024.12.26	16:59:13.524	1.25067				2
2024.12.26	16:59:14.448	1.25065	1.25067			6
2024.12.26	16:59:16.282		1.25066			4
2024.12.26	16:59:16.583	1.25066	1.25068			6
2024.12.26	16:59:17.188	1.25067				2
2024.12.26	16:59:17.804	1.25066				2
2024.12.26	16:59:19.327		1.25069			4
2024.12.26	16:59:20.849		1.25068			4
2024.12.26	16:59:22.685		1.25067			4
2024.12.26	16:59:22.987		1.25068			4
2024.12.26	16:59:26.340	1.25064	1.25066			6
2024.12.26	16:59:26.642	1.25063	1.25065			6
2024.12.26	16:59:26.945		1.25066			4
2024.12.26	16:59:27.247		1.25065			4
2024.12.26	16:59:27.553		1.25066			4
2024.12.26	16:59:27.859	1.25066	1.25067			6
2024.12.26	16:59:28.169	1.25065	1.25066			6
2024.12.26	16:59:29.083		1.25067			4
2024.12.26	16:59:29.389		1.25066			4
2024.12.26	16:59:30.304	1.25067	1.25069			6
2024.12.26	16:59:30.611		1.25068			4
2024.12.26	16:59:31.222	1.25068	1.25069			6
2024.12.26	16:59:32.443		1.25070			4
2024.12.26	16:59:32.746	1.25067	1.25069			6
2024.12.26	16:59:36.417	1.25068	1.25070			6
2024.12.26	16:59:36.723	1.25071	1.25073			6
2024.12.26	16:59:37.025	1.25072				2
2024.12.26	16:59:37.332	1.25071	1.25072			6
2024.12.26	16:59:37.635	1.25072	1.25073			6
2024.12.26	16:59:37.939	1.25071	1.25072			6
2024.12.26	16:59:39.466		1.25073			4
2024.12.26	16:59:39.771		1.25072			4
2024.12.26	16:59:40.682	1.25072	1.25073			6
2024.12.26	16:59:41.904	1.25073	1.25074			6
2024.12.26	16:59:42.209	1.25075	1.25076			6
2024.12.26	16:59:42.513	1.25076	1.25077			6
2024.12.26	16:59:43.129	1.25075	1.25076			6
2024.12.26	16:59:44.352	1.25073	1.25075			6
2024.12.26	16:59:44.660		1.25074			4
2024.12.26	16:59:44.968	1.25072	1.25073			6
2024.12.26	16:59:47.087	1.25073	1.25074			6
2024.12.26	16:59:48.006	1.25076	1.25077			6
2024.12.26	16:59:53.200	1.25075	1.25076			6
2024.12.26	16:59:55.027	1.25076	1.25077			6
2024.12.26	16:59:55.638	1.25075	1.25076			6
2024.12.26	16:59:55.938	1.25074	1.25075			6
2024.12.26	16:59:57.763	1.25073	1.25074			6
2024.12.26	16:59:58.066	1.25074	1.25075			6
2024.12.26	16:59:59.892	1.25073	1.25074			6
2024.12.26	17:00:00.198	1.25074	1.25075			6
2024.12.26	17:00:00.816	1.25073	1.25074			6
2024.12.26	17:00:01.422	1.25071	1.25073			6
2024.12.26	17:00:02.959		1.25072			4
2024.12.26	17:00:03.264	1.25065	1.25067			6
2024.12.26	17:00:04.180		1.25068			4
2024.12.26	17:00:04.481	1.25064	1.25067			6
2024.12.26	17:00:04.786	1.25063	1.25066			6
2024.12.26	17:00:05.396	1.25061	1.25064			6
2024.12.26	17:00:05.700	1.25062				2
2024.12.26	17:00:06.311	1.25063				2
2024.12.26	17:00:07.221	1.25062				2
2024.12.26	17:00:08.135	1.25063				2
2024.12.26	17:00:09.357	1.25060	1.25061			6
2024.12.26	17:00:09.660		1.25062			4
2024.12.26	17:00:09.973	1.25061	1.25063			6
2024.12.26	17:00:10.578	1.25062	1.25064			6
2024.12.26	17:00:10.879	1.25061	1.25063			6
2024.12.26	17:00:13.021	1.25062	1.25064			6
2024.12.26	17:00:15.456		1.25063			4
2024.12.26	17:00:15.761	1.25058	1.25059			6
2024.12.26	17:00:16.068	1.25054	1.25055			6
2024.12.26	17:00:16.371	1.25051	1.25053			6
2024.12.26	17:00:16.679	1.25050	1.25052			6
2024.12.26	17:00:17.291		1.25053			4
2024.12.26	17:00:17.904	1.25046	1.25047			6
2024.12.26	17:00:18.210	1.25045	1.25049			6
2024.12.26	17:00:18.514		1.25048			4
2024.12.26	17:00:18.823	1.25043	1.25046			6
2024.12.26	17:00:19.124	1.25044	1.25048			6
2024.12.26	17:00:19.427	1.25045				2
2024.12.26	17:00:19.736	1.25044	1.25047			6
2024.12.26	17:00:20.358		1.25048			4
2024.12.26	17:00:20.665	1.25042	1.25045			6
2024.12.26	17:00:21.894	1.25043	1.25046			6
2024.12.26	17:00:22.503	1.25042	1.25045			6
2024.12.26	17:00:23.422	1.25044	1.25047			6
2024.12.26	17:00:23.729	1.25043	1.25046			6
2024.12.26	17:00:24.653	1.25042				2
2024.12.26	17:00:24.958	1.25043				2
2024.12.26	17:00:25.574	1.25042	1.25045			6
2024.12.26	17:00:25.882	1.25044	1.25048			6
2024.12.26	17:00:26.184	1.25045				2
2024.12.26	17:00:27.102	1.25043	1.25046			6
2024.12.26	17:00:28.952	1.25041				2
2024.12.26	17:00:29.258	1.25039	1.25042			6
2024.12.26	17:00:29.562		1.25044			4
2024.12.26	17:00:29.869	1.25038	1.25041			6
2024.12.26	17:00:30.170	1.25030	1.25034			6
2024.12.26	17:00:30.784	1.25031	1.25035			6
2024.12.26	17:00:32.330		1.25036			4
2024.12.26	17:00:33.244	1.25038	1.25042			6
2024.12.26	17:00:33.549	1.25040	1.25044			6
2024.12.26	17:00:34.784	1.25039				2
2024.12.26	17:00:36.310	1.25041	1.25045			6
2024.12.26	17:00:37.233	1.25040	1.25044			6
2024.12.26	17:00:38.763	1.25039	1.25043			6
2024.12.26	17:00:39.688	1.25040	1.25044			6
2024.12.26	17:00:40.607	1.25038	1.25045			6
2024.12.26	17:00:41.221	1.25040	1.25044			6
2024.12.26	17:00:43.675	1.25038	1.25045			6
2024.12.26	17:00:43.982	1.25040	1.25044			6
2024.12.26	17:00:44.901	1.25038	1.25045			6
2024.12.26	17:00:45.207	1.25040	1.25044			6
2024.12.26	17:00:48.900	1.25038	1.25045			6
2024.12.26	17:00:49.509	1.25040	1.25044			6
2024.12.26	17:00:50.429	1.25037				2
2024.12.26	17:00:51.040	1.25034	1.25038			6
2024.12.26	17:00:51.649	1.25043	1.25046			6
2024.12.26	17:00:51.960		1.25048			4
2024.12.26	17:00:54.107	1.25044	1.25049			6
2024.12.26	17:00:54.417		1.25048			4
2024.12.26	17:00:55.651	1.25041				2
2024.12.26	17:00:55.956	1.25044				2
2024.12.26	17:00:56.571		1.25047			4
2024.12.26	17:00:57.186		1.25048			4
2024.12.26	17:00:57.488	1.25042				2
2024.12.26	17:00:57.802	1.25044				2
2024.12.26	17:01:00.262	1.25042				2
2024.12.26	17:01:00.875	1.25044				2
2024.12.26	17:01:01.184	1.25045				2
2024.12.26	17:01:02.411	1.25044				2
2024.12.26	17:01:03.027	1.25042				2
2024.12.26	17:01:04.256		1.25047			4
2024.12.26	17:01:04.562	1.25045				2
2024.12.26	17:01:04.869	1.25044	1.25048			6
2024.12.26	17:01:05.486	1.25042				2
2024.12.26	17:01:05.792	1.25041				2
2024.12.26	17:01:06.098	1.25042				2
2024.12.26	17:01:08.861	1.25041	1.25045			6
2024.12.26	17:01:09.779	1.25042				2
2024.12.26	17:01:11.308	1.25041	1.25044			6
2024.12.26	17:01:11.924	1.25040				2
2024.12.26	17:01:14.059	1.25039	1.25042			6
2024.12.26	17:01:14.370	1.25044	1.25046			6
2024.12.26	17:01:14.679		1.25047			4
2024.12.26	17:01:14.983		1.25046			4
2024.12.26	17:01:15.598	1.25043	1.25045			6
2024.12.26	17:01:16.212	1.25042				2
2024.12.26	17:01:16.830	1.25040	1.25043			6
2024.12.26	17:01:18.056	1.25042	1.25044			6
2024.12.26	17:01:18.671	1.25040	1.25043			6
2024.12.26	17:01:19.285	1.25039				2
2024.12.26	17:01:20.207	1.25040				2
2024.12.26	17:01:20.821	1.25037	1.25042			6
2024.12.26	17:01:21.126		1.25041			4
2024.12.26	17:01:21.430		1.25042			4
2024.12.26	17:01:22.350	1.25038	1.25041			6
2024.12.26	17:01:22.655		1.25042			4
2024.12.26	17:01:23.880	1.25039	1.25043			6
2024.12.26	17:01:24.187	1.25038				2
2024.12.26	17:01:24.491		1.25042			4
2024.12.26	17:01:25.405	1.25037	1.25041			6
2024.12.26	17:01:25.706	1.25035	1.25039			6
2024.12.26	17:01:26.315	1.25032	1.25037			6
2024.12.26	17:01:26.621	1.25035	1.25038			6
2024.12.26	17:01:27.225	1.25034	1.25037			6
2024.12.26	17:01:29.360	1.25035	1.25038			6
2024.12.26	17:01:29.666		1.25037			4
2024.12.26	17:01:29.971		1.25038			4
2024.12.26	17:01:31.511	1.25037	1.25040			6
2024.12.26	17:01:31.816	1.25036	1.25039			6
2024.12.26	17:01:32.123	1.25037				2
2024.12.26	17:01:32.430	1.25036				2
2024.12.26	17:01:33.346	1.25041	1.25044			6
2024.12.26	17:01:33.654	1.25039	1.25042			6
2024.12.26	17:01:33.957	1.25040				2
2024.12.26	17:01:34.575		1.25041			4
2024.12.26	17:01:35.483	1.25039	1.25043			6
2024.12.26	17:01:35.787		1.25041			4
2024.12.26	17:01:36.099	1.25035	1.25038			6
2024.12.26	17:01:36.708		1.25037			4
2024.12.26	17:01:38.544	1.25034				2
2024.12.26	17:01:38.858	1.25035	1.25038			6
2024.12.26	17:01:39.472		1.25039			4
2024.12.26	17:01:40.081	1.25036				2
2024.12.26	17:01:41.302	1.25037				2
2024.12.26	17:01:41.911	1.25035	1.25038			6
2024.12.26	17:01:42.213	1.25034	1.25036			6
2024.12.26	17:01:43.432		1.25037			4
2024.12.26	17:01:43.735		1.25036			4
2024.12.26	17:01:44.037	1.25035	1.25037			6
2024.12.26	17:01:45.255	1.25034				2
2024.12.26	17:01:45.556	1.25035	1.25038			6
2024.12.26	17:01:45.862	1.25034	1.25037			6
2024.12.26	17:01:46.168	1.25033	1.25036			6
2024.12.26	17:01:47.086	1.25034	1.25037			6
2024.12.26	17:01:47.391	1.25035	1.25038			6
2024.12.26	17:01:49.226		1.25037			4
2024.12.26	17:01:51.360	1.25034	1.25036			6
2024.12.26	17:01:51.661	1.25035	1.25037			6
2024.12.26	17:01:54.711	1.25034	1.25036			6
2024.12.26	17:01:55.016	1.25033	1.25035			6
2024.12.26	17:01:55.324	1.25032	1.25034			6
2024.12.26	17:01:55.936	1.25026	1.25027			6
2024.12.26	17:01:56.239	1.25027	1.25029			6
2024.12.26	17:01:56.541	1.25033	1.25035			6
2024.12.26	17:01:56.845	1.25034	1.25036			6
2024.12.26	17:01:57.762	1.25035	1.25037			6
2024.12.26	17:02:00.202	1.25035				2
2024.12.26	17:02:01.735	1.25034	1.25036			6
2024.12.26	17:02:02.046	1.25032	1.25034			6
2024.12.26	17:02:02.350	1.25031	1.25033			6
2024.12.26	17:02:02.651	1.25028	1.25030			6
2024.12.26	17:02:02.956	1.25030	1.25032			6
2024.12.26	17:02:03.267	1.25031	1.25034			6
2024.12.26	17:02:03.572	1.25033	1.25035			6
2024.12.26	17:02:04.186	1.25031				2
2024.12.26	17:02:04.798		1.25034			4
2024.12.26	17:02:05.716		1.25035			4
2024.12.26	17:02:07.862	1.25034	1.25038			6
2024.12.26	17:02:08.163	1.25032	1.25037			6
2024.12.26	17:02:10.323	1.25033				2
2024.12.26	17:02:10.630	1.25032				2
2024.12.26	17:02:10.938	1.25033	1.25038			6
2024.12.26	17:02:11.247	1.25034				2
2024.12.26	17:02:11.554	1.25033	1.25036			6
2024.12.26	17:02:13.089	1.25032				2
2024.12.26	17:02:13.398	1.25035	1.25038			6
2024.12.26	17:02:13.711	1.25033	1.25037			6
2024.12.26	17:02:14.322	1.25034	1.25038			6
2024.12.26	17:02:14.631	1.25035				2
2024.12.26	17:02:15.551		1.25039			4
2024.12.26	17:02:15.861	1.25034	1.25038			6
2024.12.26	17:02:16.479	1.25033	1.25037			6
2024.12.26	17:02:17.093	1.25035	1.25038			6
2024.12.26	17:02:17.402	1.25036	1.25039			6
2024.12.26	17:02:19.234	1.25037	1.25040			6
2024.12.26	17:02:19.539	1.25032	1.25035			6
2024.12.26	17:02:19.841	1.25031	1.25034			6
2024.12.26	17:02:20.146	1.25027	1.25031			6
2024.12.26	17:02:20.450		1.25030			4
2024.12.26	17:02:20.768	1.25029	1.25033			6
2024.12.26	17:02:21.077	1.25031				2
2024.12.26	17:02:21.690	1.25033	1.25035			6
2024.12.26	17:02:22.305		1.25036			4
2024.12.26	17:02:23.843		1.25037			4
2024.12.26	17:02:24.461		1.25036			4
2024.12.26	17:02:27.227		1.25035			4
2024.12.26	17:02:27.840	1.25027	1.25028			6
2024.12.26	17:02:28.148	1.25022	1.25026			6
2024.12.26	17:02:28.456	1.25023				2
2024.12.26	17:02:28.758		1.25027			4
2024.12.26	17:02:29.363	1.25022	1.25029			6
2024.12.26	17:02:29.973		1.25026			4
2024.12.26	17:02:30.281	1.25021	1.25025			6
2024.12.26	17:02:30.894	1.25022	1.25026			6
2024.12.26	17:02:32.117	1.25025	1.25030			6
2024.12.26	17:02:33.645		1.25029			4
2024.12.26	17:02:33.949	1.25026	1.25030			6
2024.12.26	17:02:36.697	1.25025	1.25029			6
2024.12.26	17:02:37.919	1.25030	1.25034			6
2024.12.26	17:02:38.532	1.25028	1.25035			6
2024.12.26	17:02:39.150		1.25032			4
2024.12.26	17:02:39.456	1.25029	1.25034			6
2024.12.26	17:02:40.373	1.25030				2
2024.12.26	17:02:40.686	1.25031	1.25035			6
2024.12.26	17:02:46.187	1.25034	1.25038			6
2024.12.26	17:02:46.498		1.25037			4
2024.12.26	17:02:46.802	1.25035				2
2024.12.26	17:02:47.110	1.25031	1.25034			6
2024.12.26	17:02:47.410	1.25032	1.25038			6
2024.12.26	17:02:51.394		1.25037			4
2024.12.26	17:02:51.701	1.25034				2
2024.12.26	17:02:52.007		1.25038			4
2024.12.26	17:02:52.320	1.25035				2
2024.12.26	17:02:53.241	1.25036	1.25041			6
2024.12.26	17:02:55.684	1.25041	1.25043			6
2024.12.26	17:02:55.988	1.25040				2
2024.12.26	17:02:57.216	1.25041				2
2024.12.26	17:02:57.830		1.25044			4
2024.12.26	17:02:58.138		1.25043			4
2024.12.26	17:02:58.441	1.25042	1.25044			6
2024.12.26	17:02:59.049	1.25041				2
2024.12.26	17:02:59.663	1.25040	1.25043			6
2024.12.26	17:03:00.271	1.25040	1.25042			6
2024.12.26	17:03:01.201	1.25038				2
2024.12.26	17:03:01.507	1.25035	1.25039			6
2024.12.26	17:03:01.818	1.25037	1.25040			6
2024.12.26	17:03:02.126		1.25041			4
2024.12.26	17:03:03.045	1.25039				2
2024.12.26	17:03:03.978		1.25042			4
2024.12.26	17:03:05.509	1.25040				2
2024.12.26	17:03:05.816	1.25041	1.25044			6
2024.12.26	17:03:06.120	1.25040	1.25042			6
2024.12.26	17:03:09.167	1.25037	1.25040			6
2024.12.26	17:03:09.474	1.25036	1.25039			6
2024.12.26	17:03:10.082	1.25035				2
2024.12.26	17:03:11.297		1.25038			4
2024.12.26	17:03:11.603	1.25036	1.25039			6
2024.12.26	17:03:11.913	1.25034	1.25037			6
2024.12.26	17:03:12.219	1.25035	1.25038			6
2024.12.26	17:03:12.526	1.25034	1.25037			6
2024.12.26	17:03:14.369	1.25033	1.25036			6
2024.12.26	17:03:15.884	1.25034	1.25037			6
2024.12.26	17:03:16.187		1.25036			4
2024.12.26	17:03:16.796	1.25035	1.25037			6
2024.12.26	17:03:18.023	1.25034	1.25036			6
2024.12.26	17:03:18.326		1.25035			4
2024.12.26	17:03:18.629	1.25040	1.25042			6
2024.12.26	17:03:19.233	1.25039	1.25043			6
2024.12.26	17:03:21.072	1.25038	1.25042			6
2024.12.26	17:03:21.375	1.25036	1.25040			6
2024.12.26	17:03:22.608	1.25038	1.25041			6
2024.12.26	17:03:22.916		1.25042			4
2024.12.26	17:03:24.134	1.25036	1.25040			6
2024.12.26	17:03:25.366	1.25037				2
2024.12.26	17:03:25.976	1.25038	1.25041			6
2024.12.26	17:03:26.283	1.25037	1.25039			6
2024.12.26	17:03:27.200	1.25036				2
2024.12.26	17:03:27.501	1.25037	1.25040			6
2024.12.26	17:03:27.804	1.25036	1.25039			6
2024.12.26	17:03:28.420	1.25046	1.25048			6
2024.12.26	17:03:28.727		1.25047			4
2024.12.26	17:03:29.332		1.25048			4
2024.12.26	17:03:29.641	1.25045				2
2024.12.26	17:03:30.255	1.25042	1.25047			6
2024.12.26	17:03:30.560	1.25043	1.25045			6
2024.12.26	17:03:31.171	1.25042	1.25044			6
2024.12.26	17:03:32.397	1.25043	1.25045			6
2024.12.26	17:03:33.309	1.25042	1.25043			6
2024.12.26	17:03:33.613	1.25043	1.25045			6
2024.12.26	17:03:33.918	1.25046	1.25047			6
2024.12.26	17:03:34.221	1.25045	1.25046			6
2024.12.26	17:03:34.527	1.25038	1.25041			6
2024.12.26	17:03:34.832		1.25040			4
2024.12.26	17:03:35.133		1.25041			4
2024.12.26	17:03:35.745		1.25040			4
2024.12.26	17:03:36.353	1.25018	1.25019			6
2024.12.26	17:03:36.657	1.25014	1.25015			6
2024.12.26	17:03:36.960	1.25012	1.25016			6
2024.12.26	17:03:37.581	1.25014	1.25018			6
2024.12.26	17:03:38.194	1.25017				2
2024.12.26	17:03:38.501	1.25016	1.25020			6
2024.12.26	17:03:38.803	1.25015	1.25019			6
2024.12.26	17:03:40.336	1.25012	1.25015			6
2024.12.26	17:03:41.868		1.25016			4
2024.12.26	17:03:42.479	1.25014	1.25018			6
2024.12.26	17:03:44.311	1.25015				2
2024.12.26	17:03:44.614	1.25014	1.25017			6
2024.12.26	17:03:45.224	1.25017	1.25020			6
2024.12.26	17:03:45.526	1.25019	1.25023			6
2024.12.26	17:03:47.363		1.25022			4
2024.12.26	17:03:52.584	1.25022	1.25025			6
2024.12.26	17:03:53.504	1.25021				2
2024.12.26	17:03:53.812	1.25022				2
2024.12.26	17:03:55.654	1.25021				2
2024.12.26	17:03:58.410	1.25028	1.25031			6
2024.12.26	17:03:58.714	1.25026	1.25029			6
2024.12.26	17:03:59.325	1.25025	1.25028			6
2024.12.26	17:03:59.634	1.25026	1.25029			6
2024.12.26	17:03:59.937	1.25024	1.25027			6
2024.12.26	17:04:00.239	1.25023	1.25026			6
2024.12.26	17:04:02.390	1.25021	1.25027			6
2024.12.26	17:04:02.693	1.25016	1.25020			6
2024.12.26	17:04:02.999		1.25019			4
2024.12.26	17:04:03.607	1.25014	1.25020			6
2024.12.26	17:04:12.852	1.25015				2
2024.12.26	17:04:17.760	1.25020	1.25026			6
2024.12.26	17:04:18.063	1.25023	1.25029			6
2024.12.26	17:04:19.592	1.25019	1.25025			6
2024.12.26	17:04:21.111	1.25017	1.25022			6
2024.12.26	17:04:21.418		1.25023			4
2024.12.26	17:04:22.340		1.25022			4
2024.12.26	17:04:23.561	1.25020	1.25024			6
2024.12.26	17:04:23.865		1.25025			4
2024.12.26	17:04:26.006	1.25018	1.25024			6
2024.12.26	17:04:28.155	1.25019	1.25025			6
2024.12.26	17:04:28.760		1.25024			4
2024.12.26	17:04:29.992	1.25020	1.25025			6
2024.12.26	17:04:32.730	1.25017	1.25022			6
2024.12.26	17:04:34.570	1.25018	1.25021			6
2024.12.26	17:04:34.878	1.25019	1.25024			6
2024.12.26	17:04:35.180	1.25026	1.25027			6
2024.12.26	17:04:35.483	1.25032	1.25035			6
2024.12.26	17:04:35.785	1.25024	1.25028			6
2024.12.26	17:04:36.094	1.25025				2
2024.12.26	17:04:36.400	1.25024				2
2024.12.26	17:04:36.703		1.25027			4
2024.12.26	17:04:37.007	1.25020	1.25024			6
2024.12.26	17:04:37.315		1.25025			4
2024.12.26	17:04:37.627		1.25024			4
2024.12.26	17:04:39.453		1.25025			4
2024.12.26	17:04:41.598	1.25022	1.25026			6
2024.12.26	17:04:42.210	1.25021				2
2024.12.26	17:04:42.517		1.25025			4
2024.12.26	17:04:44.041	1.25018	1.25023			6
2024.12.26	17:04:44.344	1.25019				2
2024.12.26	17:04:44.648	1.25028	1.25032			6
2024.12.26	17:04:45.262	1.25027	1.25031			6
2024.12.26	17:04:45.564	1.25030	1.25035			6
2024.12.26	17:04:45.881	1.25028	1.25032			6
2024.12.26	17:04:46.797	1.25026	1.25031			6
2024.12.26	17:04:47.104	1.25027				2
2024.12.26	17:04:47.411		1.25032			4
2024.12.26	17:04:47.717		1.25031			4
2024.12.26	17:04:48.020	1.25028	1.25032			6
2024.12.26	17:04:48.330	1.25027	1.25031			6
2024.12.26	17:04:50.781	1.25026	1.25030			6
2024.12.26	17:04:51.091	1.25028	1.25032			6
2024.12.26	17:04:53.839	1.25026	1.25030			6
2024.12.26	17:04:55.367	1.25027	1.25031			6
2024.12.26	17:04:55.982	1.25024	1.25027			6
2024.12.26	17:04:57.508	1.25019	1.25025			6
2024.12.26	17:04:58.430	1.25014	1.25017			6
2024.12.26	17:04:58.732	1.25013				2
2024.12.26	17:04:59.659		1.25016			4
2024.12.26	17:05:00.270	1.25012	1.25015			6
2024.12.26	17:05:00.882	1.25013	1.25016			6
2024.12.26	17:05:01.495		1.25017			4
2024.12.26	17:05:02.715	1.25014				2
2024.12.26	17:05:03.018	1.25016	1.25020			6
2024.12.26	17:05:03.633		1.25021			4
2024.12.26	17:05:03.944	1.25017				2
2024.12.26	17:05:04.245		1.25023			4
2024.12.26	17:05:04.554	1.25015	1.25021			6
2024.12.26	17:05:04.857	1.25014	1.25017			6
2024.12.26	17:05:07.641	1.25015	1.25019			6
2024.12.26	17:05:08.560	1.25014	1.25018			6
2024.12.26	17:05:09.489		1.25017			4
2024.12.26	17:05:16.852	1.25013	1.25016			6
2024.12.26	17:05:22.371	1.25012				2
2024.12.26	17:05:23.291		1.25014			4
2024.12.26	17:05:23.601		1.25015			4
2024.12.26	17:05:25.141	1.25011	1.25014			6
2024.12.26	17:05:29.420		1.25013			4
2024.12.26	17:05:31.865	1.25012	1.25015			6
2024.12.26	17:05:34.627	1.25013	1.25016			6
2024.12.26	17:05:35.238	1.25012				2
2024.12.26	17:05:35.544	1.25013				2
2024.12.26	17:05:35.848	1.25015	1.25018			6
2024.12.26	17:05:37.066	1.25016				2
2024.12.26	17:05:38.917	1.25014	1.25016			6
2024.12.26	17:05:41.675	1.25013				2
2024.12.26	17:05:42.290	1.25014	1.25017			6
2024.12.26	17:05:42.596	1.25013				2
2024.12.26	17:05:43.820	1.25014				2
2024.12.26	17:05:44.121	1.25025	1.25027			6
2024.12.26	17:05:44.424	1.25026				2
2024.12.26	17:05:44.735		1.25029			4
2024.12.26	17:05:45.041	1.25027	1.25030			6
2024.12.26	17:05:45.342	1.25025	1.25029			6
2024.12.26	17:05:48.414	1.25023	1.25026			6
2024.12.26	17:05:48.722	1.25021				2
2024.12.26	17:05:49.948	1.25022	1.25027			6
2024.12.26	17:05:50.258	1.25025	1.25029			6
2024.12.26	17:05:52.088	1.25024	1.25028			6
2024.12.26	17:05:53.019		1.25027			4
2024.12.26	17:05:53.324	1.25023	1.25026			6
2024.12.26	17:05:53.639	1.25022	1.25025			6
2024.12.26	17:05:56.092		1.25026			4
2024.12.26	17:05:56.404	1.25021				2
2024.12.26	17:05:56.708		1.25025			4
2024.12.26	17:05:57.017		1.25024			4
2024.12.26	17:05:58.870		1.25026			4
2024.12.26	17:05:59.174		1.25024			4
2024.12.26	17:05:59.791		1.25025			4
2024.12.26	17:06:00.094	1.25021				2
2024.12.26	17:06:04.095	1.25023	1.25026			6
2024.12.26	17:06:04.402		1.25028			4
2024.12.26	17:06:06.562	1.25029	1.25031			6
2024.12.26	17:06:06.864	1.25028	1.25032			6
2024.12.26	17:06:07.471	1.25030				2
2024.12.26	17:06:10.224	1.25032	1.25035			6
2024.12.26	17:06:10.533	1.25035	1.25038			6
2024.12.26	17:06:12.686	1.25032	1.25035			6
2024.12.26	17:06:14.844	1.25033	1.25036			6
2024.12.26	17:06:17.918	1.25038	1.25041			6
2024.12.26	17:06:18.222		1.25040			4
2024.12.26	17:06:18.528	1.25037	1.25042			6
2024.12.26	17:06:18.832		1.25040			4
2024.12.26	17:06:19.137	1.25033	1.25036			6
2024.12.26	17:06:19.445	1.25032	1.25034			6
2024.12.26	17:06:19.764	1.25033	1.25035			6
2024.12.26	17:06:20.374	1.25032				2
2024.12.26	17:06:24.073	1.25042	1.25045			6
2024.12.26	17:06:24.686	1.25043	1.25046			6
2024.12.26	17:06:25.619	1.25042	1.25045			6
2024.12.26	17:06:26.535	1.25043	1.25048			6
2024.12.26	17:06:26.841		1.25046			4
2024.12.26	17:06:27.450		1.25048			4
2024.12.26	17:06:27.764		1.25046			4
2024.12.26	17:06:28.071		1.25048			4
2024.12.26	17:06:28.682	1.25044	1.25049			6
2024.12.26	17:06:28.987	1.25045	1.25048			6
2024.12.26	17:06:29.602	1.25044	1.25047			6
2024.12.26	17:06:30.841	1.25045	1.25048			6
2024.12.26	17:06:31.144	1.25044	1.25047			6
2024.12.26	17:06:32.068	1.25045	1.25048			6
2024.12.26	17:06:32.376		1.25047			4
2024.12.26	17:06:32.682		1.25048			4
2024.12.26	17:06:32.988		1.25047			4
2024.12.26	17:06:34.835		1.25048			4
2024.12.26	17:06:35.450		1.25047			4
2024.12.26	17:06:35.755		1.25048			4
2024.12.26	17:06:36.062	1.25044	1.25047			6
2024.12.26	17:06:37.295	1.25045				2
2024.12.26	17:06:38.218		1.25048			4
2024.12.26	17:06:39.450	1.25038	1.25041			6
2024.12.26	17:06:39.754	1.25041	1.25044			6
2024.12.26	17:06:40.362		1.25043			4
2024.12.26	17:06:46.197		1.25044			4
2024.12.26	17:06:46.501	1.25040	1.25043			6
2024.12.26	17:06:47.718	1.25046	1.25048			6
2024.12.26	17:06:48.021	1.25045				2
2024.12.26	17:06:48.638	1.25046	1.25049			6
2024.12.26	17:06:49.246	1.25045	1.25048			6
2024.12.26	17:06:49.862	1.25046				2
2024.12.26	17:06:50.164	1.25045				2
2024.12.26	17:06:50.472	1.25046	1.25049			6
2024.12.26	17:06:51.084	1.25047				2
2024.12.26	17:06:51.697	1.25045				2
2024.12.26	17:06:52.002		1.25048			4
2024.12.26	17:06:53.841	1.25043	1.25045			6
2024.12.26	17:06:54.149	1.25042				2
2024.12.26	17:06:55.064	1.25039	1.25041			6
2024.12.26	17:06:55.985		1.25043			4
2024.12.26	17:06:56.293	1.25037				2
2024.12.26	17:06:56.599	1.25038				2
2024.12.26	17:06:58.131	1.25041	1.25044			6
2024.12.26	17:06:58.438	1.25044	1.25046			6
2024.12.26	17:06:58.742	1.25046	1.25047			6
2024.12.26	17:06:59.043	1.25045	1.25046			6
2024.12.26	17:06:59.348	1.25046	1.25049			6
2024.12.26	17:06:59.651	1.25047				2
2024.12.26	17:07:00.268	1.25047				2
2024.12.26	17:07:01.187	1.25046				2
2024.12.26	17:07:01.496	1.25047				2
2024.12.26	17:07:02.418		1.25048			4
2024.12.26	17:07:02.727	1.25044	1.25045			6
2024.12.26	17:07:03.031	1.25042				2
2024.12.26	17:07:04.576		1.25043			4
2024.12.26	17:07:05.188	1.25041				2
2024.12.26	17:07:05.495	1.25040	1.25044			6
2024.12.26	17:07:05.800	1.25042				2
2024.12.26	17:07:06.722	1.25041	1.25043			6
2024.12.26	17:07:07.034		1.25044			4
2024.12.26	17:07:07.336	1.25040	1.25043			6
2024.12.26	17:07:07.645	1.25041	1.25044			6
2024.12.26	17:07:08.260	1.25040	1.25043			6
2024.12.26	17:07:08.570	1.25041	1.25044			6
2024.12.26	17:07:09.496		1.25045			4
2024.12.26	17:07:10.105		1.25044			4
2024.12.26	17:07:10.410	1.25039				2
2024.12.26	17:07:11.332	1.25041				2
2024.12.26	17:07:13.793	1.25042	1.25045			6
2024.12.26	17:07:14.098	1.25036	1.25040			6
2024.12.26	17:07:14.400		1.25039			4
2024.12.26	17:07:14.713	1.25037				2
2024.12.26	17:07:17.796	1.25034	1.25036			6
2024.12.26	17:07:18.707	1.25035	1.25037			6
2024.12.26	17:07:20.871		1.25036			4
2024.12.26	17:07:23.020	1.25034				2
2024.12.26	17:07:24.855		1.25037			4
2024.12.26	17:07:28.538	1.25037	1.25038			6
2024.12.26	17:07:28.842	1.25036	1.25039			6
2024.12.26	17:07:30.679	1.25037	1.25040			6
2024.12.26	17:07:30.986	1.25036	1.25039			6
2024.12.26	17:07:31.289	1.25037				2
2024.12.26	17:07:31.597		1.25038			4
2024.12.26	17:07:33.433	1.25035	1.25036			6
2024.12.26	17:07:34.661	1.25036	1.25039			6
2024.12.26	17:07:36.486	1.25037				2
2024.12.26	17:07:36.790	1.25038				2
2024.12.26	17:07:37.098	1.25037				2
2024.12.26	17:07:37.401	1.25039	1.25040			6
2024.12.26	17:07:39.526	1.25042	1.25043			6
2024.12.26	17:07:39.831	1.25043	1.25045			6
2024.12.26	17:07:40.439	1.25042	1.25044			6
2024.12.26	17:07:40.742	1.25041	1.25043			6
2024.12.26	17:07:41.362	1.25047	1.25048			6
2024.12.26	17:07:41.668		1.25049			4
2024.12.26	17:07:41.974	1.25048	1.25050			6
2024.12.26	17:07:42.282	1.25049				2
2024.12.26	17:07:43.202	1.25048				2
2024.12.26	17:07:43.817	1.25053	1.25055			6
2024.12.26	17:07:44.124	1.25054	1.25057			6
2024.12.26	17:07:46.886	1.25052	1.25056			6
2024.12.26	17:07:48.109	1.25048	1.25049			6
2024.12.26	17:07:48.419		1.25050			4
2024.12.26	17:07:50.570		1.25051			4
2024.12.26	17:07:51.182	1.25049				2
2024.12.26	17:07:52.104	1.25051	1.25053			6
2024.12.26	17:07:52.720	1.25049	1.25050			6
2024.12.26	17:07:54.539	1.25051	1.25052			6
2024.12.26	17:07:55.159	1.25048	1.25050			6
2024.12.26	17:08:00.082	1.25048				2
2024.12.26	17:08:01.008	1.25046	1.25048			6
2024.12.26	17:08:01.312	1.25048	1.25050			6
2024.12.26	17:08:01.620		1.25051			4
2024.12.26	17:08:01.927		1.25050			4
2024.12.26	17:08:02.537		1.25051			4
2024.12.26	17:08:04.685		1.25050			4
2024.12.26	17:08:05.301		1.25051			4
2024.12.26	17:08:07.136		1.25050			4
2024.12.26	17:08:07.445		1.25051			4
2024.12.26	17:08:08.052	1.25044	1.25045			6
2024.12.26	17:08:09.572	1.25042	1.25043			6
2024.12.26	17:08:09.880	1.25040				2
2024.12.26	17:08:10.181	1.25042	1.25044			6
2024.12.26	17:08:10.798	1.25044	1.25046			6
2024.12.26	17:08:12.631		1.25047			4
2024.12.26	17:08:12.938	1.25045	1.25048			6
2024.12.26	17:08:13.241	1.25047				2
2024.12.26	17:08:14.153	1.25046				2
2024.12.26	17:08:15.382	1.25047				2
2024.12.26	17:08:17.513	1.25045	1.25047			6
2024.12.26	17:08:17.816	1.25044	1.25046			6
2024.12.26	17:08:18.123	1.25053	1.25054			6
2024.12.26	17:08:18.424	1.25054	1.25055			6
2024.12.26	17:08:18.726	1.25055	1.25058			6
2024.12.26	17:08:19.334	1.25054				2
2024.12.26	17:08:19.636	1.25056				2
2024.12.26	17:08:20.244	1.25057				2
2024.12.26	17:08:21.772		1.25060			4
2024.12.26	17:08:22.082		1.25058			4
2024.12.26	17:08:22.992	1.25055	1.25056			6
2024.12.26	17:08:23.307	1.25052	1.25053			6
2024.12.26	17:08:25.140	1.25053	1.25055			6
2024.12.26	17:08:25.445	1.25055	1.25056			6
2024.12.26	17:08:25.748	1.25054				2
2024.12.26	17:08:29.717	1.25055	1.25058			6
2024.12.26	17:08:30.022	1.25056				2
2024.12.26	17:08:30.330		1.25059			4
2024.12.26	17:08:31.551	1.25057	1.25060			6
2024.12.26	17:08:32.159	1.25063	1.25065			6
2024.12.26	17:08:32.465	1.25059	1.25060			6
2024.12.26	17:08:33.382	1.25058				2
2024.12.26	17:08:33.686	1.25056	1.25057			6
2024.12.26	17:08:37.971	1.25053	1.25055			6
2024.12.26	17:08:38.582		1.25054			4
2024.12.26	17:08:40.421		1.25056			4
2024.12.26	17:08:42.881	1.25056	1.25060			6
2024.12.26	17:08:46.870		1.25059			4
2024.12.26	17:08:47.173		1.25058			4
2024.12.26	17:08:48.096		1.25059			4
2024.12.26	17:08:50.870		1.25058			4
2024.12.26	17:08:51.173		1.25059			4
2024.12.26	17:08:53.300	1.25057	1.25060			6
2024.12.26	17:08:53.600	1.25058	1.25061			6
2024.12.26	17:08:54.220		1.25060			4
2024.12.26	17:08:56.341		1.25061			4
2024.12.26	17:08:58.166		1.25060			4
2024.12.26	17:08:58.471	1.25056	1.25058			6
2024.12.26	17:09:00.004	1.25056				2
2024.12.26	17:09:01.535		1.25059			4
2024.12.26	17:09:01.843	1.25055	1.25056			6
2024.12.26	17:09:02.148	1.25060	1.25061			6
2024.12.26	17:09:02.455		1.25062			4
2024.12.26	17:09:02.759	1.25058	1.25060			6
2024.12.26	17:09:04.587	1.25059	1.25061			6
2024.12.26	17:09:05.499	1.25058				2
2024.12.26	17:09:05.803	1.25060	1.25063			6
2024.12.26	17:09:06.416	1.25061	1.25064			6
2024.12.26	17:09:09.164		1.25063			4
2024.12.26	17:09:10.075	1.25059	1.25061			6
2024.12.26	17:09:12.209	1.25060	1.25062			6
2024.12.26	17:09:12.509	1.25061				2
2024.12.26	17:09:12.825	1.25060				2
2024.12.26	17:09:13.137	1.25059	1.25061			6
2024.12.26	17:09:13.747	1.25060	1.25062			6
2024.12.26	17:09:14.361	1.25059	1.25061			6
2024.12.26	17:09:15.882	1.25057	1.25058			6
2024.12.26	17:09:16.488	1.25056				2
2024.12.26	17:09:16.789	1.25058	1.25060			6
2024.12.26	17:09:21.678	1.25057	1.25059			6
2024.12.26	17:09:21.982	1.25056	1.25058			6
2024.12.26	17:09:22.597	1.25055	1.25057			6
2024.12.26	17:09:23.516	1.25051	1.25053			6
2024.12.26	17:09:23.823	1.25052	1.25054			6
2024.12.26	17:09:24.743	1.25051	1.25053			6
2024.12.26	17:09:25.050	1.25050	1.25052			6
2024.12.26	17:09:25.351	1.25049	1.25050			6
2024.12.26	17:09:26.569	1.25048				2
2024.12.26	17:09:29.017	1.25046	1.25047			6
2024.12.26	17:09:29.323	1.25047	1.25048			6
2024.12.26	17:09:29.929	1.25044	1.25045			6
2024.12.26	17:09:30.233	1.25045	1.25047			6
2024.12.26	17:09:30.538	1.25046	1.25048			6
2024.12.26	17:09:30.845	1.25047	1.25049			6
2024.12.26	17:09:32.975	1.25046	1.25047			6
2024.12.26	17:09:33.891	1.25047	1.25048			6
2024.12.26	17:09:35.429	1.25043	1.25044			6
2024.12.26	17:09:36.040	1.25044	1.25045			6
2024.12.26	17:09:36.342	1.25043				2
2024.12.26	17:09:36.649	1.25044				2
2024.12.26	17:09:40.021	1.25043	1.25044			6
2024.12.26	17:09:40.628		1.25045			4
2024.12.26	17:09:41.255	1.25046	1.25048			6
2024.12.26	17:09:42.162		1.25047			4
2024.12.26	17:09:43.399	1.25047	1.25048			6
2024.12.26	17:09:44.914		1.25049			4
2024.12.26	17:09:45.227	1.25051	1.25053			6
2024.12.26	17:09:45.529	1.25050	1.25052			6
2024.12.26	17:09:46.135		1.25051			4
2024.12.26	17:09:46.444	1.25049				2
2024.12.26	17:09:46.752	1.25048	1.25050			6
2024.12.26	17:09:48.570	1.25049	1.25051			6
2024.12.26	17:09:50.403	1.25051	1.25053			6
2024.12.26	17:09:51.012		1.25052			4
2024.12.26	17:09:51.313		1.25053			4
2024.12.26	17:09:51.621	1.25050	1.25051			6
2024.12.26	17:09:51.922	1.25047	1.25048			6
2024.12.26	17:09:54.980	1.25046	1.25047			6
2024.12.26	17:09:55.280	1.25044	1.25045			6
2024.12.26	17:09:56.500	1.25045	1.25046			6
2024.12.26	17:09:57.421	1.25043	1.25044			6
2024.12.26	17:09:58.029	1.25044	1.25045			6
2024.12.26	17:09:58.333	1.25051	1.25053			6
2024.12.26	17:09:58.637	1.25049	1.25051			6
2024.12.26	17:09:59.271	1.25048				2
2024.12.26	17:10:00.199	1.25050	1.25054			6
2024.12.26	17:10:00.503	1.25051				2
2024.12.26	17:10:00.810	1.25052	1.25055			6
2024.12.26	17:10:02.350	1.25049	1.25053			6
2024.12.26	17:10:02.959	1.25050	1.25052			6
2024.12.26	17:10:03.573	1.25051				2
2024.12.26	17:10:04.483	1.25053	1.25056			6
2024.12.26	17:10:05.402	1.25059	1.25060			6
2024.12.26	17:10:05.710	1.25063	1.25064			6
2024.12.26	17:10:06.318	1.25062	1.25067			6
2024.12.26	17:10:06.621	1.25065	1.25068			6
2024.12.26	17:10:07.234	1.25064	1.25067			6
2024.12.26	17:10:07.543	1.25063				2
2024.12.26	17:10:07.851		1.25068			4
2024.12.26	17:10:08.463	1.25061	1.25064			6
2024.12.26	17:10:08.771	1.25060	1.25063			6
2024.12.26	17:10:09.075	1.25061	1.25064			6
2024.12.26	17:10:09.981	1.25062	1.25065			6
2024.12.26	17:10:10.592	1.25063	1.25066			6
2024.12.26	17:10:10.899	1.25065	1.25068			6
2024.12.26	17:10:11.822	1.25064				2
2024.12.26	17:10:12.123	1.25062				2
2024.12.26	17:10:12.424		1.25066			4
2024.12.26	17:10:13.030	1.25063	1.25067			6
2024.12.26	17:10:13.957	1.25062	1.25066			6
2024.12.26	17:10:14.875	1.25065	1.25068			6
2024.12.26	17:10:15.177	1.25064				2
2024.12.26	17:10:17.345	1.25065				2
2024.12.26	17:10:17.961	1.25064				2
2024.12.26	17:10:18.579	1.25065				2
2024.12.26	17:10:20.428	1.25064				2
2024.12.26	17:10:21.352	1.25062	1.25065			6
2024.12.26	17:10:21.964	1.25063	1.25066			6
2024.12.26	17:10:23.192	1.25062				2
2024.12.26	17:10:24.121	1.25065	1.25068			6
2024.12.26	17:10:24.732	1.25064				2
2024.12.26	17:10:25.348	1.25065				2
2024.12.26	17:10:25.656	1.25064				2
2024.12.26	17:10:26.882	1.25065				2
2024.12.26	17:10:27.804	1.25064	1.25067			6
2024.12.26	17:10:30.269	1.25065	1.25068			6
2024.12.26	17:10:30.578	1.25064	1.25067			6
2024.12.26	17:10:31.193	1.25065	1.25068			6
2024.12.26	17:10:31.502	1.25064	1.25067			6
2024.12.26	17:10:33.660	1.25065	1.25068			6
2024.12.26	17:10:33.973		1.25069			4
2024.12.26	17:10:34.273	1.25064	1.25067			6
2024.12.26	17:10:34.889	1.25065	1.25068			6
2024.12.26	17:10:35.193	1.25072	1.25076			6
2024.12.26	17:10:35.803	1.25069	1.25071			6
2024.12.26	17:10:36.107	1.25068				2
2024.12.26	17:10:36.719	1.25069	1.25072			6
2024.12.26	17:10:37.634	1.25072	1.25076			6
2024.12.26	17:10:37.944	1.25073				2
2024.12.26	17:10:38.252	1.25074	1.25077			6
2024.12.26	17:10:38.560	1.25079	1.25080			6
2024.12.26	17:10:38.867	1.25078	1.25083			6
2024.12.26	17:10:39.180	1.25079	1.25084			6
2024.12.26	17:10:39.483	1.25080				2
2024.12.26	17:10:39.785	1.25079	1.25082			6
2024.12.26	17:10:40.412	1.25076	1.25079			6
2024.12.26	17:10:40.715	1.25078	1.25081			6
2024.12.26	17:10:41.025	1.25079	1.25082			6
2024.12.26	17:10:41.337	1.25080	1.25083			6
2024.12.26	17:10:41.644	1.25078	1.25081			6
2024.12.26	17:10:42.571	1.25079	1.25083			6
2024.12.26	17:10:42.873	1.25082	1.25086			6
2024.12.26	17:10:44.409	1.25085	1.25088			6
2024.12.26	17:10:44.717	1.25084	1.25087			6
2024.12.26	17:10:45.024	1.25082	1.25085			6
2024.12.26	17:10:45.327	1.25080	1.25083			6
2024.12.26	17:10:45.942	1.25081	1.25084			6
2024.12.26	17:10:46.251	1.25080	1.25083			6
2024.12.26	17:10:47.780	1.25077	1.25081			6
2024.12.26	17:10:48.090		1.25083			4
2024.12.26	17:10:48.394	1.25082	1.25085			6
2024.12.26	17:10:49.011	1.25079	1.25082			6
2024.12.26	17:10:49.317	1.25078				2
2024.12.26	17:10:50.548		1.25081			4
2024.12.26	17:10:51.163	1.25074	1.25077			6
2024.12.26	17:10:52.697	1.25076	1.25079			6
2024.12.26	17:10:56.389	1.25075	1.25078			6
2024.12.26	17:10:58.226	1.25072	1.25075			6
2024.12.26	17:11:00.065	1.25072				2
2024.12.26	17:11:00.380		1.25076			4
2024.12.26	17:11:00.689	1.25073	1.25077			6
2024.12.26	17:11:00.998	1.25074	1.25078			6
2024.12.26	17:11:02.229	1.25077	1.25079			6
2024.12.26	17:11:02.537	1.25080	1.25083			6
2024.12.26	17:11:02.843	1.25082	1.25085			6
2024.12.26	17:11:04.381	1.25081				2
2024.12.26	17:11:04.685	1.25082				2
2024.12.26	17:11:04.991	1.25083	1.25086			6
2024.12.26	17:11:06.536	1.25081				2
2024.12.26	17:11:06.839	1.25082				2
2024.12.26	17:11:07.151		1.25085			4
2024.12.26	17:11:07.770	1.25085	1.25088			6
2024.12.26	17:11:08.389	1.25083	1.25086			6
2024.12.26	17:11:09.003	1.25081	1.25084			6
2024.12.26	17:11:11.468		1.25085			4
2024.12.26	17:11:12.086	1.25083	1.25086			6
2024.12.26	17:11:12.394	1.25082	1.25088			6
2024.12.26	17:11:13.619	1.25081	1.25086			6
2024.12.26	17:11:14.543		1.25084			4
2024.12.26	17:11:15.156	1.25082	1.25085			6
2024.12.26	17:11:15.465	1.25081	1.25084			6
2024.12.26	17:11:17.615	1.25082	1.25085			6
2024.12.26	17:11:17.922	1.25081	1.25084			6
2024.12.26	17:11:20.159	1.25082	1.25085			6
2024.12.26	17:11:21.397	1.25081	1.25084			6
2024.12.26	17:11:23.539	1.25080	1.25083			6
2024.12.26	17:11:24.758	1.25082	1.25085			6
2024.12.26	17:11:25.065	1.25085	1.25088			6
2024.12.26	17:11:25.376	1.25084	1.25087			6
2024.12.26	17:11:25.681	1.25080	1.25083			6
2024.12.26	17:11:25.985	1.25077	1.25082			6
2024.12.26	17:11:26.602	1.25078	1.25081			6
2024.12.26	17:11:26.905	1.25075	1.25078			6
2024.12.26	17:11:27.206	1.25074	1.25077			6
2024.12.26	17:11:27.510	1.25075	1.25078			6
2024.12.26	17:11:27.822	1.25074	1.25077			6
2024.12.26	17:11:28.128	1.25075	1.25078			6
2024.12.26	17:11:28.432	1.25074				2
2024.12.26	17:11:28.741		1.25077			4
2024.12.26	17:11:29.051	1.25073	1.25074			6
2024.12.26	17:11:29.361	1.25071				2
2024.12.26	17:11:29.668		1.25073			4
2024.12.26	17:11:31.204		1.25074			4
2024.12.26	17:11:31.508	1.25075	1.25078			6
2024.12.26	17:11:31.824		1.25079			4
2024.12.26	17:11:33.666		1.25078			4
2024.12.26	17:11:33.968	1.25074	1.25077			6
2024.12.26	17:11:34.270	1.25072	1.25078			6
2024.12.26	17:11:35.205		1.25074			4
2024.12.26	17:11:36.129		1.25075			4
2024.12.26	17:11:36.745	1.25071	1.25074			6
2024.12.26	17:11:37.355	1.25070	1.25073			6
2024.12.26	17:11:39.199	1.25071				2
2024.12.26	17:11:39.506	1.25072	1.25075			6
2024.12.26	17:11:42.254	1.25071	1.25074			6
2024.12.26	17:11:43.470	1.25072	1.25075			6
2024.12.26	17:11:43.778		1.25076			4
2024.12.26	17:11:44.085	1.25073				2
2024.12.26	17:11:45.613	1.25074	1.25078			6
2024.12.26	17:11:46.841	1.25072	1.25074			6
2024.12.26	17:11:47.145	1.25073				2
2024.12.26	17:11:47.446	1.25074	1.25075			6
2024.12.26	17:11:47.754	1.25073	1.25074			6
2024.12.26	17:11:48.060	1.25074	1.25075			6
2024.12.26	17:11:48.367	1.25071	1.25073			6
2024.12.26	17:11:50.201	1.25072				2
2024.12.26	17:11:50.809	1.25071	1.25074			6
2024.12.26	17:11:52.029	1.25072				2
2024.12.26	17:11:53.860	1.25071	1.25073			6
2024.12.26	17:11:54.174	1.25073	1.25074			6
2024.12.26	17:11:54.486	1.25072				2
2024.12.26	17:11:55.100	1.25075	1.25077			6
2024.12.26	17:11:55.404		1.25076			4
2024.12.26	17:11:55.707	1.25074	1.25075			6
2024.12.26	17:12:00.002	1.25076	1.25077			6
2024.12.26	17:12:00.308		1.25078			4
2024.12.26	17:12:00.614	1.25075	1.25077			6
2024.12.26	17:12:01.227	1.25076	1.25078			6
2024.12.26	17:12:04.281	1.25075	1.25077			6
2024.12.26	17:12:04.887	1.25076				2
2024.12.26	17:12:08.249		1.25078			4
2024.12.26	17:12:09.160	1.25075	1.25077			6
2024.12.26	17:12:10.075	1.25076	1.25078			6
2024.12.26	17:12:10.381	1.25075	1.25077			6
2024.12.26	17:12:10.989	1.25076	1.25078			6
2024.12.26	17:12:11.293	1.25074	1.25076			6
2024.12.26	17:12:11.600	1.25076	1.25077			6
2024.12.26	17:12:12.821	1.25075				2
2024.12.26	17:12:15.883	1.25076				2
2024.12.26	17:12:16.801	1.25075				2
2024.12.26	17:12:19.857	1.25074	1.25075			6
2024.12.26	17:12:20.772	1.25073				2
2024.12.26	17:12:21.379		1.25074			4
2024.12.26	17:12:21.998	1.25074	1.25075			6
2024.12.26	17:12:22.601	1.25073				2
2024.12.26	17:12:25.052	1.25074	1.25076			6
2024.12.26	17:12:25.360	1.25075	1.25077			6
2024.12.26	17:12:25.662	1.25080	1.25082			6
2024.12.26	17:12:26.576	1.25083	1.25085			6
2024.12.26	17:12:26.879	1.25084	1.25086			6
2024.12.26	17:12:27.187	1.25086	1.25088			6
2024.12.26	17:12:27.487	1.25085	1.25086			6
2024.12.26	17:12:27.794	1.25083	1.25085			6
2024.12.26	17:12:28.411	1.25082	1.25084			6
2024.12.26	17:12:29.021		1.25083			4
2024.12.26	17:12:29.324	1.25084	1.25086			6
2024.12.26	17:12:30.244	1.25083	1.25085			6
2024.12.26	17:12:30.859	1.25085	1.25087			6
2024.12.26	17:12:31.766	1.25087	1.25089			6
2024.12.26	17:12:32.380	1.25086	1.25088			6
2024.12.26	17:12:32.997	1.25087	1.25089			6
2024.12.26	17:12:33.614	1.25086	1.25088			6
2024.12.26	17:12:34.217	1.25083	1.25085			6
2024.12.26	17:12:35.137	1.25084				2
2024.12.26	17:12:35.440		1.25086			4
2024.12.26	17:12:36.050	1.25083	1.25085			6
2024.12.26	17:12:36.658	1.25084				2
2024.12.26	17:12:37.269	1.25083				2
2024.12.26	17:12:38.792	1.25084				2
2024.12.26	17:12:39.095		1.25086			4
2024.12.26	17:12:40.014	1.25083	1.25085			6
2024.12.26	17:12:40.315	1.25082	1.25084			6
2024.12.26	17:12:41.235	1.25083	1.25085			6
2024.12.26	17:12:41.541	1.25082	1.25084			6
2024.12.26	17:12:44.896		1.25083			4
2024.12.26	17:12:47.639		1.25084			4
2024.12.26	17:12:52.822	1.25083	1.25085			6
2024.12.26	17:12:53.126	1.25082	1.25084			6
2024.12.26	17:12:53.428		1.25083			4
2024.12.26	17:12:54.038	1.25081				2
2024.12.26	17:12:54.953	1.25082	1.25084			6
2024.12.26	17:12:55.569	1.25081	1.25083			6
2024.12.26	17:12:57.409	1.25082	1.25084			6
2024.12.26	17:12:58.027	1.25081	1.25083			6
2024.12.26	17:12:58.947	1.25082	1.25084			6
2024.12.26	17:12:59.255	1.25080	1.25082			6
2024.12.26	17:13:00.176	1.25080				2
2024.12.26	17:13:00.487	1.25081	1.25083			6
2024.12.26	17:13:04.467	1.25082	1.25084			6
2024.12.26	17:13:05.081	1.25081	1.25083			6
2024.12.26	17:13:05.385	1.25082	1.25084			6
2024.12.26	17:13:06.908	1.25081	1.25083			6
2024.12.26	17:13:08.122	1.25082	1.25084			6
2024.12.26	17:13:08.741	1.25081	1.25083			6
2024.12.26	17:13:09.055	1.25082	1.25084			6
2024.12.26	17:13:12.414	1.25083	1.25085			6
2024.12.26	17:13:13.953	1.25084	1.25086			6
2024.12.26	17:13:19.151	1.25086	1.25088			6
2024.12.26	17:13:19.456	1.25092	1.25094			6
2024.12.26	17:13:19.761	1.25091	1.25093			6
2024.12.26	17:13:20.672	1.25092	1.25094			6
2024.12.26	17:13:22.809	1.25091	1.25093			6
2024.12.26	17:13:24.342	1.25090	1.25092			6
2024.12.26	17:13:24.643	1.25087	1.25089			6
2024.12.26	17:13:26.182	1.25088	1.25090			6
2024.12.26	17:13:30.471	1.25087	1.25089			6
2024.12.26	17:13:31.383	1.25085	1.25087			6
2024.12.26	17:13:32.607	1.25086	1.25088			6
2024.12.26	17:13:34.131	1.25087				2
2024.12.26	17:13:34.433	1.25088	1.25090			6
2024.12.26	17:13:34.742	1.25094	1.25096			6
2024.12.26	17:13:35.044	1.25093	1.25095			6
2024.12.26	17:13:35.349	1.25096	1.25099			6
2024.12.26	17:13:35.664		1.25097			4
2024.12.26	17:13:35.969	1.25093	1.25096			6
2024.12.26	17:13:36.280	1.25094				2
2024.12.26	17:13:36.582		1.25097			4
2024.12.26	17:13:36.885	1.25096	1.25099			6
2024.12.26	17:13:37.192	1.25095				2
2024.12.26	17:13:38.740	1.25097	1.25100			6
2024.12.26	17:13:39.048	1.25101	1.25105			6
2024.12.26	17:13:39.355	1.25100	1.25104			6
2024.12.26	17:13:39.664	1.25099	1.25103			6
2024.12.26	17:13:39.973	1.25097	1.25101			6
2024.12.26	17:13:40.279	1.25099	1.25104			6
2024.12.26	17:13:40.584	1.25101	1.25105			6
2024.12.26	17:13:40.901		1.25106			4
2024.12.26	17:13:41.512	1.25100				2
2024.12.26	17:13:41.819		1.25105			4
2024.12.26	17:13:42.125	1.25098	1.25103			6
2024.12.26	17:13:42.428	1.25095	1.25098			6
2024.12.26	17:13:43.664	1.25098	1.25103			6
2024.12.26	17:13:43.978	1.25097	1.25101			6
2024.12.26	17:13:44.602	1.25096				2
2024.12.26	17:13:45.566		1.25100			4
2024.12.26	17:13:47.721		1.25101			4
2024.12.26	17:13:48.026		1.25100			4
2024.12.26	17:13:48.639	1.25095	1.25098			6
2024.12.26	17:13:48.948	1.25094				2
2024.12.26	17:13:49.255	1.25093	1.25097			6
2024.12.26	17:13:49.557	1.25092	1.25096			6
2024.12.26	17:13:49.869	1.25091				2
2024.12.26	17:13:50.173		1.25095			4
2024.12.26	17:13:51.096		1.25096			4
2024.12.26	17:13:51.404	1.25094	1.25098			6
2024.12.26	17:13:52.011	1.25093	1.25097			6
2024.12.26	17:13:52.324	1.25094	1.25098			6
2024.12.26	17:13:52.632		1.25099			4
2024.12.26	17:13:52.938		1.25098			4
2024.12.26	17:13:54.162	1.25095	1.25099			6
2024.12.26	17:13:54.466	1.25094	1.25098			6
2024.12.26	17:13:54.775	1.25095	1.25099			6
2024.12.26	17:13:55.081	1.25092	1.25095			6
2024.12.26	17:13:55.385	1.25091				2
2024.12.26	17:13:57.547	1.25093	1.25097			6
2024.12.26	17:13:58.166	1.25094	1.25096			6
2024.12.26	17:13:58.472	1.25092				2
2024.12.26	17:13:58.773		1.25095			4
2024.12.26	17:13:59.401	1.25093	1.25098			6
2024.12.26	17:13:59.705	1.25101	1.25103			6
2024.12.26	17:14:00.007	1.25098	1.25100			6
2024.12.26	17:14:00.314		1.25103			4
2024.12.26	17:14:00.633	1.25102	1.25105			6
2024.12.26	17:14:00.939	1.25101	1.25104			6
2024.12.26	17:14:01.248	1.25102	1.25105			6
2024.12.26	17:14:01.859	1.25096	1.25102			6
2024.12.26	17:14:03.091	1.25097	1.25100			6
2024.12.26	17:14:03.397	1.25098				2
2024.12.26	17:14:04.627	1.25097				2
2024.12.26	17:14:04.935		1.25103			4
2024.12.26	17:14:06.163	1.25098				2
2024.12.26	17:14:06.473	1.25097				2
2024.12.26	17:14:07.088		1.25102			4
2024.12.26	17:14:07.396	1.25096	1.25101			6
2024.12.26	17:14:07.703	1.25097				2
2024.12.26	17:14:08.316	1.25098	1.25103			6
2024.12.26	17:14:08.624	1.25097				2
2024.12.26	17:14:08.930		1.25101			4
2024.12.26	17:14:09.546	1.25098	1.25104			6
2024.12.26	17:14:10.179		1.25103			4
2024.12.26	17:14:10.798	1.25097				2
2024.12.26	17:14:11.411		1.25102			4
2024.12.26	17:14:13.252	1.25098	1.25101			6
2024.12.26	17:14:14.469	1.25097	1.25099			6
2024.12.26	17:14:14.779	1.25095	1.25097			6
2024.12.26	17:14:15.397	1.25096				2
2024.12.26	17:14:15.700	1.25094	1.25098			6
2024.12.26	17:14:16.013		1.25095			4
2024.12.26	17:14:16.316		1.25098			4
2024.12.26	17:14:17.856	1.25095	1.25097			6
2024.12.26	17:14:18.471	1.25100	1.25103			6
2024.12.26	17:14:19.090	1.25098				2
2024.12.26	17:14:20.627	1.25097	1.25099			6
2024.12.26	17:14:20.932	1.25096				2
2024.12.26	17:14:21.244	1.25097				2
2024.12.26	17:14:21.553		1.25100			4
2024.12.26	17:14:21.859	1.25096				2
2024.12.26	17:14:22.472	1.25098	1.25102			6
2024.12.26	17:14:22.774	1.25097	1.25100			6
2024.12.26	17:14:23.699	1.25096				2
2024.12.26	17:14:24.316	1.25094	1.25096			6
2024.12.26	17:14:24.629	1.25093	1.25097			6
2024.12.26	17:14:24.930	1.25092	1.25095			6
2024.12.26	17:14:25.237	1.25093				2
2024.12.26	17:14:25.545		1.25097			4
2024.12.26	17:14:25.854	1.25096	1.25098			6
2024.12.26	17:14:26.468	1.25094	1.25097			6
2024.12.26	17:14:26.773	1.25095				2
2024.12.26	17:14:27.085	1.25096	1.25099			6
2024.12.26	17:14:27.393	1.25098	1.25101			6
2024.12.26	17:14:29.550	1.25095	1.25097			6
2024.12.26	17:14:31.389		1.25096			4
2024.12.26	17:14:31.697	1.25094	1.25097			6
2024.12.26	17:14:32.932	1.25095				2
2024.12.26	17:14:34.777	1.25096	1.25098			6
2024.12.26	17:14:35.699		1.25097			4
2024.12.26	17:14:36.004	1.25095	1.25098			6
2024.12.26	17:14:36.926	1.25097	1.25100			6
2024.12.26	17:14:38.163	1.25102	1.25105			6
2024.12.26	17:14:39.081	1.25104	1.25106			6
2024.12.26	17:14:39.385	1.25103				2
2024.12.26	17:14:40.611	1.25104	1.25108			6
2024.12.26	17:14:41.531	1.25107	1.25109			6
2024.12.26	17:14:41.836	1.25106				2
2024.12.26	17:14:42.449		1.25108			4
2024.12.26	17:14:44.891	1.25107				2
2024.12.26	17:14:45.500	1.25106				2
2024.12.26	17:14:46.108	1.25107				2
2024.12.26	17:14:46.413		1.25109			4
2024.12.26	17:14:47.328	1.25112	1.25115			6
2024.12.26	17:14:47.931	1.25113				2
2024.12.26	17:14:48.541		1.25116			4
2024.12.26	17:14:48.844		1.25114			4
2024.12.26	17:14:49.148	1.25112				2
2024.12.26	17:14:49.462		1.25113			4
2024.12.26	17:14:49.768		1.25114			4
2024.12.26	17:14:50.382		1.25115			4
2024.12.26	17:14:50.994	1.25114	1.25118			6
2024.12.26	17:14:51.300	1.25116				2
2024.12.26	17:14:51.916		1.25117			4
2024.12.26	17:14:52.217		1.25118			4
2024.12.26	17:14:53.429	1.25117				2
2024.12.26	17:14:53.730	1.25116				2
2024.12.26	17:14:54.341		1.25117			4
2024.12.26	17:14:54.645		1.25118			4
2024.12.26	17:14:54.958		1.25117			4
2024.12.26	17:14:55.261		1.25118			4
2024.12.26	17:14:56.492	1.25117				2
2024.12.26	17:14:57.106	1.25116	1.25119			6
2024.12.26	17:14:57.716		1.25117			4
2024.12.26	17:14:58.023		1.25118			4
2024.12.26	17:14:58.327	1.25117				2
2024.12.26	17:15:00.157	1.25117				2
2024.12.26	17:15:01.386	1.25115				2
2024.12.26	17:15:01.693	1.25117				2
2024.12.26	17:15:04.434	1.25115	1.25116			6
2024.12.26	17:15:05.651		1.25117			4
2024.12.26	17:15:05.956	1.25118	1.25120			6
2024.12.26	17:15:06.564		1.25119			4
2024.12.26	17:15:07.175	1.25117				2
2024.12.26	17:15:07.792		1.25118			4
2024.12.26	17:15:08.703		1.25119			4
2024.12.26	17:15:09.007	1.25118				2
2024.12.26	17:15:11.445		1.25120			4
2024.12.26	17:15:11.751	1.25122	1.25124			6
2024.12.26	17:15:12.055	1.25124	1.25125			6
2024.12.26	17:15:12.362	1.25125	1.25126			6
2024.12.26	17:15:12.666	1.25124				2
2024.12.26	17:15:12.972	1.25123	1.25125			6
2024.12.26	17:15:13.284	1.25121	1.25124			6
2024.12.26	17:15:14.208	1.25122	1.25125			6
2024.12.26	17:15:16.359		1.25128			4
2024.12.26	17:15:17.593	1.25125				2
2024.12.26	17:15:18.511	1.25124	1.25126			6
2024.12.26	17:15:18.821		1.25127			4
2024.12.26	17:15:19.123	1.25122				2
2024.12.26	17:15:21.265	1.25123				2
2024.12.26	17:15:21.880	1.25121	1.25126			6
2024.12.26	17:15:23.410	1.25122	1.25125			6
2024.12.26	17:15:24.653	1.25121	1.25124			6
2024.12.26	17:15:27.121		1.25123			4
2024.12.26	17:15:27.425		1.25124			4
2024.12.26	17:15:29.579	1.25118	1.25120			6
2024.12.26	17:15:29.888	1.25116	1.25119			6
2024.12.26	17:15:30.194	1.25117	1.25121			6
2024.12.26	17:15:30.808		1.25120			4
2024.12.26	17:15:31.115		1.25121			4
2024.12.26	17:15:32.034	1.25116	1.25119			6
2024.12.26	17:15:32.340		1.25118			4
2024.12.26	17:15:35.690	1.25118	1.25122			6
2024.12.26	17:15:35.998	1.25116	1.25119			6
2024.12.26	17:15:36.303		1.25118			4
2024.12.26	17:15:36.607		1.25117			4
2024.12.26	17:15:37.221	1.25117	1.25118			6
2024.12.26	17:15:37.523	1.25118	1.25119			6
2024.12.26	17:15:37.831	1.25117	1.25118			6
2024.12.26	17:15:38.136	1.25114	1.25115			6
2024.12.26	17:15:39.356	1.25112	1.25114			6
2024.12.26	17:15:40.274	1.25113				2
2024.12.26	17:15:43.324		1.25116			4
2024.12.26	17:15:43.627	1.25115				2
2024.12.26	17:15:43.931	1.25114	1.25115			6
2024.12.26	17:15:44.539	1.25112	1.25113			6
2024.12.26	17:15:45.760		1.25114			4
2024.12.26	17:15:48.502	1.25111	1.25113			6
2024.12.26	17:15:48.804	1.25112	1.25114			6
2024.12.26	17:15:50.314	1.25111	1.25113			6
2024.12.26	17:15:50.621	1.25110	1.25111			6
2024.12.26	17:15:50.922	1.25107	1.25108			6
2024.12.26	17:15:52.142	1.25106	1.25107			6
2024.12.26	17:15:52.444	1.25103	1.25105			6
2024.12.26	17:15:58.224	1.25104				2
2024.12.26	17:16:00.049	1.25104				2
2024.12.26	17:16:01.888	1.25103				2
2024.12.26	17:16:02.189	1.25104				2
2024.12.26	17:16:02.798	1.25103	1.25104			6
2024.12.26	17:16:03.102	1.25104	1.25105			6
2024.12.26	17:16:03.413		1.25106			4
2024.12.26	17:16:03.717	1.25106	1.25107			6
2024.12.26	17:16:04.631		1.25108			4
2024.12.26	17:16:04.937	1.25105	1.25107			6
2024.12.26	17:16:05.239	1.25104	1.25106			6
2024.12.26	17:16:05.864	1.25103	1.25105			6
2024.12.26	17:16:08.304	1.25104	1.25106			6
2024.12.26	17:16:12.273		1.25105			4
2024.12.26	17:16:13.189		1.25106			4
2024.12.26	17:16:13.794		1.25105			4
2024.12.26	17:16:17.143	1.25103				2
2024.12.26	17:16:17.754	1.25104				2
2024.12.26	17:16:18.975		1.25106			4
2024.12.26	17:16:19.583		1.25105			4
2024.12.26	17:16:21.418		1.25106			4
2024.12.26	17:16:21.721	1.25106	1.25108			6
2024.12.26	17:16:22.023	1.25107	1.25109			6
2024.12.26	17:16:22.932	1.25106	1.25107			6
2024.12.26	17:16:25.088	1.25104	1.25105			6
2024.12.26	17:16:25.993	1.25103				2
2024.12.26	17:16:27.834	1.25104				2
2024.12.26	17:16:28.141	1.25103				2
2024.12.26	17:16:28.752	1.25104				2
2024.12.26	17:16:29.361	1.25105	1.25107			6
2024.12.26	17:16:29.662	1.25104	1.25106			6
2024.12.26	17:16:29.968	1.25105	1.25107			6
2024.12.26	17:16:30.269	1.25104	1.25105			6
2024.12.26	17:16:35.449	1.25106	1.25108			6
2024.12.26	17:16:36.662	1.25104	1.25106			6
2024.12.26	17:16:37.271		1.25105			4
2024.12.26	17:16:37.879	1.25105	1.25106			6
2024.12.26	17:16:38.487	1.25106	1.25108			6
2024.12.26	17:16:40.016		1.25107			4
2024.12.26	17:16:40.321	1.25105	1.25106			6
2024.12.26	17:16:40.625		1.25107			4
2024.12.26	17:16:41.242	1.25108	1.25110			6
2024.12.26	17:16:41.546	1.25109	1.25111			6
2024.12.26	17:16:42.162	1.25110	1.25112			6
2024.12.26	17:16:42.766	1.25107	1.25108			6
2024.12.26	17:16:43.684	1.25108	1.25109			6
2024.12.26	17:16:44.601	1.25107	1.25108			6
2024.12.26	17:16:44.902	1.25106				2
2024.12.26	17:16:45.817	1.25107				2
2024.12.26	17:16:47.637	1.25106				2
2024.12.26	17:16:47.945	1.25094	1.25095			6
2024.12.26	17:16:48.246	1.25085	1.25087			6
2024.12.26	17:16:48.854	1.25087	1.25089			6
2024.12.26	17:16:49.158	1.25088	1.25090			6
2024.12.26	17:16:49.460	1.25087	1.25091			6
2024.12.26	17:16:53.121	1.25086	1.25089			6
2024.12.26	17:16:53.424	1.25091	1.25094			6
2024.12.26	17:16:56.168	1.25090	1.25093			6
2024.12.26	17:17:00.136	1.25090				2
2024.12.26	17:17:00.442	1.25087	1.25090			6
2024.12.26	17:17:00.746	1.25089	1.25092			6
2024.12.26	17:17:01.060	1.25090	1.25093			6
2024.12.26	17:17:01.363	1.25085	1.25088			6
2024.12.26	17:17:01.668	1.25084	1.25087			6
2024.12.26	17:17:01.975	1.25090	1.25093			6
2024.12.26	17:17:02.285	1.25091				2
2024.12.26	17:17:02.898	1.25089	1.25092			6
2024.12.26	17:17:03.203	1.25088	1.25091			6
2024.12.26	17:17:04.424	1.25087	1.25090			6
2024.12.26	17:17:06.252	1.25089	1.25091			6
2024.12.26	17:17:07.465		1.25093			4
2024.12.26	17:17:08.987	1.25090				2
2024.12.26	17:17:09.601	1.25091				2
2024.12.26	17:17:09.902	1.25090				2
2024.12.26	17:17:13.887	1.25091				2
2024.12.26	17:17:14.190	1.25090				2
2024.12.26	17:17:14.495		1.25092			4
2024.12.26	17:17:15.706		1.25093			4
2024.12.26	17:17:17.229	1.25091				2
2024.12.26	17:17:18.138		1.25094			4
2024.12.26	17:17:18.745	1.25092	1.25095			6
2024.12.26	17:17:19.666	1.25097	1.25100			6
2024.12.26	17:17:19.970	1.25093	1.25097			6
2024.12.26	17:17:20.886	1.25092	1.25095			6
2024.12.26	17:17:21.802	1.25094	1.25097			6
2024.12.26	17:17:22.409	1.25097	1.25100			6
2024.12.26	17:17:23.627	1.25099	1.25102			6
2024.12.26	17:17:26.057	1.25093	1.25094			6
2024.12.26	17:17:26.364	1.25091	1.25093			6
2024.12.26	17:17:26.972	1.25090				2
2024.12.26	17:17:28.194	1.25091				2
2024.12.26	17:17:29.109	1.25090				2
2024.12.26	17:17:29.412	1.25091				2
2024.12.26	17:17:30.022		1.25094			4
2024.12.26	17:17:30.636	1.25093	1.25097			6
2024.12.26	17:17:30.948	1.25092	1.25094			6
2024.12.26	17:17:31.249	1.25091				2
2024.12.26	17:17:32.475		1.25095			4
2024.12.26	17:17:34.307	1.25094	1.25098			6
2024.12.26	17:17:35.220	1.25093	1.25097			6
2024.12.26	17:17:36.443	1.25091	1.25094			6
2024.12.26	17:17:42.857		1.25095			4
2024.12.26	17:17:44.077	1.25090	1.25094			6
2024.12.26	17:17:44.996	1.25091				2
2024.12.26	17:17:45.301	1.25089	1.25093			6
2024.12.26	17:17:45.607	1.25086	1.25089			6
2024.12.26	17:17:46.828	1.25087	1.25092			6
2024.12.26	17:17:47.134	1.25086				2
2024.12.26	17:17:47.437	1.25087	1.25090			6
2024.12.26	17:17:50.191	1.25086	1.25089			6
2024.12.26	17:17:50.496	1.25085	1.25088			6
2024.12.26	17:17:50.801	1.25086	1.25089			6
2024.12.26	17:17:51.721	1.25087	1.25090			6
2024.12.26	17:17:52.027	1.25086				2
2024.12.26	17:17:54.169	1.25089	1.25095			6
2024.12.26	17:17:54.793		1.25093			4
2024.12.26	17:17:55.094	1.25087				2
2024.12.26	17:17:55.402	1.25088				2
2024.12.26	17:17:56.932		1.25092			4
2024.12.26	17:17:57.235	1.25087				2
2024.12.26	17:18:00.304	1.25087				2
2024.12.26	17:18:00.917	1.25081	1.25085			6
2024.12.26	17:18:01.531	1.25082	1.25086			6
2024.12.26	17:18:01.835	1.25087	1.25092			6
2024.12.26	17:18:03.990	1.25086	1.25091			6
2024.12.26	17:18:04.298	1.25087	1.25092			6
2024.12.26	17:18:04.606	1.25089	1.25094			6
2024.12.26	17:18:06.144	1.25090				2
2024.12.26	17:18:06.449	1.25091	1.25096			6
2024.12.26	17:18:08.604	1.25090	1.25095			6
2024.12.26	17:18:08.911	1.25091				2
2024.12.26	17:18:10.451		1.25096			4
2024.12.26	17:18:11.677	1.25093	1.25097			6
2024.12.26	17:18:11.986	1.25092				2
2024.12.26	17:18:13.212	1.25093				2
2024.12.26	17:18:14.134		1.25098			4
2024.12.26	17:18:14.751	1.25092	1.25097			6
2024.12.26	17:18:15.055		1.25095			4
2024.12.26	17:18:15.362		1.25097			4
2024.12.26	17:18:16.598	1.25091	1.25096			6
2024.12.26	17:18:18.745	1.25092				2
2024.12.26	17:18:19.048		1.25097			4
2024.12.26	17:18:19.362	1.25093				2
2024.12.26	17:18:19.968	1.25092				2
2024.12.26	17:18:20.274	1.25093				2
2024.12.26	17:18:22.118		1.25096			4
2024.12.26	17:18:22.423		1.25095			4
2024.12.26	17:18:22.730	1.25091				2
2024.12.26	17:18:23.036	1.25092				2
2024.12.26	17:18:23.349	1.25091				2
2024.12.26	17:18:24.564	1.25090	1.25094			6
2024.12.26	17:18:24.866	1.25088	1.25092			6
2024.12.26	17:18:25.168	1.25089	1.25093			6
2024.12.26	17:18:26.095	1.25091	1.25095			6
2024.12.26	17:18:26.397		1.25094			4
2024.12.26	17:18:26.704		1.25095			4
2024.12.26	17:18:27.019	1.25090	1.25094			6
2024.12.26	17:18:27.323	1.25087	1.25090			6
2024.12.26	17:18:28.245	1.25088	1.25091			6
2024.12.26	17:18:28.553	1.25086	1.25089			6
2024.12.26	17:18:28.861	1.25085				2
2024.12.26	17:18:29.477	1.25086				2
2024.12.26	17:18:29.784	1.25085				2
2024.12.26	17:18:30.092	1.25086				2
2024.12.26	17:18:31.319		1.25088			4
2024.12.26	17:18:31.624	1.25085	1.25087			6
2024.12.26	17:18:31.935		1.25088			4
2024.12.26	17:18:32.241	1.25086				2
2024.12.26	17:18:32.546		1.25089			4
2024.12.26	17:18:33.159		1.25088			4
2024.12.26	17:18:33.463	1.25091	1.25093			6
2024.12.26	17:18:33.765		1.25092			4
2024.12.26	17:18:34.386	1.25090				2
2024.12.26	17:18:35.919		1.25093			4
2024.12.26	17:18:37.763		1.25092			4
2024.12.26	17:18:38.068	1.25089				2
2024.12.26	17:18:38.383	1.25090				2
2024.12.26	17:18:39.302	1.25091				2
2024.12.26	17:18:39.606	1.25090	1.25091			6
2024.12.26	17:18:40.225		1.25092			4
2024.12.26	17:18:41.142		1.25093			4
2024.12.26	17:18:41.443	1.25091				2
2024.12.26	17:18:46.021		1.25092			4
2024.12.26	17:18:46.326	1.25092	1.25093			6
2024.12.26	17:18:46.935	1.25091	1.25092			6
2024.12.26	17:18:47.549	1.25092	1.25093			6
2024.12.26	17:18:50.593	1.25093	1.25095			6
2024.12.26	17:18:52.415	1.25095	1.25096			6
2024.12.26	17:18:52.717	1.25093	1.25094			6
2024.12.26	17:18:54.859	1.25092	1.25093			6
2024.12.26	17:18:55.468	1.25093	1.25094			6
2024.12.26	17:18:58.832		1.25095			4
2024.12.26	17:19:00.066	1.25093				2
2024.12.26	17:19:00.372		1.25094			4
2024.12.26	17:19:01.291	1.25092	1.25093			6
2024.12.26	17:19:05.282	1.25094	1.25096			6
2024.12.26	17:19:06.198	1.25093	1.25095			6
2024.12.26	17:19:07.418	1.25095	1.25096			6
2024.12.26	17:19:07.722	1.25101	1.25103			6
2024.12.26	17:19:08.032	1.25100	1.25101			6
2024.12.26	17:19:08.338	1.25099	1.25100			6
2024.12.26	17:19:08.642	1.25098				2
2024.12.26	17:19:09.250	1.25099				2
2024.12.26	17:19:09.861	1.25098				2
2024.12.26	17:19:11.386	1.25101	1.25102			6
2024.12.26	17:19:11.708	1.25099	1.25100			6
2024.12.26	17:19:12.013	1.25100	1.25101			6
2024.12.26	17:19:12.628		1.25102			4
2024.12.26	17:19:13.243	1.25101	1.25103			6
2024.12.26	17:19:13.549		1.25104			4
2024.12.26	17:19:14.465	1.25113	1.25115			6
2024.12.26	17:19:14.766	1.25112	1.25114			6
2024.12.26	17:19:15.079	1.25111				2
2024.12.26	17:19:18.139	1.25113	1.25115			6
2024.12.26	17:19:18.757	1.25112				2
2024.12.26	17:19:19.674	1.25114				2
2024.12.26	17:19:20.291	1.25113	1.25116			6
2024.12.26	17:19:22.445	1.25115	1.25117			6
2024.12.26	17:19:24.288	1.25114				2
2024.12.26	17:19:29.830	1.25120	1.25123			6
2024.12.26	17:19:30.444	1.25119	1.25121			6
2024.12.26	17:19:30.745	1.25118	1.25122			6
2024.12.26	17:19:31.060		1.25123			4
2024.12.26	17:19:31.977	1.25117				2
2024.12.26	17:19:32.597		1.25122			4
2024.12.26	17:19:32.904	1.25115	1.25119			6
2024.12.26	17:19:33.514	1.25121	1.25124			6
2024.12.26	17:19:34.133	1.25120				2
2024.12.26	17:19:39.048	1.25121				2
2024.12.26	17:19:39.969		1.25126			4
2024.12.26	17:19:43.045	1.25120	1.25124			6
2024.12.26	17:19:44.887	1.25119	1.25122			6
2024.12.26	17:19:45.194	1.25118	1.25124			6
2024.12.26	17:19:45.500	1.25120				2
2024.12.26	17:19:47.344		1.25123			4
2024.12.26	17:19:49.806	1.25115	1.25118			6
2024.12.26	17:19:50.121	1.25113	1.25116			6
2024.12.26	17:19:50.426	1.25112				2
2024.12.26	17:19:51.656	1.25113				2
2024.12.26	17:19:51.959	1.25114	1.25117			6
2024.12.26	17:19:52.578	1.25113				2
2024.12.26	17:19:53.188	1.25112				2
2024.12.26	17:19:53.500	1.25113	1.25116			6
2024.12.26	17:19:53.809	1.25112	1.25117			6
2024.12.26	17:19:54.420	1.25113				2
2024.12.26	17:19:55.041	1.25114	1.25118			6
2024.12.26	17:19:55.348	1.25115				2
2024.12.26	17:20:00.279	1.25115	1.25117			6
2024.12.26	17:20:01.197	1.25116				2
2024.12.26	17:20:02.116	1.25114	1.25115			6
2024.12.26	17:20:02.422	1.25113	1.25114			6
2024.12.26	17:20:03.335	1.25110	1.25111			6
2024.12.26	17:20:03.641	1.25107	1.25109			6
2024.12.26	17:20:03.950	1.25108	1.25111			6
2024.12.26	17:20:04.251	1.25110	1.25113			6
2024.12.26	17:20:06.105	1.25107	1.25108			6
2024.12.26	17:20:06.408	1.25104	1.25106			6
2024.12.26	17:20:07.339	1.25103				2
2024.12.26	17:20:07.948	1.25102	1.25104			6
2024.12.26	17:20:08.253	1.25101				2
2024.12.26	17:20:09.481	1.25102	1.25107			6
2024.12.26	17:20:10.097	1.25104				2
2024.12.26	17:20:11.022	1.25103				2
2024.12.26	17:20:11.326	1.25104				2
2024.12.26	17:20:11.632	1.25105	1.25108			6
2024.12.26	17:20:15.632	1.25106				2
2024.12.26	17:20:15.933	1.25105				2
2024.12.26	17:20:17.161	1.25109	1.25111			6
2024.12.26	17:20:17.771	1.25108	1.25109			6
2024.12.26	17:20:18.083	1.25106	1.25108			6
2024.12.26	17:20:19.314	1.25107				2
2024.12.26	17:20:19.621	1.25106				2
2024.12.26	17:20:20.232	1.25104	1.25105			6
2024.12.26	17:20:20.533	1.25103				2
2024.12.26	17:20:21.458		1.25104			4
2024.12.26	17:20:22.683	1.25102	1.25103			6
2024.12.26	17:20:22.988		1.25104			4
2024.12.26	17:20:23.300	1.25101	1.25103			6
2024.12.26	17:20:23.604	1.25103	1.25105			6
2024.12.26	17:20:24.828	1.25105	1.25108			6
2024.12.26	17:20:25.434	1.25106				2
2024.12.26	17:20:26.349	1.25105				2
2024.12.26	17:20:26.960		1.25107			4
2024.12.26	17:20:29.084	1.25106				2
2024.12.26	17:20:32.736	1.25107	1.25108			6
2024.12.26	17:20:36.095	1.25108	1.25109			6
2024.12.26	17:20:36.397	1.25109	1.25110			6
2024.12.26	17:20:36.701	1.25112	1.25114			6
2024.12.26	17:20:37.005	1.25111	1.25113			6
2024.12.26	17:20:38.825	1.25110	1.25112			6
2024.12.26	17:20:39.126		1.25111			4
2024.12.26	17:20:40.354	1.25109				2
2024.12.26	17:20:40.661		1.25110			4
2024.12.26	17:20:42.795	1.25108				2
2024.12.26	17:20:43.100	1.25107	1.25108			6
2024.12.26	17:20:44.619	1.25109	1.25110			6
2024.12.26	17:20:53.508	1.25112	1.25113			6
2024.12.26	17:20:53.814	1.25113	1.25115			6
2024.12.26	17:20:54.420	1.25114				2
2024.12.26	17:20:58.380	1.25115	1.25116			6
2024.12.26	17:20:58.983	1.25114	1.25115			6
2024.12.26	17:20:59.289	1.25113				2
2024.12.26	17:21:00.202	1.25113				2
2024.12.26	17:21:00.510	1.25114				2
2024.12.26	17:21:03.863	1.25111	1.25112			6
2024.12.26	17:21:04.165	1.25109	1.25110			6
2024.12.26	17:21:04.471	1.25107	1.25108			6
2024.12.26	17:21:04.777	1.25108	1.25109			6
2024.12.26	17:21:05.086	1.25109	1.25110			6
2024.12.26	17:21:05.394	1.25110	1.25111			6
2024.12.26	17:21:07.827	1.25112	1.25114			6
2024.12.26	17:21:08.136	1.25110	1.25111			6
2024.12.26	17:21:10.582	1.25111	1.25112			6
2024.12.26	17:21:11.194	1.25112	1.25114			6
2024.12.26	17:21:11.815	1.25111	1.25113			6
2024.12.26	17:21:12.730	1.25112	1.25114			6
2024.12.26	17:21:13.343	1.25111	1.25113			6
2024.12.26	17:21:13.644	1.25112				2
2024.12.26	17:21:14.259	1.25113	1.25114			6
2024.12.26	17:21:14.573	1.25112	1.25113			6
2024.12.26	17:21:15.484	1.25111	1.25112			6
2024.12.26	17:21:15.786	1.25112	1.25114			6
2024.12.26	17:21:17.622	1.25114	1.25116			6
2024.12.26	17:21:18.540	1.25113	1.25115			6
2024.12.26	17:21:19.454		1.25114			4
2024.12.26	17:21:21.279	1.25115	1.25117			6
2024.12.26	17:21:21.892	1.25114	1.25116			6
2024.12.26	17:21:24.037	1.25113	1.25115			6
2024.12.26	17:21:27.406	1.25112	1.25113			6
2024.12.26	17:21:27.712	1.25111				2
2024.12.26	17:21:28.925	1.25112				2
2024.12.26	17:21:29.536		1.25114			4
2024.12.26	17:21:30.448	1.25113				2
2024.12.26	17:21:31.055	1.25111	1.25112			6
2024.12.26	17:21:31.358		1.25113			4
2024.12.26	17:21:33.490	1.25110	1.25112			6
2024.12.26	17:21:35.627	1.25114	1.25115			6
2024.12.26	17:21:37.143	1.25117	1.25118			6
2024.12.26	17:21:38.358	1.25118	1.25119			6
2024.12.26	17:21:40.487	1.25120	1.25121			6
2024.12.26	17:21:42.328	1.25119	1.25120			6
2024.12.26	17:21:44.171	1.25117	1.25118			6
2024.12.26	17:21:45.693	1.25119	1.25120			6
2024.12.26	17:21:47.822	1.25121	1.25122			6
2024.12.26	17:21:49.044	1.25117	1.25118			6
2024.12.26	17:21:49.958	1.25116	1.25117			6
2024.12.26	17:21:50.261	1.25117	1.25118			6
2024.12.26	17:21:53.020	1.25116	1.25117			6
2024.12.26	17:21:53.937	1.25117	1.25118			6
2024.12.26	17:21:55.159	1.25116	1.25117			6
2024.12.26	17:21:58.195	1.25115	1.25116			6
2024.12.26	17:21:58.499	1.25114	1.25115			6
2024.12.26	17:21:58.801	1.25116	1.25118			6
2024.12.26	17:22:00.019	1.25117				2
2024.12.26	17:22:00.629	1.25116	1.25117			6
2024.12.26	17:22:01.860	1.25112	1.25113			6
2024.12.26	17:22:03.390	1.25118	1.25120			6
2024.12.26	17:22:03.694	1.25117	1.25119			6
2024.12.26	17:22:17.140		1.25118			4
2024.12.26	17:22:17.451		1.25119			4
2024.12.26	17:22:26.026	1.25118				2
2024.12.26	17:22:26.334	1.25117	1.25118			6
2024.12.26	17:22:30.621	1.25116	1.25117			6
2024.12.26	17:22:30.925	1.25113	1.25114			6
2024.12.26	17:22:35.195	1.25112				2
2024.12.26	17:22:37.316	1.25118	1.25119			6
2024.12.26	17:22:38.844	1.25117	1.25118			6
2024.12.26	17:22:40.680	1.25116	1.25117			6
2024.12.26	17:22:40.983	1.25118	1.25119			6
2024.12.26	17:22:45.579	1.25117	1.25118			6
2024.12.26	17:22:46.499	1.25116	1.25117			6
2024.12.26	17:22:48.335	1.25118	1.25119			6
2024.12.26	17:22:48.950	1.25117	1.25118			6
2024.12.26	17:22:50.783	1.25112	1.25114			6
2024.12.26	17:22:51.095		1.25113			4
2024.12.26	17:22:51.400	1.25115	1.25116			6
2024.12.26	17:22:57.218	1.25119	1.25120			6
2024.12.26	17:22:57.524	1.25117	1.25118			6
2024.12.26	17:22:58.743	1.25116	1.25117			6
2024.12.26	17:22:59.045	1.25114	1.25115			6
2024.12.26	17:23:00.266	1.25111	1.25112			6
2024.12.26	17:23:00.578	1.25110	1.25111			6
2024.12.26	17:23:00.883	1.25105	1.25106			6
2024.12.26	17:23:01.804	1.25106	1.25108			6
2024.12.26	17:23:03.030	1.25108	1.25109			6
2024.12.26	17:23:08.548	1.25107	1.25108			6
2024.12.26	17:23:10.069	1.25104	1.25105			6
2024.12.26	17:23:10.371	1.25108	1.25109			6
2024.12.26	17:23:10.682	1.25104	1.25105			6
2024.12.26	17:23:12.515	1.25101	1.25102			6
2024.12.26	17:23:12.822	1.25100				2
2024.12.26	17:23:13.746		1.25103			4
2024.12.26	17:23:14.048	1.25102	1.25105			6
2024.12.26	17:23:14.667	1.25104				2
2024.12.26	17:23:15.281	1.25107	1.25109			6
2024.12.26	17:23:15.585	1.25109	1.25110			6
2024.12.26	17:23:24.203	1.25110	1.25111			6
2024.12.26	17:23:24.513	1.25109	1.25110			6
2024.12.26	17:23:25.747	1.25119	1.25120			6
2024.12.26	17:23:26.057	1.25117	1.25118			6
2024.12.26	17:23:26.672	1.25118	1.25119			6
2024.12.26	17:23:26.982	1.25116	1.25118			6
2024.12.26	17:23:27.288	1.25115	1.25116			6
2024.12.26	17:23:27.904	1.25109	1.25111			6
2024.12.26	17:23:28.206	1.25110				2
2024.12.26	17:23:29.137	1.25109	1.25113			6
2024.12.26	17:23:29.451	1.25110				2
2024.12.26	17:23:29.752	1.25109	1.25111			6
2024.12.26	17:23:30.062	1.25110				2
2024.12.26	17:23:30.362		1.25113			4
2024.12.26	17:23:30.672	1.25109	1.25111			6
2024.12.26	17:23:31.911	1.25110	1.25113			6
2024.12.26	17:23:32.524	1.25109	1.25111			6
2024.12.26	17:23:32.830	1.25110	1.25113			6
2024.12.26	17:23:33.448	1.25107	1.25108			6
2024.12.26	17:23:37.441	1.25108	1.25109			6
2024.12.26	17:23:37.747	1.25110	1.25111			6
2024.12.26	17:23:38.056	1.25109	1.25112			6
2024.12.26	17:23:38.359	1.25111				2
2024.12.26	17:23:39.590	1.25109	1.25110			6
2024.12.26	17:23:40.203	1.25107	1.25108			6
2024.12.26	17:23:42.659	1.25106	1.25107			6
2024.12.26	17:23:43.276	1.25107	1.25108			6
2024.12.26	17:23:43.585	1.25103	1.25104			6
2024.12.26	17:23:49.131	1.25102	1.25103			6
2024.12.26	17:23:49.437	1.25103	1.25104			6
2024.12.26	17:23:49.747	1.25102	1.25103			6
2024.12.26	17:23:50.363	1.25101	1.25102			6
2024.12.26	17:23:51.899	1.25102	1.25103			6
2024.12.26	17:23:52.202	1.25101	1.25102			6
2024.12.26	17:24:00.229	1.25102	1.25103			6
2024.12.26	17:24:00.536	1.25101	1.25102			6
2024.12.26	17:24:03.292	1.25102	1.25103			6
2024.12.26	17:24:06.970	1.25104	1.25105			6
2024.12.26	17:24:07.585	1.25105	1.25106			6
2024.12.26	17:24:08.203	1.25102	1.25103			6
2024.12.26	17:24:12.508	1.25101	1.25102			6
2024.12.26	17:24:15.557	1.25100	1.25101			6
2024.12.26	17:24:16.163	1.25102	1.25103			6
2024.12.26	17:24:16.471	1.25100	1.25101			6
2024.12.26	17:24:16.780	1.25101	1.25102			6
2024.12.26	17:24:17.699	1.25100	1.25101			6
2024.12.26	17:24:19.535	1.25102	1.25103			6
2024.12.26	17:24:19.845	1.25104	1.25105			6
2024.12.26	17:24:22.586	1.25105	1.25106			6
2024.12.26	17:24:27.475	1.25104				2
2024.12.26	17:24:30.221		1.25105			4
2024.12.26	17:24:38.467	1.25103	1.25104			6
2024.12.26	17:24:39.383	1.25102	1.25103			6
2024.12.26	17:24:39.989	1.25101	1.25102			6
2024.12.26	17:24:41.824	1.25102	1.25103			6
2024.12.26	17:24:43.043		1.25104			4
2024.12.26	17:24:43.346	1.25103				2
2024.12.26	17:24:44.568	1.25102	1.25103			6
2024.12.26	17:24:58.616	1.25101	1.25102			6
2024.12.26	17:25:00.147	1.25101				2
2024.12.26	17:25:00.454	1.25098	1.25099			6
2024.12.26	17:25:01.373	1.25097	1.25098			6
2024.12.26	17:25:01.680	1.25096	1.25097			6
2024.12.26	17:25:01.983	1.25097	1.25098			6
2024.12.26	17:25:02.292	1.25096	1.25097			6
2024.12.26	17:25:02.598	1.25097	1.25098			6
2024.12.26	17:25:05.042	1.25103	1.25104			6
2024.12.26	17:25:05.951	1.25101	1.25102			6
2024.12.26	17:25:06.563	1.25102	1.25103			6
2024.12.26	17:25:08.091	1.25101	1.25102			6
2024.12.26	17:25:08.396	1.25102	1.25103			6
2024.12.26	17:25:08.702	1.25108	1.25110			6
2024.12.26	17:25:09.005	1.25109				2
2024.12.26	17:25:09.618	1.25108	1.25109			6
2024.12.26	17:25:09.921	1.25107	1.25108			6
2024.12.26	17:25:10.223	1.25105	1.25107			6
2024.12.26	17:25:10.540		1.25106			4
2024.12.26	17:25:10.847	1.25104				2
2024.12.26	17:25:12.081	1.25105	1.25109			6
2024.12.26	17:25:12.384	1.25106	1.25108			6
2024.12.26	17:25:18.849	1.25107	1.25109			6
2024.12.26	17:25:19.152	1.25106				2
2024.12.26	17:25:20.082	1.25107				2
2024.12.26	17:25:20.397	1.25108				2
2024.12.26	17:25:21.314	1.25107	1.25108			6
2024.12.26	17:25:22.238		1.25109			4
2024.12.26	17:25:22.853	1.25109	1.25110			6
2024.12.26	17:25:23.157	1.25108	1.25109			6
2024.12.26	17:25:27.771	1.25106	1.25107			6
2024.12.26	17:25:28.378		1.25108			4
2024.12.26	17:25:31.757	1.25108	1.25109			6
2024.12.26	17:25:32.060	1.25107				2
2024.12.26	17:25:32.367	1.25108	1.25110			6
2024.12.26	17:25:32.679	1.25109				2
2024.12.26	17:25:39.402	1.25117	1.25119			6
2024.12.26	17:25:40.322	1.25113	1.25115			6
2024.12.26	17:25:40.630	1.25114	1.25118			6
2024.12.26	17:25:41.239	1.25112	1.25115			6
2024.12.26	17:25:41.546	1.25114	1.25119			6
2024.12.26	17:25:42.162	1.25115	1.25118			6
2024.12.26	17:25:43.386	1.25116				2
2024.12.26	17:25:44.004	1.25115				2
2024.12.26	17:25:47.081	1.25113	1.25116			6
2024.12.26	17:25:47.388	1.25112				2
2024.12.26	17:25:48.315		1.25115			4
2024.12.26	17:25:48.621	1.25113	1.25116			6
2024.12.26	17:25:48.925	1.25116	1.25118			6
2024.12.26	17:25:49.233		1.25119			4
2024.12.26	17:25:50.467	1.25115				2
2024.12.26	17:25:51.397	1.25116	1.25118			6
2024.12.26	17:25:51.705		1.25119			4
2024.12.26	17:25:52.622	1.25117				2
2024.12.26	17:25:52.937	1.25116				2
2024.12.26	17:25:54.473	1.25117				2
2024.12.26	17:25:56.613	1.25116				2
2024.12.26	17:25:57.232	1.25117				2
2024.12.26	17:25:58.151		1.25120			4
2024.12.26	17:25:58.454		1.25119			4
2024.12.26	17:25:59.374	1.25118				2
2024.12.26	17:26:00.296	1.25118				2
2024.12.26	17:26:02.124	1.25127	1.25129			6
2024.12.26	17:26:02.429	1.25129	1.25130			6
2024.12.26	17:26:02.742	1.25128				2
2024.12.26	17:26:03.049	1.25129				2
2024.12.26	17:26:03.652	1.25127	1.25129			6
2024.12.26	17:26:06.111	1.25126				2
2024.12.26	17:26:06.412	1.25127	1.25130			6
2024.12.26	17:26:06.718	1.25126	1.25129			6
2024.12.26	17:26:07.934	1.25125	1.25128			6
2024.12.26	17:26:11.369	1.25126	1.25129			6
2024.12.26	17:26:13.816	1.25125				2
2024.12.26	17:26:14.118	1.25124	1.25127			6
2024.12.26	17:26:14.422	1.25123				2
2024.12.26	17:26:14.729		1.25128			4
2024.12.26	17:26:15.353	1.25124	1.25129			6
2024.12.26	17:26:15.962		1.25128			4
2024.12.26	17:26:16.276	1.25125				2
2024.12.26	17:26:18.425	1.25124				2
2024.12.26	17:26:19.661	1.25125				2
2024.12.26	17:26:19.966	1.25126	1.25129			6
2024.12.26	17:26:20.580	1.25121	1.25123			6
2024.12.26	17:26:20.884	1.25119	1.25122			6
2024.12.26	17:26:23.044	1.25121	1.25124			6
2024.12.26	17:26:23.348	1.25120	1.25123			6
2024.12.26	17:26:25.196	1.25121	1.25124			6
2024.12.26	17:26:25.818	1.25120				2
2024.12.26	17:26:26.733		1.25123			4
2024.12.26	17:26:27.040		1.25124			4
2024.12.26	17:26:27.651		1.25123			4
2024.12.26	17:26:28.261	1.25122	1.25125			6
2024.12.26	17:26:30.393	1.25121	1.25123			6
2024.12.26	17:26:31.617	1.25120				2
2024.12.26	17:26:31.923	1.25122	1.25125			6
2024.12.26	17:26:35.307	1.25123				2
2024.12.26	17:26:38.668	1.25122				2
2024.12.26	17:26:39.281	1.25121	1.25123			6
2024.12.26	17:26:39.586	1.25120				2
2024.12.26	17:26:42.043	1.25123	1.25126			6
2024.12.26	17:26:42.649	1.25126	1.25129			6
2024.12.26	17:26:44.474		1.25130			4
2024.12.26	17:26:45.700	1.25127				2
2024.12.26	17:26:46.623		1.25131			4
2024.12.26	17:26:46.930	1.25126	1.25130			6
2024.12.26	17:26:49.688		1.25129			4
2024.12.26	17:26:50.299	1.25127	1.25130			6
2024.12.26	17:26:52.143	1.25128				2
2024.12.26	17:26:52.449	1.25127				2
2024.12.26	17:26:52.759	1.25128				2
2024.12.26	17:26:54.897	1.25135	1.25139			6
2024.12.26	17:26:55.201	1.25136				2
2024.12.26	17:27:00.109	1.25136				2
2024.12.26	17:27:00.724	1.25135	1.25138			6
2024.12.26	17:27:01.025	1.25133	1.25136			6
2024.12.26	17:27:01.328	1.25135	1.25138			6
2024.12.26	17:27:01.942		1.25139			4
2024.12.26	17:27:03.169		1.25138			4
2024.12.26	17:27:03.475	1.25134				2
2024.12.26	17:27:05.012		1.25137			4
2024.12.26	17:27:05.928		1.25138			4
2024.12.26	17:27:07.155	1.25135				2
2024.12.26	17:27:10.825	1.25136	1.25139			6
2024.12.26	17:27:12.669	1.25137				2
2024.12.26	17:27:13.287	1.25136				2
2024.12.26	17:27:14.199		1.25138			4
2024.12.26	17:27:17.269	1.25137	1.25139			6
2024.12.26	17:27:20.003		1.25140			4
2024.12.26	17:27:20.307		1.25139			4
2024.12.26	17:27:20.611		1.25140			4
2024.12.26	17:27:21.825	1.25138				2
2024.12.26	17:27:22.130	1.25137				2
2024.12.26	17:27:23.366	1.25138				2
2024.12.26	17:27:23.672		1.25139			4
2024.12.26	17:27:26.118	1.25144	1.25145			6
2024.12.26	17:27:27.030		1.25146			4
2024.12.26	17:27:27.331	1.25146	1.25149			6
2024.12.26	17:27:27.957	1.25147	1.25148			6
2024.12.26	17:27:28.264	1.25146				2
2024.12.26	17:27:28.880		1.25147			4
2024.12.26	17:27:29.189	1.25145	1.25148			6
2024.12.26	17:27:29.497	1.25144	1.25147			6
2024.12.26	17:27:29.805	1.25143				2
2024.12.26	17:27:30.106	1.25142				2
2024.12.26	17:27:30.419		1.25146			4
2024.12.26	17:27:30.728	1.25143				2
2024.12.26	17:27:31.035	1.25142	1.25147			6
2024.12.26	17:27:32.877	1.25141	1.25143			6
2024.12.26	17:27:33.182	1.25140				2
2024.12.26	17:27:33.798	1.25141				2
2024.12.26	17:27:34.108	1.25140				2
2024.12.26	17:27:35.029	1.25139	1.25141			6
2024.12.26	17:27:35.644	1.25140	1.25143			6
2024.12.26	17:27:35.952	1.25139	1.25142			6
2024.12.26	17:27:36.260	1.25140	1.25143			6
2024.12.26	17:27:36.571	1.25139	1.25142			6
2024.12.26	17:27:38.106	1.25140				2
2024.12.26	17:27:38.417	1.25137	1.25138			6
2024.12.26	17:27:38.724	1.25136				2
2024.12.26	17:27:39.031	1.25137				2
2024.12.26	17:27:39.340	1.25136				2
2024.12.26	17:27:40.265	1.25135				2
2024.12.26	17:27:40.881	1.25136	1.25139			6
2024.12.26	17:27:42.421		1.25138			4
2024.12.26	17:27:43.346	1.25137				2
2024.12.26	17:27:44.579	1.25138	1.25141			6
2024.12.26	17:27:44.887	1.25142	1.25144			6
2024.12.26	17:27:45.197	1.25143	1.25146			6
2024.12.26	17:27:49.808	1.25146	1.25149			6
2024.12.26	17:27:50.731	1.25153	1.25157			6
2024.12.26	17:27:51.032	1.25152	1.25155			6
2024.12.26	17:27:52.887	1.25150	1.25153			6
2024.12.26	17:27:53.490	1.25149	1.25152			6
2024.12.26	17:27:54.423	1.25148	1.25151			6
2024.12.26	17:27:55.646	1.25149	1.25152			6
2024.12.26	17:27:55.960	1.25150	1.25153			6
2024.12.26	17:27:57.187	1.25149	1.25152			6
2024.12.26	17:27:59.639	1.25150	1.25153			6
2024.12.26	17:27:59.941	1.25149	1.25152			6
2024.12.26	17:28:00.253	1.25149				2
2024.12.26	17:28:00.556	1.25142	1.25146			6
2024.12.26	17:28:01.171	1.25143	1.25148			6
2024.12.26	17:28:01.480	1.25144				2
2024.12.26	17:28:01.787	1.25145				2
2024.12.26	17:28:02.095	1.25146	1.25149			6
2024.12.26	17:28:06.093	1.25145	1.25148			6
2024.12.26	17:28:07.629		1.25149			4
2024.12.26	17:28:07.940	1.25146				2
2024.12.26	17:28:09.472	1.25148				2
2024.12.26	17:28:10.094		1.25151			4
2024.12.26	17:28:10.395	1.25146	1.25149			6
2024.12.26	17:28:11.933	1.25150	1.25153			6
2024.12.26	17:28:12.547	1.25148	1.25150			6
2024.12.26	17:28:12.849	1.25143	1.25147			6
2024.12.26	17:28:14.081		1.25148			4
2024.12.26	17:28:14.382	1.25144				2
2024.12.26	17:28:14.688	1.25143				2
2024.12.26	17:28:15.607	1.25145				2
2024.12.26	17:28:18.667	1.25146	1.25149			6
2024.12.26	17:28:22.631	1.25145	1.25148			6
2024.12.26	17:28:22.937	1.25144				2
2024.12.26	17:28:23.246	1.25145	1.25147			6
2024.12.26	17:28:23.861		1.25148			4
2024.12.26	17:28:24.165	1.25142				2
2024.12.26	17:28:24.471		1.25147			4
2024.12.26	17:28:24.777	1.25136	1.25139			6
2024.12.26	17:28:25.084	1.25135	1.25138			6
2024.12.26	17:28:25.687	1.25133				2
2024.12.26	17:28:26.903	1.25135				2
2024.12.26	17:28:28.744	1.25134				2
2024.12.26	17:28:32.421	1.25139	1.25141			6
2024.12.26	17:28:32.725	1.25138				2
2024.12.26	17:28:34.868	1.25141	1.25144			6
2024.12.26	17:28:35.170	1.25137	1.25140			6
2024.12.26	17:28:36.404	1.25136	1.25139			6
2024.12.26	17:28:38.850	1.25137	1.25140			6
2024.12.26	17:28:40.071	1.25135	1.25138			6
2024.12.26	17:28:40.680	1.25131	1.25134			6
2024.12.26	17:28:41.597	1.25132	1.25135			6
2024.12.26	17:28:43.448	1.25135	1.25137			6
2024.12.26	17:28:43.752	1.25132	1.25133			6
2024.12.26	17:28:48.671	1.25130	1.25132			6
2024.12.26	17:28:48.979	1.25131				2
2024.12.26	17:28:49.595		1.25133			4
2024.12.26	17:28:51.133	1.25132	1.25135			6
2024.12.26	17:28:52.681	1.25134	1.25136			6
2024.12.26	17:28:55.443	1.25137	1.25138			6
2024.12.26	17:28:55.745	1.25136				2
2024.12.26	17:29:00.054	1.25136				2
2024.12.26	17:29:00.974		1.25139			4
2024.12.26	17:29:01.280		1.25138			4
2024.12.26	17:29:02.187	1.25137	1.25139			6
2024.12.26	17:29:03.109		1.25138			4
2024.12.26	17:29:04.036		1.25139			4
2024.12.26	17:29:04.347		1.25138			4
2024.12.26	17:29:07.726	1.25142	1.25144			6
2024.12.26	17:29:08.028	1.25143	1.25146			6
2024.12.26	17:29:08.342		1.25145			4
2024.12.26	17:29:08.957	1.25142	1.25143			6
2024.12.26	17:29:10.189	1.25143	1.25146			6
2024.12.26	17:29:10.499		1.25145			4
2024.12.26	17:29:12.963	1.25144	1.25147			6
2024.12.26	17:29:13.581	1.25143	1.25145			6
2024.12.26	17:29:13.883	1.25144	1.25147			6
2024.12.26	17:29:14.193	1.25145	1.25149			6
2024.12.26	17:29:14.500	1.25146				2
2024.12.26	17:29:17.262	1.25147				2
2024.12.26	17:29:17.571	1.25146	1.25148			6
2024.12.26	17:29:17.879	1.25147	1.25150			6
2024.12.26	17:29:23.078	1.25146	1.25148			6
2024.12.26	17:29:23.385		1.25150			4
2024.12.26	17:29:23.994	1.25147				2
2024.12.26	17:29:24.914	1.25146	1.25148			6
2024.12.26	17:29:25.223	1.25144	1.25145			6
2024.12.26	17:29:25.524	1.25146	1.25148			6
2024.12.26	17:29:26.760		1.25149			4
2024.12.26	17:29:27.990	1.25147				2
2024.12.26	17:29:28.291	1.25152	1.25155			6
2024.12.26	17:29:29.838	1.25150	1.25153			6
2024.12.26	17:29:32.304		1.25152			4
2024.12.26	17:29:34.772		1.25154			4
2024.12.26	17:29:35.388	1.25148	1.25151			6
2024.12.26	17:29:35.692	1.25150	1.25154			6
2024.12.26	17:29:36.929	1.25151	1.25153			6
2024.12.26	17:29:37.859	1.25150				2
2024.12.26	17:29:38.166		1.25154			4
2024.12.26	17:29:39.092		1.25153			4
2024.12.26	17:29:39.710	1.25151	1.25154			6
2024.12.26	17:29:45.235	1.25152				2
2024.12.26	17:29:48.613	1.25153	1.25156			6
2024.12.26	17:29:50.456	1.25155	1.25158			6
2024.12.26	17:29:50.761	1.25154	1.25157			6
2024.12.26	17:29:51.067	1.25152	1.25155			6
2024.12.26	17:29:51.686	1.25154	1.25156			6
2024.12.26	17:29:52.601	1.25153				2
2024.12.26	17:29:53.213	1.25154	1.25157			6
2024.12.26	17:29:54.137	1.25153	1.25156			6
2024.12.26	17:29:54.439	1.25154	1.25157			6
2024.12.26	17:29:55.360	1.25152	1.25154			6
2024.12.26	17:29:55.668	1.25150	1.25153			6
2024.12.26	17:29:55.975	1.25153	1.25155			6
2024.12.26	17:29:56.283	1.25152	1.25154			6
2024.12.26	17:29:56.896		1.25153			4
2024.12.26	17:29:57.203		1.25154			4
2024.12.26	17:29:58.737	1.25147	1.25148			6
2024.12.26	17:29:59.047	1.25146	1.25147			6
2024.12.26	17:29:59.350	1.25144	1.25146			6
2024.12.26	17:30:00.288	1.25145				2
2024.12.26	17:30:00.906	1.25143	1.25145			6
2024.12.26	17:30:01.827	1.25144				2
2024.12.26	17:30:02.132	1.25146	1.25149			6
2024.12.26	17:30:03.054	1.25154	1.25156			6
2024.12.26	17:30:03.361	1.25155	1.25157			6
2024.12.26	17:30:04.289	1.25154				2
2024.12.26	17:30:05.205		1.25156			4
2024.12.26	17:30:05.822		1.25155			4
2024.12.26	17:30:06.126	1.25156	1.25157			6
2024.12.26	17:30:11.679	1.25154				2
2024.12.26	17:30:11.990	1.25155	1.25156			6
2024.12.26	17:30:12.297	1.25156	1.25159			6
2024.12.26	17:30:12.601		1.25158			4
2024.12.26	17:30:12.903		1.25159			4
2024.12.26	17:30:13.528		1.25160			4
2024.12.26	17:30:14.142		1.25159			4
2024.12.26	17:30:14.446		1.25158			4
2024.12.26	17:30:15.676		1.25159			4
2024.12.26	17:30:15.983	1.25155	1.25158			6
2024.12.26	17:30:17.830	1.25157				2
2024.12.26	17:30:19.687	1.25155	1.25156			6
2024.12.26	17:30:21.527	1.25150	1.25151			6
2024.12.26	17:30:23.067	1.25149				2
2024.12.26	17:30:23.984	1.25150				2
2024.12.26	17:30:24.596	1.25151	1.25154			6
2024.12.26	17:30:30.451	1.25150				2
2024.12.26	17:30:30.762	1.25151				2
2024.12.26	17:30:36.241	1.25152	1.25153			6
2024.12.26	17:30:38.995		1.25154			4
2024.12.26	17:30:39.300	1.25145	1.25147			6
2024.12.26	17:30:39.611	1.25146				2
2024.12.26	17:30:40.218	1.25145				2
2024.12.26	17:30:40.524	1.25143	1.25145			6
2024.12.26	17:30:40.829	1.25141	1.25143			6
2024.12.26	17:30:41.133	1.25140	1.25144			6
2024.12.26	17:30:43.592	1.25142				2
2024.12.26	17:30:44.507	1.25144	1.25145			6
2024.12.26	17:30:46.667		1.25146			4
2024.12.26	17:30:48.516	1.25145	1.25147			6
2024.12.26	17:30:49.135	1.25144				2
2024.12.26	17:30:49.441	1.25141	1.25142			6
2024.12.26	17:30:49.755	1.25140	1.25144			6
2024.12.26	17:30:50.061	1.25141				2
2024.12.26	17:30:53.113		1.25143			4
2024.12.26	17:30:53.419		1.25142			4
2024.12.26	17:31:00.176	1.25141				2
2024.12.26	17:31:00.483		1.25145			4
2024.12.26	17:31:00.785	1.25143				2
2024.12.26	17:31:01.394	1.25141	1.25143			6
2024.12.26	17:31:02.609		1.25142			4
2024.12.26	17:31:05.054	1.25142	1.25143			6
2024.12.26	17:31:05.669	1.25144	1.25145			6
2024.12.26	17:31:05.975	1.25145	1.25146			6
2024.12.26	17:31:06.897	1.25144	1.25145			6
2024.12.26	17:31:07.203	1.25146	1.25148			6
2024.12.26	17:31:07.515		1.25149			4
2024.12.26	17:31:11.521	1.25145	1.25147			6
2024.12.26	17:31:11.823		1.25148			4
2024.12.26	17:31:13.048	1.25146	1.25147			6
2024.12.26	17:31:14.571	1.25145				2
2024.12.26	17:31:16.098	1.25146				2
2024.12.26	17:31:16.709	1.25145				2
2024.12.26	17:31:17.024	1.25146				2
2024.12.26	17:31:18.553	1.25147	1.25148			6
2024.12.26	17:31:20.688	1.25148	1.25149			6
2024.12.26	17:31:20.994		1.25150			4
2024.12.26	17:31:21.298		1.25149			4
2024.12.26	17:31:23.128		1.25150			4
2024.12.26	17:31:24.655	1.25153	1.25155			6
2024.12.26	17:31:25.264		1.25154			4
2024.12.26	17:31:26.191	1.25146	1.25150			6
2024.12.26	17:31:27.101	1.25145	1.25148			6
2024.12.26	17:31:27.715	1.25143				2
2024.12.26	17:31:28.021	1.25144				2
2024.12.26	17:31:29.541	1.25141	1.25145			6
2024.12.26	17:31:29.845	1.25140				2
2024.12.26	17:31:30.460		1.25144			4
2024.12.26	17:31:32.304		1.25142			4
2024.12.26	17:31:32.608	1.25136	1.25139			6
2024.12.26	17:31:32.920	1.25135				2
2024.12.26	17:31:33.230	1.25134				2
2024.12.26	17:31:34.152	1.25133				2
2024.12.26	17:31:34.453	1.25132	1.25138			6
2024.12.26	17:31:34.765	1.25133				2
2024.12.26	17:31:35.075	1.25131	1.25136			6
2024.12.26	17:31:35.382	1.25132				2
2024.12.26	17:31:35.688	1.25133				2
2024.12.26	17:31:37.839	1.25135	1.25139			6
2024.12.26	17:31:39.383	1.25134	1.25137			6
2024.12.26	17:31:41.532	1.25133				2
2024.12.26	17:31:43.378	1.25135				2
2024.12.26	17:31:43.993	1.25125	1.25126			6
2024.12.26	17:31:44.300	1.25124	1.25125			6
2024.12.26	17:31:44.914	1.25121	1.25124			6
2024.12.26	17:31:45.221	1.25120				2
2024.12.26	17:31:45.840		1.25123			4
2024.12.26	17:31:46.148	1.25119				2
2024.12.26	17:31:46.455	1.25120	1.25124			6
2024.12.26	17:31:49.521	1.25119	1.25123			6
2024.12.26	17:31:51.056	1.25118				2
2024.12.26	17:31:51.675	1.25119				2
2024.12.26	17:31:53.816	1.25126	1.25128			6
2024.12.26	17:31:55.052	1.25125				2
2024.12.26	17:31:58.747	1.25124				2
2024.12.26	17:32:00.297	1.25124				2
2024.12.26	17:32:08.306	1.25127	1.25132			6
2024.12.26	17:32:08.608	1.25135	1.25138			6
2024.12.26	17:32:09.541	1.25134				2
2024.12.26	17:32:10.456	1.25139	1.25143			6
2024.12.26	17:32:13.543	1.25138				2
2024.12.26	17:32:14.162	1.25137	1.25142			6
2024.12.26	17:32:14.470	1.25133	1.25137			6
2024.12.26	17:32:16.005	1.25134				2
2024.12.26	17:32:19.100	1.25133				2
2024.12.26	17:32:25.261	1.25134				2
2024.12.26	17:32:26.802	1.25133				2
2024.12.26	17:32:27.109	1.25134				2
2024.12.26	17:32:31.418		1.25138			4
2024.12.26	17:32:35.720	1.25137				2
2024.12.26	17:32:36.026	1.25135				2
2024.12.26	17:32:36.638	1.25134				2
2024.12.26	17:32:41.239	1.25131	1.25136			6
2024.12.26	17:32:41.542	1.25132				2
2024.12.26	17:32:43.071	1.25133	1.25137			6
2024.12.26	17:32:43.375	1.25127	1.25129			6
2024.12.26	17:32:43.678	1.25126				2
2024.12.26	17:32:43.984	1.25124				2
2024.12.26	17:32:44.292	1.25125	1.25128			6
2024.12.26	17:32:47.672	1.25128	1.25132			6
2024.12.26	17:32:47.973	1.25130	1.25134			6
2024.12.26	17:32:48.284	1.25131				2
2024.12.26	17:32:48.904	1.25129				2
2024.12.26	17:32:49.824	1.25130				2
2024.12.26	17:32:50.750	1.25134	1.25135			6
2024.12.26	17:32:51.060	1.25133	1.25137			6
2024.12.26	17:32:51.981	1.25132	1.25136			6
2024.12.26	17:32:52.282	1.25131	1.25135			6
2024.12.26	17:32:53.821	1.25132	1.25136			6
2024.12.26	17:32:54.438		1.25135			4
2024.12.26	17:32:54.741	1.25131				2
2024.12.26	17:32:55.354	1.25132	1.25136			6
2024.12.26	17:32:55.663		1.25135			4
2024.12.26	17:32:56.895	1.25131				2
2024.12.26	17:32:58.127	1.25132				2
2024.12.26	17:32:58.736	1.25133	1.25137			6
2024.12.26	17:33:00.275	1.25132	1.25136			6
2024.12.26	17:33:04.271	1.25133				2
2024.12.26	17:33:06.114	1.25132				2
2024.12.26	17:33:06.423	1.25133				2
2024.12.26	17:33:07.961	1.25134	1.25137			6
2024.12.26	17:33:09.182	1.25136	1.25140			6
2024.12.26	17:33:09.483	1.25134	1.25139			6
2024.12.26	17:33:10.714		1.25137			4
2024.12.26	17:33:11.321	1.25135				2
2024.12.26	17:33:12.234	1.25134				2
2024.12.26	17:33:14.062	1.25136	1.25139			6
2024.12.26	17:33:15.585		1.25138			4
2024.12.26	17:33:15.888		1.25139			4
2024.12.26	17:33:18.329		1.25138			4
2024.12.26	17:33:19.251	1.25137				2
2024.12.26	17:33:20.167		1.25140			4
2024.12.26	17:33:20.483		1.25139			4
2024.12.26	17:33:20.791	1.25136				2
2024.12.26	17:33:21.711	1.25137				2
2024.12.26	17:33:23.246	1.25138				2
2024.12.26	17:33:24.168	1.25137				2
2024.12.26	17:33:27.841		1.25138			4
2024.12.26	17:33:28.760	1.25138	1.25139			6
2024.12.26	17:33:35.502	1.25137	1.25138			6
2024.12.26	17:33:37.025	1.25138	1.25139			6
2024.12.26	17:33:40.366	1.25140	1.25142			6
2024.12.26	17:33:40.673	1.25142	1.25144			6
2024.12.26	17:33:48.627	1.25144	1.25146			6
2024.12.26	17:33:49.238	1.25145				2
2024.12.26	17:33:51.378	1.25144				2
2024.12.26	17:33:55.962	1.25145				2
2024.12.26	17:33:56.265	1.25144				2
2024.12.26	17:34:00.248	1.25144				2
2024.12.26	17:34:01.465	1.25145				2
2024.12.26	17:34:02.683	1.25148	1.25150			6
2024.12.26	17:34:02.988	1.25147	1.25149			6
2024.12.26	17:34:03.290	1.25148				2
2024.12.26	17:34:04.811	1.25155	1.25156			6
2024.12.26	17:34:05.422	1.25156	1.25157			6
2024.12.26	17:34:05.729	1.25157	1.25159			6
2024.12.26	17:34:06.340	1.25155				2
2024.12.26	17:34:06.956	1.25156	1.25161			6
2024.12.26	17:34:08.182		1.25160			4
2024.12.26	17:34:08.490		1.25161			4
2024.12.26	17:34:13.986	1.25157				2
2024.12.26	17:34:14.296	1.25156	1.25160			6
2024.12.26	17:34:15.208	1.25157				2
2024.12.26	17:34:15.515	1.25156				2
2024.12.26	17:34:17.042		1.25159			4
2024.12.26	17:34:17.964		1.25160			4
2024.12.26	17:34:18.266		1.25159			4
2024.12.26	17:34:18.568		1.25160			4
2024.12.26	17:34:18.878		1.25159			4
2024.12.26	17:34:19.185	1.25157				2
2024.12.26	17:34:19.794		1.25160			4
2024.12.26	17:34:20.095	1.25158				2
2024.12.26	17:34:21.621	1.25157				2
2024.12.26	17:34:23.156		1.25159			4
2024.12.26	17:34:23.767	1.25156	1.25158			6
2024.12.26	17:34:24.380	1.25158	1.25160			6
2024.12.26	17:34:29.275	1.25157	1.25159			6
2024.12.26	17:34:32.324	1.25161	1.25163			6
2024.12.26	17:34:32.626	1.25162	1.25164			6
2024.12.26	17:34:33.244	1.25161	1.25163			6
2024.12.26	17:34:33.550	1.25158	1.25160			6
2024.12.26	17:34:33.855	1.25157	1.25159			6
2024.12.26	17:34:34.160	1.25155	1.25158			6
2024.12.26	17:34:35.066	1.25152	1.25155			6
2024.12.26	17:34:36.275	1.25151				2
2024.12.26	17:34:36.884	1.25150	1.25153			6
2024.12.26	17:34:37.192	1.25152	1.25155			6
2024.12.26	17:34:37.498	1.25154	1.25158			6
2024.12.26	17:34:38.108	1.25153	1.25157			6
2024.12.26	17:34:40.852	1.25154				2
2024.12.26	17:34:41.774	1.25153				2
2024.12.26	17:34:42.080	1.25154				2
2024.12.26	17:34:42.990	1.25156	1.25159			6
2024.12.26	17:34:43.292		1.25158			4
2024.12.26	17:34:44.212		1.25159			4
2024.12.26	17:34:46.030	1.25160	1.25163			6
2024.12.26	17:34:46.941	1.25161	1.25164			6
2024.12.26	17:34:47.242	1.25160				2
2024.12.26	17:34:47.547	1.25159	1.25163			6
2024.12.26	17:34:47.850	1.25160	1.25164			6
2024.12.26	17:34:48.156	1.25159	1.25163			6
2024.12.26	17:34:50.903	1.25156	1.25160			6
2024.12.26	17:34:51.211		1.25159			4
2024.12.26	17:34:51.812	1.25158	1.25161			6
2024.12.26	17:34:52.118	1.25157	1.25162			6
2024.12.26	17:34:52.738		1.25161			4
2024.12.26	17:34:53.044	1.25156				2
2024.12.26	17:34:54.274		1.25160			4
2024.12.26	17:34:57.941	1.25157	1.25161			6
2024.12.26	17:34:58.251		1.25160			4
2024.12.26	17:35:00.072	1.25157				2
2024.12.26	17:35:02.207	1.25158				2
2024.12.26	17:35:04.042	1.25153	1.25155			6
2024.12.26	17:35:04.346	1.25152	1.25154			6
2024.12.26	17:35:05.257	1.25150	1.25156			6
2024.12.26	17:35:05.572	1.25151	1.25157			6
2024.12.26	17:35:06.186	1.25153	1.25158			6
2024.12.26	17:35:06.493	1.25152				2
2024.12.26	17:35:08.953	1.25154	1.25159			6
2024.12.26	17:35:09.260	1.25153	1.25158			6
2024.12.26	17:35:12.313	1.25154				2
2024.12.26	17:35:14.461	1.25156	1.25159			6
2024.12.26	17:35:20.291	1.25157				2
2024.12.26	17:35:23.949	1.25155	1.25157			6
2024.12.26	17:35:27.607	1.25156	1.25158			6
2024.12.26	17:35:27.916	1.25155	1.25157			6
2024.12.26	17:35:29.734	1.25157	1.25158			6
2024.12.26	17:35:30.035	1.25163	1.25165			6
2024.12.26	17:35:30.337	1.25162	1.25164			6
2024.12.26	17:35:30.646	1.25164	1.25166			6
2024.12.26	17:35:30.948	1.25165				2
2024.12.26	17:35:31.250	1.25163				2
2024.12.26	17:35:32.160	1.25162	1.25165			6
2024.12.26	17:35:32.463	1.25163	1.25166			6
2024.12.26	17:35:33.090	1.25162	1.25165			6
2024.12.26	17:35:33.394	1.25163	1.25166			6
2024.12.26	17:35:34.008	1.25162	1.25165			6
2024.12.26	17:35:34.628	1.25163	1.25166			6
2024.12.26	17:35:39.231	1.25162	1.25165			6
2024.12.26	17:35:39.538	1.25163	1.25166			6
2024.12.26	17:35:40.152	1.25162	1.25165			6
2024.12.26	17:35:41.377	1.25163	1.25166			6
2024.12.26	17:35:46.269		1.25165			4
2024.12.26	17:35:46.577		1.25166			4
2024.12.26	17:35:46.886	1.25165	1.25168			6
2024.12.26	17:35:47.187	1.25166				2
2024.12.26	17:35:49.024	1.25167	1.25169			6
2024.12.26	17:35:49.639	1.25166				2
2024.12.26	17:35:52.397	1.25168	1.25171			6
2024.12.26	17:35:53.012	1.25177	1.25178			6
2024.12.26	17:35:53.319		1.25180			4
2024.12.26	17:35:53.628	1.25176	1.25179			6
2024.12.26	17:35:53.934	1.25175				2
2024.12.26	17:35:55.771	1.25176	1.25180			6
2024.12.26	17:35:56.386	1.25174	1.25177			6
2024.12.26	17:35:56.999	1.25175	1.25178			6
2024.12.26	17:35:57.304	1.25174				2
2024.12.26	17:35:57.914		1.25177			4
2024.12.26	17:35:58.830	1.25173				2
2024.12.26	17:35:59.134	1.25166	1.25169			6
2024.12.26	17:36:00.050	1.25165				2
2024.12.26	17:36:01.571		1.25168			4
2024.12.26	17:36:02.481	1.25164	1.25167			6
2024.12.26	17:36:02.785	1.25162	1.25168			6
2024.12.26	17:36:03.406	1.25165				2
2024.12.26	17:36:04.325	1.25164				2
2024.12.26	17:36:04.626	1.25162				2
2024.12.26	17:36:05.242	1.25165	1.25169			6
2024.12.26	17:36:05.546	1.25163	1.25168			6
2024.12.26	17:36:05.854	1.25165				2
2024.12.26	17:36:06.159	1.25164				2
2024.12.26	17:36:06.465	1.25162	1.25167			6
2024.12.26	17:36:09.234	1.25164	1.25168			6
2024.12.26	17:36:09.542	1.25165				2
2024.12.26	17:36:09.849	1.25162				2
2024.12.26	17:36:10.156		1.25165			4
2024.12.26	17:36:11.695		1.25166			4
2024.12.26	17:36:12.928		1.25165			4
2024.12.26	17:36:13.236		1.25166			4
2024.12.26	17:36:14.161		1.25167			4
2024.12.26	17:36:15.080		1.25166			4
2024.12.26	17:36:17.542		1.25165			4
2024.12.26	17:36:17.852	1.25161				2
2024.12.26	17:36:18.161		1.25164			4
2024.12.26	17:36:18.463	1.25162	1.25167			6
2024.12.26	17:36:19.702		1.25166			4
2024.12.26	17:36:20.006	1.25161				2
2024.12.26	17:36:20.310	1.25166	1.25169			6
2024.12.26	17:36:21.243	1.25174	1.25175			6
2024.12.26	17:36:21.547	1.25172	1.25176			6
2024.12.26	17:36:21.855		1.25175			4
2024.12.26	17:36:23.395	1.25174	1.25177			6
2024.12.26	17:36:23.703	1.25172	1.25175			6
2024.12.26	17:36:25.547	1.25173	1.25176			6
2024.12.26	17:36:27.073	1.25171	1.25174			6
2024.12.26	17:36:27.379	1.25173	1.25175			6
2024.12.26	17:36:27.990	1.25168	1.25170			6
2024.12.26	17:36:28.917	1.25166	1.25169			6
2024.12.26	17:36:30.444	1.25167	1.25170			6
2024.12.26	17:36:30.748		1.25173			4
2024.12.26	17:36:31.367	1.25173	1.25176			6
2024.12.26	17:36:31.671	1.25172	1.25175			6
2024.12.26	17:36:34.117	1.25173	1.25176			6
2024.12.26	17:36:35.957	1.25172	1.25175			6
2024.12.26	17:36:41.766	1.25176	1.25178			6
2024.12.26	17:36:42.068		1.25179			4
2024.12.26	17:36:44.215	1.25175	1.25178			6
2024.12.26	17:36:44.521		1.25177			4
2024.12.26	17:36:46.969		1.25178			4
2024.12.26	17:36:47.277	1.25172				2
2024.12.26	17:36:47.891	1.25175				2
2024.12.26	17:36:49.111	1.25172	1.25176			6
2024.12.26	17:36:50.029	1.25173	1.25177			6
2024.12.26	17:36:50.642	1.25172				2
2024.12.26	17:36:51.564	1.25173				2
2024.12.26	17:36:52.171	1.25172				2
2024.12.26	17:36:52.785	1.25173	1.25178			6
2024.12.26	17:36:53.090		1.25176			4
2024.12.26	17:36:53.709		1.25178			4
2024.12.26	17:36:54.016	1.25172	1.25177			6
2024.12.26	17:36:54.322	1.25173	1.25178			6
2024.12.26	17:36:54.641	1.25172	1.25177			6
2024.12.26	17:36:54.942	1.25174	1.25179			6
2024.12.26	17:36:55.246	1.25175				2
2024.12.26	17:36:58.330		1.25178			4
2024.12.26	17:36:58.638	1.25174				2
2024.12.26	17:36:58.943	1.25175				2
2024.12.26	17:37:00.175	1.25175	1.25179			6
2024.12.26	17:37:02.621		1.25178			4
2024.12.26	17:37:04.763	1.25176				2
2024.12.26	17:37:07.219	1.25177	1.25179			6
2024.12.26	17:37:08.752		1.25178			4
2024.12.26	17:37:09.982		1.25179			4
2024.12.26	17:37:10.286	1.25178				2
2024.12.26	17:37:11.201		1.25180			4
2024.12.26	17:37:16.401	1.25179				2
2024.12.26	17:37:18.547	1.25183	1.25185			6
2024.12.26	17:37:18.858	1.25176	1.25178			6
2024.12.26	17:37:19.170	1.25177	1.25179			6
2024.12.26	17:37:19.772	1.25179	1.25180			6
2024.12.26	17:37:20.076	1.25178				2
2024.12.26	17:37:21.300	1.25181	1.25183			6
2024.12.26	17:37:21.603	1.25182	1.25184			6
2024.12.26	17:37:21.908	1.25180	1.25182			6
2024.12.26	17:37:22.210	1.25178	1.25181			6
2024.12.26	17:37:22.821	1.25177	1.25180			6
2024.12.26	17:37:23.127	1.25175	1.25179			6
2024.12.26	17:37:24.355	1.25168	1.25172			6
2024.12.26	17:37:24.666	1.25169	1.25173			6
2024.12.26	17:37:24.968	1.25167	1.25171			6
2024.12.26	17:37:25.591		1.25172			4
2024.12.26	17:37:25.897	1.25165	1.25170			6
2024.12.26	17:37:28.961	1.25175	1.25179			6
2024.12.26	17:37:32.039	1.25182	1.25185			6
2024.12.26	17:37:32.648		1.25186			4
2024.12.26	17:37:33.888	1.25181	1.25185			6
2024.12.26	17:37:35.421	1.25182				2
2024.12.26	17:37:36.648	1.25181	1.25186			6
2024.12.26	17:37:37.878	1.25182				2
2024.12.26	17:37:39.111	1.25185	1.25189			6
2024.12.26	17:37:39.728	1.25186	1.25190			6
2024.12.26	17:37:40.330	1.25185	1.25189			6
2024.12.26	17:37:40.646	1.25183	1.25187			6
2024.12.26	17:37:40.960	1.25182	1.25186			6
2024.12.26	17:37:42.808	1.25185	1.25189			6
2024.12.26	17:37:43.116	1.25192	1.25195			6
2024.12.26	17:37:43.423		1.25196			4
2024.12.26	17:37:44.037		1.25195			4
2024.12.26	17:37:44.342	1.25193	1.25196			6
2024.12.26	17:37:44.645	1.25196	1.25199			6
2024.12.26	17:37:45.263	1.25194	1.25198			6
2024.12.26	17:37:45.879	1.25195				2
2024.12.26	17:37:46.491		1.25199			4
2024.12.26	17:37:46.795	1.25194	1.25198			6
2024.12.26	17:37:48.327	1.25195	1.25199			6
2024.12.26	17:37:48.942	1.25192	1.25196			6
2024.12.26	17:37:49.249		1.25197			4
2024.12.26	17:37:49.553	1.25195	1.25198			6
2024.12.26	17:37:50.165		1.25199			4
2024.12.26	17:37:51.093	1.25194	1.25198			6
2024.12.26	17:37:51.701	1.25195				2
2024.12.26	17:37:52.615	1.25197	1.25199			6
2024.12.26	17:37:52.919	1.25196	1.25200			6
2024.12.26	17:37:53.227	1.25197				2
2024.12.26	17:37:53.530	1.25195	1.25199			6
2024.12.26	17:37:54.144		1.25198			4
2024.12.26	17:37:55.677		1.25199			4
2024.12.26	17:37:56.601	1.25196				2
2024.12.26	17:37:56.908	1.25195				2
2024.12.26	17:37:57.213		1.25198			4
2024.12.26	17:37:57.829	1.25196	1.25200			6
2024.12.26	17:37:59.057	1.25195	1.25198			6
2024.12.26	17:37:59.370		1.25199			4
2024.12.26	17:38:00.290	1.25196	1.25202			6
2024.12.26	17:38:00.595		1.25200			4
2024.12.26	17:38:02.445		1.25199			4
2024.12.26	17:38:04.593	1.25192	1.25195			6
2024.12.26	17:38:04.897	1.25195	1.25199			6
2024.12.26	17:38:05.208	1.25192	1.25197			6
2024.12.26	17:38:05.517	1.25193	1.25198			6
2024.12.26	17:38:05.820	1.25192	1.25196			6
2024.12.26	17:38:06.126		1.25197			4
2024.12.26	17:38:06.438		1.25195			4
2024.12.26	17:38:06.744	1.25191				2
2024.12.26	17:38:07.049	1.25192	1.25196			6
2024.12.26	17:38:07.664		1.25195			4
2024.12.26	17:38:08.271		1.25196			4
2024.12.26	17:38:11.972		1.25195			4
2024.12.26	17:38:21.184	1.25201	1.25204			6
2024.12.26	17:38:21.486		1.25205			4
2024.12.26	17:38:21.794	1.25202				2
2024.12.26	17:38:22.404	1.25203				2
2024.12.26	17:38:23.326	1.25202				2
2024.12.26	17:38:27.024	1.25206	1.25210			6
2024.12.26	17:38:28.562		1.25211			4
2024.12.26	17:38:29.180	1.25207	1.25212			6
2024.12.26	17:38:29.488	1.25211	1.25216			6
2024.12.26	17:38:31.329		1.25215			4
2024.12.26	17:38:31.635	1.25210	1.25214			6
2024.12.26	17:38:31.946	1.25209				2
2024.12.26	17:38:32.246	1.25208				2
2024.12.26	17:38:33.174	1.25207	1.25212			6
2024.12.26	17:38:34.408	1.25208	1.25213			6
2024.12.26	17:38:35.327	1.25207	1.25212			6
2024.12.26	17:38:35.943	1.25208	1.25213			6
2024.12.26	17:38:36.555	1.25209				2
2024.12.26	17:38:38.714		1.25214			4
2024.12.26	17:38:41.789	1.25208	1.25213			6
2024.12.26	17:38:43.023	1.25200	1.25205			6
2024.12.26	17:38:43.331	1.25196	1.25201			6
2024.12.26	17:38:44.561	1.25198	1.25202			6
2024.12.26	17:38:45.487	1.25197	1.25201			6
2024.12.26	17:38:47.340		1.25202			4
2024.12.26	17:38:47.644		1.25201			4
2024.12.26	17:38:48.267	1.25196				2
2024.12.26	17:38:48.571	1.25197	1.25203			6
2024.12.26	17:38:48.880	1.25196	1.25202			6
2024.12.26	17:38:51.342		1.25203			4
2024.12.26	17:38:51.957		1.25202			4
2024.12.26	17:38:52.570		1.25201			4
2024.12.26	17:38:52.880		1.25202			4
2024.12.26	17:38:53.801	1.25195	1.25200			6
2024.12.26	17:38:54.107	1.25198	1.25203			6
2024.12.26	17:38:55.025		1.25204			4
2024.12.26	17:38:55.649	1.25199				2
2024.12.26	17:38:58.709	1.25196	1.25201			6
2024.12.26	17:38:59.017	1.25195	1.25200			6
2024.12.26	17:38:59.934		1.25199			4
2024.12.26	17:39:00.237	1.25197	1.25201			6
2024.12.26	17:39:00.543	1.25198	1.25203			6
2024.12.26	17:39:00.851	1.25197	1.25202			6
2024.12.26	17:39:01.154	1.25196				2
2024.12.26	17:39:01.465	1.25198	1.25203			6
2024.12.26	17:39:01.771	1.25197				2
2024.12.26	17:39:02.078	1.25196	1.25202			6
2024.12.26	17:39:03.297	1.25198	1.25203			6
2024.12.26	17:39:04.830	1.25196	1.25202			6
2024.12.26	17:39:05.141		1.25201			4
2024.12.26	17:39:06.360	1.25195	1.25199			6
2024.12.26	17:39:06.674	1.25194	1.25198			6
2024.12.26	17:39:06.981	1.25195	1.25199			6
2024.12.26	17:39:07.592	1.25196	1.25200			6
2024.12.26	17:39:08.514	1.25198	1.25205			6
2024.12.26	17:39:08.821	1.25199	1.25203			6
2024.12.26	17:39:09.736	1.25196	1.25200			6
2024.12.26	17:39:10.955	1.25198	1.25201			6
2024.12.26	17:39:11.263	1.25197				2
2024.12.26	17:39:12.182		1.25203			4
2024.12.26	17:39:12.488	1.25198				2
2024.12.26	17:39:13.407		1.25204			4
2024.12.26	17:39:13.722		1.25203			4
2024.12.26	17:39:14.024	1.25199				2
2024.12.26	17:39:14.327	1.25195	1.25202			6
2024.12.26	17:39:16.793	1.25196				2
2024.12.26	17:39:17.403	1.25195				2
2024.12.26	17:39:17.707	1.25200	1.25205			6
2024.12.26	17:39:18.316	1.25201				2
2024.12.26	17:39:18.619	1.25200				2
2024.12.26	17:39:26.579	1.25201				2
2024.12.26	17:39:29.928		1.25206			4
2024.12.26	17:39:30.240		1.25205			4
2024.12.26	17:39:30.850	1.25202				2
2024.12.26	17:39:31.756		1.25206			4
2024.12.26	17:39:32.058	1.25201	1.25205			6
2024.12.26	17:39:33.275	1.25203				2
2024.12.26	17:39:35.407	1.25202				2
2024.12.26	17:39:36.035	1.25201	1.25204			6
2024.12.26	17:39:38.169	1.25204	1.25207			6
2024.12.26	17:39:38.470	1.25202	1.25205			6
2024.12.26	17:39:38.777	1.25200	1.25203			6
2024.12.26	17:39:39.388	1.25202				2
2024.12.26	17:39:39.691	1.25194	1.25197			6
2024.12.26	17:39:40.304	1.25192	1.25195			6
2024.12.26	17:39:40.611		1.25196			4
2024.12.26	17:39:40.921		1.25195			4
2024.12.26	17:39:43.068	1.25193	1.25196			6
2024.12.26	17:39:43.673	1.25194	1.25197			6
2024.12.26	17:39:45.203	1.25192	1.25195			6
2024.12.26	17:39:45.506	1.25193	1.25196			6
2024.12.26	17:39:45.815		1.25198			4
2024.12.26	17:39:46.118	1.25194				2
2024.12.26	17:39:47.352	1.25188	1.25191			6
2024.12.26	17:39:47.653	1.25192	1.25193			6
2024.12.26	17:39:47.963	1.25193	1.25196			6
2024.12.26	17:39:49.187	1.25192				2
2024.12.26	17:39:51.330	1.25193				2
2024.12.26	17:39:52.858	1.25195	1.25199			6
2024.12.26	17:39:54.395		1.25198			4
2024.12.26	17:39:57.160	1.25194	1.25197			6
2024.12.26	17:39:58.995	1.25191	1.25196			6
2024.12.26	17:39:59.302	1.25192	1.25195			6
2024.12.26	17:39:59.911	1.25191	1.25194			6
2024.12.26	17:40:00.214	1.25189	1.25192			6
2024.12.26	17:40:00.524	1.25185	1.25188			6
2024.12.26	17:40:06.644	1.25184	1.25187			6
2024.12.26	17:40:08.480	1.25185				2
2024.12.26	17:40:08.782		1.25188			4
2024.12.26	17:40:09.091	1.25181	1.25185			6
2024.12.26	17:40:09.394	1.25182				2
2024.12.26	17:40:11.232	1.25186	1.25189			6
2024.12.26	17:40:12.149	1.25185				2
2024.12.26	17:40:12.459	1.25181	1.25185			6
2024.12.26	17:40:12.763	1.25182				2
2024.12.26	17:40:15.218	1.25181				2
2024.12.26	17:40:15.521	1.25182				2
2024.12.26	17:40:16.128	1.25181	1.25184			6
2024.12.26	17:40:16.432	1.25180				2
2024.12.26	17:40:18.883	1.25182	1.25185			6
2024.12.26	17:40:19.191	1.25179				2
2024.12.26	17:40:19.804	1.25182				2
2024.12.26	17:40:21.032	1.25179				2
2024.12.26	17:40:21.338		1.25184			4
2024.12.26	17:40:22.561	1.25182	1.25185			6
2024.12.26	17:40:23.784	1.25181	1.25182			6
2024.12.26	17:40:24.084	1.25182	1.25185			6
2024.12.26	17:40:27.743	1.25181				2
2024.12.26	17:40:28.358	1.25182				2
2024.12.26	17:40:30.196		1.25184			4
2024.12.26	17:40:30.808	1.25180	1.25182			6
2024.12.26	17:40:31.719	1.25181	1.25183			6
2024.12.26	17:40:36.585		1.25182			4
2024.12.26	17:40:38.428	1.25182	1.25184			6
2024.12.26	17:40:41.192	1.25181	1.25183			6
2024.12.26	17:40:42.715	1.25182	1.25184			6
2024.12.26	17:40:43.017	1.25183	1.25185			6
2024.12.26	17:40:43.324	1.25185	1.25187			6
2024.12.26	17:40:44.557	1.25184				2
2024.12.26	17:40:45.923	1.25185	1.25188			6
2024.12.26	17:40:46.842	1.25186				2
2024.12.26	17:40:48.996	1.25185	1.25187			6
2024.12.26	17:40:49.911	1.25183	1.25185			6
2024.12.26	17:40:50.216	1.25185	1.25187			6
2024.12.26	17:40:50.521	1.25186	1.25188			6
2024.12.26	17:40:52.960	1.25187	1.25189			6
2024.12.26	17:40:53.265	1.25191	1.25192			6
2024.12.26	17:40:53.874	1.25188	1.25190			6
2024.12.26	17:40:54.182	1.25187	1.25191			6
2024.12.26	17:40:56.016	1.25188	1.25192			6
2024.12.26	17:40:56.324		1.25191			4
2024.12.26	17:40:58.166	1.25187	1.25190			6
2024.12.26	17:40:58.775	1.25188	1.25191			6
2024.12.26	17:40:59.078	1.25189	1.25192			6
2024.12.26	17:40:59.381	1.25190				2
2024.12.26	17:41:00.293	1.25192	1.25194			6
2024.12.26	17:41:01.212		1.25195			4
2024.12.26	17:41:01.523	1.25194	1.25196			6
2024.12.26	17:41:01.832	1.25190	1.25193			6
2024.12.26	17:41:02.135	1.25191				2
2024.12.26	17:41:03.362	1.25190				2
2024.12.26	17:41:04.279		1.25192			4
2024.12.26	17:41:04.884	1.25189	1.25191			6
2024.12.26	17:41:05.186	1.25190	1.25192			6
2024.12.26	17:41:05.796	1.25189	1.25191			6
2024.12.26	17:41:07.016	1.25188	1.25190			6
2024.12.26	17:41:07.321	1.25187	1.25189			6
2024.12.26	17:41:10.373	1.25184	1.25185			6
2024.12.26	17:41:10.677	1.25182	1.25184			6
2024.12.26	17:41:11.285	1.25183				2
2024.12.26	17:41:11.593	1.25182				2
2024.12.26	17:41:12.506	1.25183	1.25185			6
2024.12.26	17:41:12.808	1.25185	1.25187			6
2024.12.26	17:41:14.644	1.25186	1.25188			6
2024.12.26	17:41:14.948	1.25185	1.25187			6
2024.12.26	17:41:17.721	1.25183	1.25185			6
2024.12.26	17:41:18.652	1.25184	1.25186			6
2024.12.26	17:41:18.956	1.25185	1.25187			6
2024.12.26	17:41:19.567	1.25184	1.25186			6
2024.12.26	17:41:19.869	1.25185	1.25187			6
2024.12.26	17:41:20.786	1.25186				2
2024.12.26	17:41:21.091		1.25188			4
2024.12.26	17:41:21.396	1.25185	1.25187			6
2024.12.26	17:41:22.309		1.25186			4
2024.12.26	17:41:22.615	1.25184				2
2024.12.26	17:41:22.922	1.25186	1.25188			6
2024.12.26	17:41:25.069	1.25185	1.25186			6
2024.12.26	17:41:25.381		1.25187			4
2024.12.26	17:41:28.461	1.25184	1.25186			6
2024.12.26	17:41:29.076	1.25185	1.25187			6
2024.12.26	17:41:34.268	1.25183	1.25185			6
2024.12.26	17:41:34.575	1.25185	1.25187			6
2024.12.26	17:41:35.191	1.25189	1.25191			6
2024.12.26	17:41:35.499	1.25183	1.25185			6
2024.12.26	17:41:35.801	1.25182	1.25184			6
2024.12.26	17:41:36.413	1.25181	1.25183			6
2024.12.26	17:41:37.021	1.25177	1.25178			6
2024.12.26	17:41:37.325	1.25175	1.25177			6
2024.12.26	17:41:40.072	1.25173	1.25175			6
2024.12.26	17:41:40.376	1.25172	1.25174			6
2024.12.26	17:41:47.425	1.25179	1.25181			6
2024.12.26	17:41:47.730	1.25180	1.25182			6
2024.12.26	17:41:48.340	1.25179	1.25185			6
2024.12.26	17:41:48.653	1.25180				2
2024.12.26	17:41:49.262	1.25178	1.25182			6
2024.12.26	17:41:49.562	1.25184	1.25188			6
2024.12.26	17:41:50.484	1.25187				2
2024.12.26	17:41:50.788	1.25194	1.25198			6
2024.12.26	17:41:51.402		1.25197			4
2024.12.26	17:41:52.326		1.25198			4
2024.12.26	17:41:53.549	1.25191	1.25195			6
2024.12.26	17:41:54.476	1.25192				2
2024.12.26	17:41:56.630		1.25196			4
2024.12.26	17:41:57.244		1.25198			4
2024.12.26	17:41:58.479	1.25194				2
2024.12.26	17:41:59.399	1.25193	1.25197			6
2024.12.26	17:41:59.702		1.25196			4
2024.12.26	17:42:00.004	1.25193	1.25197			6
2024.12.26	17:42:00.613	1.25194	1.25198			6
2024.12.26	17:42:00.920	1.25193	1.25197			6
2024.12.26	17:42:03.382	1.25195	1.25198			6
2024.12.26	17:42:04.307	1.25194				2
2024.12.26	17:42:04.921	1.25191	1.25195			6
2024.12.26	17:42:06.157		1.25194			4
2024.12.26	17:42:07.079	1.25188	1.25191			6
2024.12.26	17:42:07.384	1.25191	1.25194			6
2024.12.26	17:42:07.702	1.25189				2
2024.12.26	17:42:08.314	1.25188				2
2024.12.26	17:42:10.263	1.25187	1.25193			6
2024.12.26	17:42:10.571	1.25186	1.25190			6
2024.12.26	17:42:11.188	1.25187	1.25192			6
2024.12.26	17:42:13.037	1.25186	1.25191			6
2024.12.26	17:42:13.959	1.25188	1.25193			6
2024.12.26	17:42:14.261	1.25187				2
2024.12.26	17:42:14.572	1.25186	1.25191			6
2024.12.26	17:42:14.885		1.25192			4
2024.12.26	17:42:17.326	1.25189	1.25193			6
2024.12.26	17:42:17.626	1.25188	1.25191			6
2024.12.26	17:42:17.933	1.25187				2
2024.12.26	17:42:19.473	1.25186	1.25192			6
2024.12.26	17:42:20.395		1.25191			4
2024.12.26	17:42:21.008	1.25187	1.25192			6
2024.12.26	17:42:21.315	1.25193	1.25196			6
2024.12.26	17:42:21.620	1.25192				2
2024.12.26	17:42:23.467	1.25194	1.25199			6
2024.12.26	17:42:23.776	1.25193	1.25198			6
2024.12.26	17:42:25.308	1.25192	1.25197			6
2024.12.26	17:42:25.921	1.25193	1.25198			6
2024.12.26	17:42:27.151	1.25192	1.25196			6
2024.12.26	17:42:27.454	1.25191				2
2024.12.26	17:42:29.915	1.25190	1.25193			6
2024.12.26	17:42:30.531		1.25195			4
2024.12.26	17:42:33.613		1.25194			4
2024.12.26	17:42:36.678	1.25194	1.25197			6
2024.12.26	17:42:40.684	1.25200	1.25202			6
2024.12.26	17:42:40.988	1.25195	1.25197			6
2024.12.26	17:42:41.301	1.25193	1.25196			6
2024.12.26	17:42:41.603		1.25197			4
2024.12.26	17:42:42.222		1.25196			4
2024.12.26	17:42:42.526	1.25194	1.25197			6
2024.12.26	17:42:44.690	1.25195				2
2024.12.26	17:42:45.301	1.25196	1.25198			6
2024.12.26	17:42:45.920	1.25195	1.25197			6
2024.12.26	17:42:46.834	1.25192	1.25195			6
2024.12.26	17:42:48.979	1.25193	1.25196			6
2024.12.26	17:42:49.284	1.25195	1.25198			6
2024.12.26	17:42:49.591	1.25196	1.25199			6
2024.12.26	17:42:51.133	1.25198	1.25201			6
2024.12.26	17:42:52.977	1.25197	1.25200			6
2024.12.26	17:42:53.589	1.25198	1.25201			6
2024.12.26	17:42:54.811	1.25197	1.25203			6
2024.12.26	17:42:55.112	1.25198				2
2024.12.26	17:42:55.730	1.25199	1.25204			6
2024.12.26	17:42:56.035	1.25204	1.25207			6
2024.12.26	17:42:56.344	1.25205	1.25208			6
2024.12.26	17:42:57.263	1.25202	1.25205			6
2024.12.26	17:42:57.566		1.25208			4
2024.12.26	17:42:59.721		1.25205			4
2024.12.26	17:43:00.028	1.25202				2
2024.12.26	17:43:00.943		1.25208			4
2024.12.26	17:43:01.247	1.25205				2
2024.12.26	17:43:02.174	1.25207	1.25212			6
2024.12.26	17:43:02.792		1.25213			4
2024.12.26	17:43:03.100		1.25212			4
2024.12.26	17:43:03.409		1.25211			4
2024.12.26	17:43:04.330	1.25205	1.25207			6
2024.12.26	17:43:04.634	1.25208	1.25212			6
2024.12.26	17:43:04.941	1.25211	1.25214			6
2024.12.26	17:43:05.245	1.25213	1.25216			6
2024.12.26	17:43:07.077	1.25212	1.25215			6
2024.12.26	17:43:07.994	1.25211	1.25214			6
2024.12.26	17:43:10.496	1.25209	1.25212			6
2024.12.26	17:43:10.803	1.25212	1.25214			6
2024.12.26	17:43:11.109	1.25211				2
2024.12.26	17:43:11.725	1.25209	1.25212			6
2024.12.26	17:43:12.026	1.25207	1.25213			6
2024.12.26	17:43:12.653		1.25210			4
2024.12.26	17:43:13.580		1.25213			4
2024.12.26	17:43:13.888		1.25210			4
2024.12.26	17:43:14.197		1.25212			4
2024.12.26	17:43:14.805		1.25211			4
2024.12.26	17:43:15.119		1.25212			4
2024.12.26	17:43:15.734		1.25210			4
2024.12.26	17:43:16.042		1.25211			4
2024.12.26	17:43:17.271	1.25205	1.25208			6
2024.12.26	17:43:20.640	1.25206	1.25209			6
2024.12.26	17:43:22.482	1.25205	1.25208			6
2024.12.26	17:43:25.561	1.25207	1.25210			6
2024.12.26	17:43:25.870	1.25210	1.25213			6
2024.12.26	17:43:26.177	1.25209				2
2024.12.26	17:43:26.487	1.25207				2
2024.12.26	17:43:26.796	1.25212	1.25215			6
2024.12.26	17:43:27.104	1.25211	1.25214			6
2024.12.26	17:43:29.871		1.25215			4
2024.12.26	17:43:31.406	1.25215	1.25218			6
2024.12.26	17:43:32.024		1.25219			4
2024.12.26	17:43:35.101	1.25216				2
2024.12.26	17:43:35.406	1.25211	1.25217			6
2024.12.26	17:43:36.018	1.25212	1.25215			6
2024.12.26	17:43:36.327	1.25211	1.25213			6
2024.12.26	17:43:37.553		1.25212			4
2024.12.26	17:43:39.397		1.25214			4
2024.12.26	17:43:39.699		1.25213			4
2024.12.26	17:43:41.237		1.25214			4
2024.12.26	17:43:42.154		1.25213			4
2024.12.26	17:43:45.490		1.25212			4
2024.12.26	17:43:45.797		1.25213			4
2024.12.26	17:43:46.409		1.25214			4
2024.12.26	17:43:46.715	1.25212				2
2024.12.26	17:43:47.329	1.25213				2
2024.12.26	17:43:50.369		1.25215			4
2024.12.26	17:43:50.979	1.25216	1.25218			6
2024.12.26	17:43:51.884	1.25215	1.25217			6
2024.12.26	17:43:54.025	1.25214	1.25216			6
2024.12.26	17:43:54.328	1.25213	1.25215			6
2024.12.26	17:43:55.246	1.25212	1.25214			6
2024.12.26	17:43:55.556	1.25213	1.25215			6
2024.12.26	17:44:00.146	1.25213				2
2024.12.26	17:44:00.454	1.25215	1.25217			6
2024.12.26	17:44:02.277	1.25216	1.25218			6
2024.12.26	17:44:04.415	1.25215	1.25217			6
2024.12.26	17:44:10.533	1.25214	1.25216			6
2024.12.26	17:44:10.837	1.25215	1.25217			6
2024.12.26	17:44:11.441	1.25213	1.25215			6
2024.12.26	17:44:11.746	1.25212	1.25214			6
2024.12.26	17:44:13.283	1.25213	1.25215			6
2024.12.26	17:44:14.498	1.25214				2
2024.12.26	17:44:14.800	1.25213				2
2024.12.26	17:44:20.005	1.25214	1.25216			6
2024.12.26	17:44:20.624	1.25215	1.25217			6
2024.12.26	17:44:21.234	1.25214	1.25216			6
2024.12.26	17:44:23.075	1.25215	1.25217			6
2024.12.26	17:44:23.686	1.25214	1.25216			6
2024.12.26	17:44:23.987	1.25215	1.25217			6
2024.12.26	17:44:24.901	1.25216	1.25218			6
2024.12.26	17:44:25.203	1.25217	1.25219			6
2024.12.26	17:44:25.812	1.25216	1.25218			6
2024.12.26	17:44:27.044	1.25215	1.25217			6
2024.12.26	17:44:27.347	1.25216	1.25218			6
2024.12.26	17:44:27.958	1.25215	1.25217			6
2024.12.26	17:44:29.486	1.25216	1.25218			6
2024.12.26	17:44:30.093	1.25215	1.25217			6
2024.12.26	17:44:31.617	1.25216	1.25218			6
2024.12.26	17:44:32.223	1.25215	1.25217			6
2024.12.26	17:44:33.762	1.25216	1.25218			6
2024.12.26	17:44:34.377	1.25215	1.25217			6
2024.12.26	17:44:35.902	1.25216	1.25218			6
2024.12.26	17:44:36.509	1.25215	1.25217			6
2024.12.26	17:44:37.121	1.25216	1.25218			6
2024.12.26	17:44:38.339	1.25217				2
2024.12.26	17:44:38.642	1.25216				2
2024.12.26	17:44:40.157	1.25217				2
2024.12.26	17:44:42.898	1.25216				2
2024.12.26	17:44:47.163	1.25220	1.25221			6
2024.12.26	17:44:47.468		1.25222			4
2024.12.26	17:44:48.691	1.25219	1.25221			6
2024.12.26	17:44:48.995	1.25220	1.25222			6
2024.12.26	17:44:49.910	1.25221				2
2024.12.26	17:44:51.133	1.25220				2
2024.12.26	17:44:52.354	1.25218	1.25220			6
2024.12.26	17:44:53.276	1.25220	1.25222			6
2024.12.26	17:44:54.193	1.25222	1.25223			6
2024.12.26	17:44:54.495	1.25220	1.25222			6
2024.12.26	17:44:54.808	1.25214	1.25216			6
2024.12.26	17:44:56.327	1.25213	1.25215			6
2024.12.26	17:45:00.008	1.25213				2
2024.12.26	17:45:00.927	1.25212	1.25214			6
2024.12.26	17:45:01.234	1.25213	1.25215			6
2024.12.26	17:45:02.141	1.25216	1.25218			6
2024.12.26	17:45:02.446	1.25214	1.25216			6
2024.12.26	17:45:02.756		1.25215			4
2024.12.26	17:45:03.062	1.25213				2
2024.12.26	17:45:03.367	1.25212	1.25214			6
2024.12.26	17:45:04.588		1.25213			4
2024.12.26	17:45:05.500	1.25211				2
2024.12.26	17:45:07.323	1.25207	1.25208			6
2024.12.26	17:45:07.929	1.25203	1.25204			6
2024.12.26	17:45:08.232	1.25195	1.25196			6
2024.12.26	17:45:08.550	1.25192	1.25193			6
2024.12.26	17:45:09.778	1.25196	1.25197			6
2024.12.26	17:45:10.700	1.25195	1.25196			6
2024.12.26	17:45:11.618	1.25202	1.25203			6
2024.12.26	17:45:14.379	1.25201	1.25202			6
2024.12.26	17:45:15.904		1.25203			4
2024.12.26	17:45:18.666	1.25202				2
2024.12.26	17:45:18.975	1.25203	1.25204			6
2024.12.26	17:45:21.736	1.25209	1.25212			6
2024.12.26	17:45:22.042	1.25210				2
2024.12.26	17:45:22.661	1.25209	1.25211			6
2024.12.26	17:45:22.966	1.25206	1.25207			6
2024.12.26	17:45:23.282	1.25207	1.25208			6
2024.12.26	17:45:24.195	1.25205	1.25206			6
2024.12.26	17:45:24.504	1.25204				2
2024.12.26	17:45:26.968	1.25206	1.25207			6
2024.12.26	17:45:28.195	1.25207	1.25208			6
2024.12.26	17:45:28.814		1.25209			4
2024.12.26	17:45:29.119		1.25210			4
2024.12.26	17:45:29.426		1.25208			4
2024.12.26	17:45:30.654		1.25209			4
2024.12.26	17:45:31.264	1.25209	1.25211			6
2024.12.26	17:45:32.493	1.25205	1.25206			6
2024.12.26	17:45:35.863	1.25207	1.25208			6
2024.12.26	17:45:36.480	1.25201	1.25203			6
2024.12.26	17:45:37.400	1.25195	1.25197			6
2024.12.26	17:45:38.317	1.25194	1.25196			6
2024.12.26	17:45:39.236	1.25195				2
2024.12.26	17:45:40.158	1.25192	1.25194			6
2024.12.26	17:45:40.466	1.25202	1.25203			6
2024.12.26	17:45:40.771	1.25205	1.25206			6
2024.12.26	17:45:41.079		1.25207			4
2024.12.26	17:45:49.367	1.25204				2
2024.12.26	17:45:49.671	1.25202	1.25204			6
2024.12.26	17:45:52.125	1.25206	1.25207			6
2024.12.26	17:45:54.890	1.25205	1.25206			6
2024.12.26	17:46:00.133	1.25205				2
2024.12.26	17:46:00.442	1.25206	1.25207			6
2024.12.26	17:46:00.750	1.25209	1.25210			6
2024.12.26	17:46:01.058	1.25205	1.25207			6
2024.12.26	17:46:03.207		1.25208			4
2024.12.26	17:46:04.753	1.25206				2
2024.12.26	17:46:05.054	1.25205	1.25206			6
2024.12.26	17:46:09.369	1.25204				2
2024.12.26	17:46:09.678	1.25203	1.25204			6
2024.12.26	17:46:09.991	1.25202				2
2024.12.26	17:46:10.292	1.25201	1.25203			6
2024.12.26	17:46:10.599	1.25200				2
2024.12.26	17:46:10.906	1.25201				2
2024.12.26	17:46:13.062	1.25200	1.25202			6
2024.12.26	17:46:14.594	1.25190	1.25193			6
2024.12.26	17:46:15.214		1.25192			4
2024.12.26	17:46:15.522		1.25193			4
2024.12.26	17:46:15.823	1.25192				2
2024.12.26	17:46:16.443	1.25193	1.25194			6
2024.12.26	17:46:16.749	1.25191	1.25193			6
2024.12.26	17:46:18.591	1.25189	1.25192			6
2024.12.26	17:46:18.897	1.25192	1.25194			6
2024.12.26	17:46:19.206	1.25194	1.25195			6
2024.12.26	17:46:19.515	1.25195	1.25198			6
2024.12.26	17:46:20.125	1.25192	1.25194			6
2024.12.26	17:46:20.742		1.25195			4
2024.12.26	17:46:22.882	1.25185	1.25187			6
2024.12.26	17:46:25.029	1.25186	1.25188			6
2024.12.26	17:46:25.336	1.25185	1.25187			6
2024.12.26	17:46:25.951	1.25187	1.25188			6
2024.12.26	17:46:27.794	1.25185				2
2024.12.26	17:46:28.099	1.25182	1.25185			6
2024.12.26	17:46:28.719		1.25184			4
2024.12.26	17:46:29.026	1.25181				2
2024.12.26	17:46:30.254		1.25183			4
2024.12.26	17:46:33.328	1.25180				2
2024.12.26	17:46:36.107	1.25181				2
2024.12.26	17:46:37.026	1.25176	1.25178			6
2024.12.26	17:46:38.258	1.25181	1.25183			6
2024.12.26	17:46:41.634		1.25184			4
2024.12.26	17:46:43.489		1.25183			4
2024.12.26	17:46:45.637		1.25184			4
2024.12.26	17:46:46.562		1.25183			4
2024.12.26	17:46:47.486	1.25182				2
2024.12.26	17:46:48.101	1.25185	1.25186			6
2024.12.26	17:46:48.410		1.25187			4
2024.12.26	17:46:48.716	1.25184	1.25186			6
2024.12.26	17:46:50.257	1.25182	1.25185			6
2024.12.26	17:46:53.955		1.25183			4
2024.12.26	17:46:54.266	1.25181				2
2024.12.26	17:46:55.492	1.25176	1.25179			6
2024.12.26	17:46:55.801	1.25175	1.25178			6
2024.12.26	17:46:56.106	1.25176				2
2024.12.26	17:46:57.026	1.25175				2
2024.12.26	17:46:57.335	1.25176				2
2024.12.26	17:46:58.247	1.25178	1.25180			6
2024.12.26	17:46:58.549	1.25176	1.25179			6
2024.12.26	17:46:59.161	1.25181	1.25183			6
2024.12.26	17:46:59.773	1.25180				2
2024.12.26	17:47:00.086	1.25181				2
2024.12.26	17:47:00.394	1.25182				2
2024.12.26	17:47:01.625	1.25181				2
2024.12.26	17:47:03.466	1.25179				2
2024.12.26	17:47:03.771	1.25180				2
2024.12.26	17:47:04.079	1.25181				2
2024.12.26	17:47:05.307	1.25180				2
2024.12.26	17:47:05.613	1.25181				2
2024.12.26	17:47:06.223	1.25178	1.25181			6
2024.12.26	17:47:06.525	1.25177	1.25179			6
2024.12.26	17:47:06.826		1.25180			4
2024.12.26	17:47:07.134	1.25176	1.25179			6
2024.12.26	17:47:07.446	1.25175	1.25178			6
2024.12.26	17:47:09.286	1.25176	1.25181			6
2024.12.26	17:47:10.216		1.25179			4
2024.12.26	17:47:12.062	1.25179	1.25180			6
2024.12.26	17:47:12.680	1.25180	1.25181			6
2024.12.26	17:47:12.986	1.25181	1.25182			6
2024.12.26	17:47:18.217	1.25183	1.25184			6
2024.12.26	17:47:19.752	1.25182	1.25183			6
2024.12.26	17:47:22.834	1.25177	1.25178			6
2024.12.26	17:47:23.136	1.25175	1.25177			6
2024.12.26	17:47:23.440	1.25174				2
2024.12.26	17:47:26.514	1.25175				2
2024.12.26	17:47:27.126	1.25174				2
2024.12.26	17:47:27.736	1.25173	1.25175			6
2024.12.26	17:47:28.039	1.25170	1.25173			6
2024.12.26	17:47:28.340		1.25172			4
2024.12.26	17:47:28.645	1.25171	1.25173			6
2024.12.26	17:47:28.948		1.25172			4
2024.12.26	17:47:29.252	1.25172	1.25173			6
2024.12.26	17:47:29.561	1.25177	1.25178			6
2024.12.26	17:47:29.870	1.25179	1.25180			6
2024.12.26	17:47:30.175	1.25180	1.25183			6
2024.12.26	17:47:30.534	1.25172	1.25177			6
2024.12.26	17:47:30.845	1.25171	1.25175			6
2024.12.26	17:47:31.151		1.25174			4
2024.12.26	17:47:34.220		1.25173			4
2024.12.26	17:47:39.122	1.25173	1.25175			6
2024.12.26	17:47:39.424	1.25172	1.25174			6
2024.12.26	17:47:39.736		1.25173			4
2024.12.26	17:47:40.350	1.25171				2
2024.12.26	17:47:41.273	1.25170				2
2024.12.26	17:47:41.580		1.25172			4
2024.12.26	17:47:42.198		1.25171			4
2024.12.26	17:47:42.504	1.25171	1.25172			6
2024.12.26	17:47:42.806		1.25173			4
2024.12.26	17:47:44.352	1.25170	1.25171			6
2024.12.26	17:47:44.654	1.25171	1.25173			6
2024.12.26	17:47:44.964		1.25174			4
2024.12.26	17:47:45.275	1.25172				2
2024.12.26	17:47:46.197	1.25173				2
2024.12.26	17:47:46.509	1.25171				2
2024.12.26	17:47:46.813	1.25173				2
2024.12.26	17:47:49.277	1.25172				2
2024.12.26	17:47:50.814	1.25171				2
2024.12.26	17:47:51.733	1.25172				2
2024.12.26	17:47:53.879	1.25169	1.25172			6
2024.12.26	17:47:55.724	1.25172	1.25173			6
2024.12.26	17:47:58.191	1.25171	1.25174			6
2024.12.26	17:47:58.803	1.25172				2
2024.12.26	17:47:59.109	1.25171				2
2024.12.26	17:47:59.721		1.25173			4
2024.12.26	17:48:00.029	1.25171				2
2024.12.26	17:48:00.337		1.25174			4
2024.12.26	17:48:00.645	1.25173				2
2024.12.26	17:48:00.953	1.25177	1.25178			6
2024.12.26	17:48:01.260	1.25183	1.25184			6
2024.12.26	17:48:01.564	1.25182				2
2024.12.26	17:48:04.958	1.25183				2
2024.12.26	17:48:05.881	1.25185	1.25186			6
2024.12.26	17:48:06.183	1.25182	1.25184			6
2024.12.26	17:48:06.498	1.25181				2
2024.12.26	17:48:07.110	1.25174	1.25177			6
2024.12.26	17:48:08.035	1.25176				2
2024.12.26	17:48:08.957	1.25181	1.25182			6
2024.12.26	17:48:09.569	1.25178	1.25181			6
2024.12.26	17:48:09.881	1.25177	1.25180			6
2024.12.26	17:48:10.486	1.25176	1.25178			6
2024.12.26	17:48:10.805	1.25177	1.25179			6
2024.12.26	17:48:11.109	1.25176				2
2024.12.26	17:48:12.652	1.25173	1.25176			6
2024.12.26	17:48:14.183	1.25174				2
2024.12.26	17:48:15.115	1.25175	1.25177			6
2024.12.26	17:48:15.422	1.25181	1.25183			6
2024.12.26	17:48:17.577	1.25180				2
2024.12.26	17:48:18.498	1.25181				2
2024.12.26	17:48:19.419	1.25180				2
2024.12.26	17:48:21.866	1.25181	1.25184			6
2024.12.26	17:48:22.167	1.25183				2
2024.12.26	17:48:22.476	1.25182				2
2024.12.26	17:48:24.333	1.25180	1.25183			6
2024.12.26	17:48:27.409	1.25181				2
2024.12.26	17:48:29.565	1.25182				2
2024.12.26	17:48:32.027	1.25181				2
2024.12.26	17:48:32.333	1.25183	1.25184			6
2024.12.26	17:48:32.637	1.25184	1.25187			6
2024.12.26	17:48:35.702	1.25183				2
2024.12.26	17:48:36.005	1.25181	1.25186			6
2024.12.26	17:48:37.543	1.25179	1.25184			6
2024.12.26	17:48:38.766	1.25181	1.25185			6
2024.12.26	17:48:39.675	1.25180				2
2024.12.26	17:48:40.287	1.25181	1.25184			6
2024.12.26	17:48:40.594	1.25180				2
2024.12.26	17:48:42.737	1.25181				2
2024.12.26	17:48:43.044	1.25179				2
2024.12.26	17:48:43.962	1.25180				2
2024.12.26	17:48:47.015	1.25181				2
2024.12.26	17:48:55.280		1.25183			4
2024.12.26	17:48:57.728	1.25183	1.25186			6
2024.12.26	17:48:58.030	1.25181	1.25184			6
2024.12.26	17:48:58.334		1.25183			4
2024.12.26	17:48:58.939	1.25183	1.25185			6
2024.12.26	17:48:59.243	1.25184	1.25186			6
2024.12.26	17:48:59.553	1.25189	1.25190			6
2024.12.26	17:48:59.861	1.25191	1.25192			6
2024.12.26	17:49:00.166	1.25191				2
2024.12.26	17:49:01.085		1.25195			4
2024.12.26	17:49:01.696	1.25190				2
2024.12.26	17:49:02.004	1.25183	1.25186			6
2024.12.26	17:49:02.309	1.25182				2
2024.12.26	17:49:04.754	1.25183	1.25187			6
2024.12.26	17:49:05.060	1.25184	1.25189			6
2024.12.26	17:49:05.975	1.25185				2
2024.12.26	17:49:07.202	1.25183	1.25187			6
2024.12.26	17:49:07.506	1.25184	1.25188			6
2024.12.26	17:49:08.727	1.25183	1.25187			6
2024.12.26	17:49:09.037	1.25184	1.25188			6
2024.12.26	17:49:09.979	1.25183	1.25187			6
2024.12.26	17:49:10.284		1.25186			4
2024.12.26	17:49:10.589		1.25187			4
2024.12.26	17:49:10.901		1.25188			4
2024.12.26	17:49:11.207	1.25184	1.25187			6
2024.12.26	17:49:11.511		1.25188			4
2024.12.26	17:49:12.426	1.25185	1.25189			6
2024.12.26	17:49:19.462	1.25186	1.25190			6
2024.12.26	17:49:20.382	1.25187	1.25191			6
2024.12.26	17:49:20.689	1.25191	1.25193			6
2024.12.26	17:49:20.995	1.25189				2
2024.12.26	17:49:21.300	1.25190	1.25194			6
2024.12.26	17:49:21.605	1.25182	1.25187			6
2024.12.26	17:49:22.212	1.25180	1.25185			6
2024.12.26	17:49:22.523		1.25184			4
2024.12.26	17:49:22.833	1.25191	1.25194			6
2024.12.26	17:49:23.138		1.25195			4
2024.12.26	17:49:23.751	1.25192	1.25196			6
2024.12.26	17:49:24.670	1.25191	1.25195			6
2024.12.26	17:49:25.283	1.25192				2
2024.12.26	17:49:25.890		1.25196			4
2024.12.26	17:49:26.502		1.25195			4
2024.12.26	17:49:26.808		1.25196			4
2024.12.26	17:49:27.728	1.25201	1.25205			6
2024.12.26	17:49:28.034	1.25202				2
2024.12.26	17:49:28.646	1.25194	1.25198			6
2024.12.26	17:49:28.948		1.25197			4
2024.12.26	17:49:29.561	1.25191	1.25195			6
2024.12.26	17:49:29.863		1.25194			4
2024.12.26	17:49:30.788	1.25194	1.25197			6
2024.12.26	17:49:31.394	1.25193				2
2024.12.26	17:49:31.712	1.25194				2
2024.12.26	17:49:32.018	1.25193				2
2024.12.26	17:49:33.558	1.25192	1.25195			6
2024.12.26	17:49:33.866		1.25196			4
2024.12.26	17:49:34.785	1.25196	1.25199			6
2024.12.26	17:49:35.096	1.25198				2
2024.12.26	17:49:35.402	1.25196				2
2024.12.26	17:49:37.860	1.25197				2
2024.12.26	17:49:39.083	1.25196				2
2024.12.26	17:49:39.705	1.25201	1.25204			6
2024.12.26	17:49:40.011	1.25196	1.25199			6
2024.12.26	17:49:42.778		1.25200			4
2024.12.26	17:49:43.697	1.25202	1.25204			6
2024.12.26	17:49:43.999		1.25205			4
2024.12.26	17:49:45.847	1.25201				2
2024.12.26	17:49:46.152	1.25202				2
2024.12.26	17:49:46.460	1.25201				2
2024.12.26	17:49:50.464	1.25200	1.25204			6
2024.12.26	17:49:51.700	1.25201				2
2024.12.26	17:49:52.317		1.25205			4
2024.12.26	17:49:53.859		1.25204			4
2024.12.26	17:49:54.166	1.25200	1.25203			6
2024.12.26	17:49:55.084	1.25201	1.25205			6
2024.12.26	17:49:56.014		1.25204			4
2024.12.26	17:49:56.628	1.25200				2
2024.12.26	17:49:56.933	1.25201				2
2024.12.26	17:49:57.857	1.25199	1.25202			6
2024.12.26	17:49:58.166	1.25198	1.25201			6
2024.12.26	17:49:58.475		1.25202			4
2024.12.26	17:49:58.780	1.25199	1.25203			6
2024.12.26	17:50:00.015	1.25200	1.25204			6
2024.12.26	17:50:00.634		1.25203			4
2024.12.26	17:50:01.556	1.25198	1.25199			6
2024.12.26	17:50:01.864	1.25192	1.25194			6
2024.12.26	17:50:02.173	1.25194	1.25196			6
2024.12.26	17:50:02.481	1.25196	1.25200			6
2024.12.26	17:50:03.099	1.25200	1.25203			6
2024.12.26	17:50:04.953	1.25196	1.25200			6
2024.12.26	17:50:05.262	1.25197				2
2024.12.26	17:50:06.798	1.25196	1.25201			6
2024.12.26	17:50:07.416	1.25201	1.25204			6
2024.12.26	17:50:08.033	1.25202				2
2024.12.26	17:50:09.262	1.25201				2
2024.12.26	17:50:09.878	1.25205	1.25208			6
2024.12.26	17:50:10.495	1.25204				2
2024.12.26	17:50:11.723	1.25205	1.25209			6
2024.12.26	17:50:12.031	1.25206				2
2024.12.26	17:50:13.881	1.25207	1.25210			6
2024.12.26	17:50:14.501	1.25206				2
2024.12.26	17:50:14.806		1.25209			4
2024.12.26	17:50:17.275	1.25201	1.25205			6
2024.12.26	17:50:17.578	1.25202				2
2024.12.26	17:50:18.204	1.25200	1.25203			6
2024.12.26	17:50:18.510	1.25199				2
2024.12.26	17:50:18.818	1.25200				2
2024.12.26	17:50:20.052		1.25204			4
2024.12.26	17:50:20.659		1.25203			4
2024.12.26	17:50:22.509	1.25199	1.25202			6
2024.12.26	17:50:22.817	1.25200	1.25203			6
2024.12.26	17:50:24.660	1.25199				2
2024.12.26	17:50:25.277	1.25200				2
2024.12.26	17:50:26.197	1.25199				2
2024.12.26	17:50:26.814	1.25200				2
2024.12.26	17:50:27.122	1.25199				2
2024.12.26	17:50:27.738		1.25202			4
2024.12.26	17:50:29.277	1.25197	1.25201			6
2024.12.26	17:50:29.585	1.25194	1.25197			6
2024.12.26	17:50:30.205	1.25193				2
2024.12.26	17:50:30.512	1.25191	1.25196			6
2024.12.26	17:50:31.434	1.25194	1.25197			6
2024.12.26	17:50:32.359	1.25200	1.25204			6
2024.12.26	17:50:32.665		1.25203			4
2024.12.26	17:50:32.973	1.25199				2
2024.12.26	17:50:33.281	1.25195	1.25197			6
2024.12.26	17:50:33.585	1.25190	1.25193			6
2024.12.26	17:50:34.512	1.25191	1.25194			6
2024.12.26	17:50:34.814	1.25192	1.25195			6
2024.12.26	17:50:36.358		1.25196			4
2024.12.26	17:50:36.659	1.25194	1.25197			6
2024.12.26	17:50:36.967	1.25199	1.25203			6
2024.12.26	17:50:37.276		1.25202			4
2024.12.26	17:50:40.663	1.25196	1.25199			6
2024.12.26	17:50:40.965	1.25191	1.25197			6
2024.12.26	17:50:41.583	1.25190	1.25194			6
2024.12.26	17:50:45.895	1.25191				2
2024.12.26	17:50:51.439	1.25190				2
2024.12.26	17:50:51.744	1.25191				2
2024.12.26	17:50:52.365	1.25192	1.25195			6
2024.12.26	17:50:53.603	1.25191	1.25194			6
2024.12.26	17:50:54.524	1.25192	1.25195			6
2024.12.26	17:50:55.140	1.25193	1.25196			6
2024.12.26	17:50:55.444	1.25191	1.25194			6
2024.12.26	17:50:56.064	1.25190				2
2024.12.26	17:50:56.987	1.25191	1.25195			6
2024.12.26	17:50:58.528	1.25192				2
2024.12.26	17:50:58.842	1.25191	1.25194			6
2024.12.26	17:50:59.449	1.25190				2
2024.12.26	17:50:59.753	1.25191				2
2024.12.26	17:51:00.075	1.25190				2
2024.12.26	17:51:00.381		1.25193			4
2024.12.26	17:51:00.686	1.25189	1.25191			6
2024.12.26	17:51:00.994	1.25190	1.25194			6
2024.12.26	17:51:01.302	1.25189	1.25192			6
2024.12.26	17:51:01.609	1.25190	1.25194			6
2024.12.26	17:51:02.533		1.25193			4
2024.12.26	17:51:02.842	1.25193	1.25195			6
2024.12.26	17:51:03.146	1.25194	1.25197			6
2024.12.26	17:51:05.000	1.25195	1.25198			6
2024.12.26	17:51:05.613	1.25194	1.25197			6
2024.12.26	17:51:05.917	1.25192	1.25195			6
2024.12.26	17:51:06.224	1.25190	1.25194			6
2024.12.26	17:51:07.778	1.25191				2
2024.12.26	17:51:08.085		1.25195			4
2024.12.26	17:51:08.385	1.25190	1.25193			6
2024.12.26	17:51:09.012	1.25191	1.25194			6
2024.12.26	17:51:09.937	1.25190				2
2024.12.26	17:51:14.561		1.25193			4
2024.12.26	17:51:16.105	1.25186	1.25187			6
2024.12.26	17:51:16.409	1.25182	1.25184			6
2024.12.26	17:51:16.713	1.25184	1.25187			6
2024.12.26	17:51:17.328	1.25187	1.25189			6
2024.12.26	17:51:18.561	1.25186	1.25190			6
2024.12.26	17:51:19.184		1.25189			4
2024.12.26	17:51:20.104	1.25189	1.25192			6
2024.12.26	17:51:20.408	1.25192	1.25194			6
2024.12.26	17:51:20.720		1.25195			4
2024.12.26	17:51:21.029	1.25191				2
2024.12.26	17:51:21.339		1.25194			4
2024.12.26	17:51:21.957		1.25195			4
2024.12.26	17:51:22.266		1.25194			4
2024.12.26	17:51:22.571	1.25192	1.25195			6
2024.12.26	17:51:23.188	1.25190	1.25193			6
2024.12.26	17:51:23.496	1.25189	1.25192			6
2024.12.26	17:51:23.802	1.25190	1.25194			6
2024.12.26	17:51:24.418		1.25193			4
2024.12.26	17:51:24.725	1.25188	1.25192			6
2024.12.26	17:51:25.341	1.25190	1.25194			6
2024.12.26	17:51:25.642	1.25191				2
2024.12.26	17:51:27.800		1.25195			4
2024.12.26	17:51:28.415		1.25194			4
2024.12.26	17:51:32.115	1.25192	1.25195			6
2024.12.26	17:51:37.015	1.25191	1.25194			6
2024.12.26	17:51:38.549		1.25195			4
2024.12.26	17:51:39.461		1.25194			4
2024.12.26	17:51:40.379		1.25193			4
2024.12.26	17:51:40.995	1.25189				2
2024.12.26	17:51:41.610	1.25192	1.25194			6
2024.12.26	17:51:41.917	1.25191				2
2024.12.26	17:51:42.220		1.25193			4
2024.12.26	17:51:42.529		1.25194			4
2024.12.26	17:51:44.058		1.25193			4
2024.12.26	17:51:44.370	1.25190	1.25192			6
2024.12.26	17:51:44.979	1.25191				2
2024.12.26	17:51:45.279	1.25190	1.25193			6
2024.12.26	17:51:45.583	1.25189	1.25192			6
2024.12.26	17:51:46.806	1.25191	1.25193			6
2024.12.26	17:51:48.025	1.25190				2
2024.12.26	17:51:48.334	1.25191				2
2024.12.26	17:51:49.855	1.25185	1.25187			6
2024.12.26	17:51:50.170	1.25184				2
2024.12.26	17:51:50.476	1.25185	1.25188			6
2024.12.26	17:51:51.080	1.25184				2
2024.12.26	17:51:51.382	1.25185				2
2024.12.26	17:51:52.608	1.25184				2
2024.12.26	17:51:54.133	1.25185				2
2024.12.26	17:51:54.736	1.25184	1.25187			6
2024.12.26	17:51:58.103	1.25183	1.25186			6
2024.12.26	17:51:59.025	1.25180	1.25183			6
2024.12.26	17:51:59.329	1.25181	1.25184			6
2024.12.26	17:51:59.947	1.25180	1.25183			6
2024.12.26	17:52:00.249	1.25181				2
2024.12.26	17:52:00.556	1.25182	1.25184			6
2024.12.26	17:52:00.862	1.25183	1.25185			6
2024.12.26	17:52:01.166	1.25182				2
2024.12.26	17:52:01.473	1.25183				2
2024.12.26	17:52:02.079	1.25181	1.25184			6
2024.12.26	17:52:02.392	1.25182				2
2024.12.26	17:52:02.697		1.25185			4
2024.12.26	17:52:04.227		1.25184			4
2024.12.26	17:52:06.065	1.25185	1.25187			6
2024.12.26	17:52:06.368		1.25188			4
2024.12.26	17:52:06.669		1.25187			4
2024.12.26	17:52:07.280	1.25186				2
2024.12.26	17:52:07.583		1.25188			4
2024.12.26	17:52:08.506		1.25187			4
2024.12.26	17:52:08.807		1.25188			4
2024.12.26	17:52:09.420		1.25187			4
2024.12.26	17:52:09.731		1.25188			4
2024.12.26	17:52:10.644	1.25183	1.25185			6
2024.12.26	17:52:10.950	1.25179	1.25180			6
2024.12.26	17:52:11.257		1.25181			4
2024.12.26	17:52:11.559	1.25181	1.25184			6
2024.12.26	17:52:11.864		1.25183			4
2024.12.26	17:52:12.474	1.25179	1.25181			6
2024.12.26	17:52:12.776	1.25178				2
2024.12.26	17:52:13.081	1.25179	1.25182			6
2024.12.26	17:52:13.382	1.25178	1.25181			6
2024.12.26	17:52:16.456	1.25179	1.25182			6
2024.12.26	17:52:16.764		1.25181			4
2024.12.26	17:52:17.380	1.25176	1.25179			6
2024.12.26	17:52:17.688	1.25174	1.25177			6
2024.12.26	17:52:17.992	1.25175	1.25178			6
2024.12.26	17:52:20.448	1.25174	1.25176			6
2024.12.26	17:52:21.061		1.25178			4
2024.12.26	17:52:21.669	1.25175				2
2024.12.26	17:52:24.721	1.25173	1.25176			6
2024.12.26	17:52:25.025	1.25171	1.25174			6
2024.12.26	17:52:27.474	1.25170	1.25173			6
2024.12.26	17:52:30.838		1.25172			4
2024.12.26	17:52:31.144		1.25173			4
2024.12.26	17:52:31.448	1.25171	1.25174			6
2024.12.26	17:52:32.059	1.25170	1.25173			6
2024.12.26	17:52:32.977	1.25171				2
2024.12.26	17:52:33.282		1.25174			4
2024.12.26	17:52:34.196		1.25173			4
2024.12.26	17:52:35.122		1.25174			4
2024.12.26	17:52:36.039	1.25173	1.25176			6
2024.12.26	17:52:36.343	1.25175	1.25177			6
2024.12.26	17:52:36.648	1.25173	1.25176			6
2024.12.26	17:52:36.954	1.25174	1.25177			6
2024.12.26	17:52:37.256	1.25173	1.25175			6
2024.12.26	17:52:37.572		1.25176			4
2024.12.26	17:52:39.101	1.25174	1.25177			6
2024.12.26	17:52:39.709		1.25176			4
2024.12.26	17:52:40.017	1.25173				2
2024.12.26	17:52:40.321	1.25174	1.25175			6
2024.12.26	17:52:40.623	1.25173				2
2024.12.26	17:52:40.927		1.25176			4
2024.12.26	17:52:41.240	1.25176	1.25177			6
2024.12.26	17:52:41.541	1.25175				2
2024.12.26	17:52:42.162		1.25176			4
2024.12.26	17:52:42.469	1.25173	1.25175			6
2024.12.26	17:52:42.772	1.25172	1.25174			6
2024.12.26	17:52:43.079	1.25173	1.25175			6
2024.12.26	17:52:43.390	1.25172	1.25174			6
2024.12.26	17:52:43.700	1.25173	1.25175			6
2024.12.26	17:52:44.004	1.25172	1.25174			6
2024.12.26	17:52:44.313		1.25175			4
2024.12.26	17:52:45.226		1.25173			4
2024.12.26	17:52:45.841		1.25174			4
2024.12.26	17:52:46.146	1.25173	1.25175			6
2024.12.26	17:52:47.365	1.25172	1.25174			6
2024.12.26	17:52:47.675	1.25173	1.25175			6
2024.12.26	17:52:48.585	1.25175	1.25176			6
2024.12.26	17:52:48.890	1.25176	1.25177			6
2024.12.26	17:52:49.196	1.25175				2
2024.12.26	17:52:49.817	1.25176				2
2024.12.26	17:52:50.120	1.25175				2
2024.12.26	17:52:50.426	1.25176				2
2024.12.26	17:52:51.649	1.25175				2
2024.12.26	17:52:52.257	1.25176				2
2024.12.26	17:52:53.480	1.25175				2
2024.12.26	17:52:54.087	1.25173	1.25175			6
2024.12.26	17:52:55.910	1.25172	1.25174			6
2024.12.26	17:52:56.829	1.25171	1.25173			6
2024.12.26	17:52:58.052	1.25170	1.25172			6
2024.12.26	17:52:58.664	1.25171	1.25173			6
2024.12.26	17:53:00.188	1.25171				2
2024.12.26	17:53:02.020	1.25163	1.25165			6
2024.12.26	17:53:02.631	1.25164	1.25166			6
2024.12.26	17:53:02.941	1.25165	1.25167			6
2024.12.26	17:53:03.243	1.25162	1.25164			6
2024.12.26	17:53:03.863	1.25160	1.25163			6
2024.12.26	17:53:04.171	1.25161	1.25164			6
2024.12.26	17:53:04.480	1.25162				2
2024.12.26	17:53:05.399		1.25165			4
2024.12.26	17:53:05.713	1.25161	1.25164			6
2024.12.26	17:53:06.331	1.25162				2
2024.12.26	17:53:07.562		1.25165			4
2024.12.26	17:53:07.871		1.25164			4
2024.12.26	17:53:08.181	1.25161				2
2024.12.26	17:53:08.793	1.25162				2
2024.12.26	17:53:09.409		1.25165			4
2024.12.26	17:53:09.716		1.25164			4
2024.12.26	17:53:10.653		1.25165			4
2024.12.26	17:53:14.311	1.25163				2
2024.12.26	17:53:15.227	1.25162	1.25164			6
2024.12.26	17:53:15.832	1.25163	1.25165			6
2024.12.26	17:53:16.739	1.25156	1.25157			6
2024.12.26	17:53:17.050	1.25155				2
2024.12.26	17:53:17.356	1.25157	1.25158			6
2024.12.26	17:53:17.669	1.25156				2
2024.12.26	17:53:18.275	1.25158	1.25160			6
2024.12.26	17:53:18.582	1.25156	1.25159			6
2024.12.26	17:53:22.275		1.25158			4
2024.12.26	17:53:22.577		1.25159			4
2024.12.26	17:53:23.196	1.25155	1.25158			6
2024.12.26	17:53:24.114	1.25156				2
2024.12.26	17:53:24.728	1.25157				2
2024.12.26	17:53:25.041	1.25156				2
2024.12.26	17:53:25.647	1.25157				2
2024.12.26	17:53:26.561	1.25147	1.25150			6
2024.12.26	17:53:26.864		1.25149			4
2024.12.26	17:53:27.476	1.25148				2
2024.12.26	17:53:27.785		1.25150			4
2024.12.26	17:53:30.552	1.25147				2
2024.12.26	17:53:33.938	1.25152	1.25155			6
2024.12.26	17:53:34.247	1.25154	1.25158			6
2024.12.26	17:53:34.858	1.25153	1.25156			6
2024.12.26	17:53:35.166	1.25151	1.25155			6
2024.12.26	17:53:35.478	1.25150	1.25154			6
2024.12.26	17:53:40.708	1.25151				2
2024.12.26	17:53:41.323		1.25155			4
2024.12.26	17:53:45.021	1.25152				2
2024.12.26	17:53:49.337	1.25155	1.25156			6
2024.12.26	17:53:49.643	1.25154	1.25157			6
2024.12.26	17:53:49.954	1.25152				2
2024.12.26	17:53:51.180	1.25153	1.25158			6
2024.12.26	17:53:51.484	1.25154	1.25157			6
2024.12.26	17:53:51.785	1.25152	1.25155			6
2024.12.26	17:53:52.104		1.25156			4
2024.12.26	17:53:52.410		1.25155			4
2024.12.26	17:53:52.719	1.25151				2
2024.12.26	17:53:53.027	1.25153	1.25156			6
2024.12.26	17:53:53.647	1.25151	1.25155			6
2024.12.26	17:53:54.563	1.25143	1.25144			6
2024.12.26	17:53:54.866	1.25142				2
2024.12.26	17:53:56.391	1.25141				2
2024.12.26	17:53:57.315		1.25145			4
2024.12.26	17:53:57.623	1.25144	1.25148			6
2024.12.26	17:53:58.545	1.25143	1.25147			6
2024.12.26	17:53:58.852	1.25144	1.25148			6
2024.12.26	17:53:59.469	1.25143				2
2024.12.26	17:54:00.081	1.25143				2
2024.12.26	17:54:00.389	1.25151	1.25155			6
2024.12.26	17:54:04.695		1.25154			4
2024.12.26	17:54:05.930		1.25155			4
2024.12.26	17:54:06.235	1.25152	1.25156			6
2024.12.26	17:54:06.853		1.25155			4
2024.12.26	17:54:08.700	1.25151	1.25154			6
2024.12.26	17:54:09.009	1.25150				2
2024.12.26	17:54:09.318	1.25151	1.25155			6
2024.12.26	17:54:10.848	1.25153	1.25156			6
2024.12.26	17:54:13.936	1.25152				2
2024.12.26	17:54:14.861	1.25151	1.25154			6
2024.12.26	17:54:15.167		1.25155			4
2024.12.26	17:54:15.478	1.25152	1.25156			6
2024.12.26	17:54:16.099	1.25151	1.25155			6
2024.12.26	17:54:16.405		1.25154			4
2024.12.26	17:54:16.711	1.25149	1.25153			6
2024.12.26	17:54:17.021	1.25151	1.25154			6
2024.12.26	17:54:17.327	1.25150	1.25153			6
2024.12.26	17:54:18.248	1.25151	1.25154			6
2024.12.26	17:54:18.561	1.25150				2
2024.12.26	17:54:19.177	1.25151				2
2024.12.26	17:54:23.170	1.25152	1.25155			6
2024.12.26	17:54:23.474	1.25151	1.25154			6
2024.12.26	17:54:24.090	1.25150	1.25153			6
2024.12.26	17:54:24.398	1.25151				2
2024.12.26	17:54:24.707	1.25150				2
2024.12.26	17:54:25.016	1.25152	1.25155			6
2024.12.26	17:54:26.549	1.25151	1.25154			6
2024.12.26	17:54:30.526	1.25150	1.25153			6
2024.12.26	17:54:31.143	1.25145	1.25147			6
2024.12.26	17:54:31.446		1.25148			4
2024.12.26	17:54:32.053	1.25141	1.25144			6
2024.12.26	17:54:34.196		1.25143			4
2024.12.26	17:54:35.425	1.25143	1.25144			6
2024.12.26	17:54:35.733	1.25144	1.25145			6
2024.12.26	17:54:36.043	1.25140	1.25143			6
2024.12.26	17:54:37.277	1.25141				2
2024.12.26	17:54:38.819	1.25142				2
2024.12.26	17:54:39.128	1.25141				2
2024.12.26	17:54:39.430	1.25140				2
2024.12.26	17:54:40.350	1.25138	1.25141			6
2024.12.26	17:54:40.653	1.25141	1.25142			6
2024.12.26	17:54:41.268	1.25140				2
2024.12.26	17:54:41.570	1.25138	1.25141			6
2024.12.26	17:54:43.090	1.25139	1.25142			6
2024.12.26	17:54:43.398	1.25138				2
2024.12.26	17:54:44.925	1.25139				2
2024.12.26	17:54:45.234	1.25138				2
2024.12.26	17:54:46.152	1.25139				2
2024.12.26	17:54:46.762	1.25138				2
2024.12.26	17:54:47.067	1.25140				2
2024.12.26	17:54:47.981		1.25143			4
2024.12.26	17:54:48.283	1.25141				2
2024.12.26	17:54:48.588	1.25140				2
2024.12.26	17:54:48.901	1.25139	1.25142			6
2024.12.26	17:54:49.203	1.25140	1.25143			6
2024.12.26	17:54:51.940	1.25141				2
2024.12.26	17:54:53.160	1.25140				2
2024.12.26	17:54:54.995	1.25141				2
2024.12.26	17:54:55.299	1.25140				2
2024.12.26	17:54:56.208	1.25141				2
2024.12.26	17:54:56.510	1.25142				2
2024.12.26	17:54:56.812		1.25144			4
2024.12.26	17:54:57.124	1.25143				2
2024.12.26	17:54:59.865	1.25144	1.25146			6
2024.12.26	17:55:00.171	1.25145				2
2024.12.26	17:55:00.474	1.25147	1.25148			6
2024.12.26	17:55:00.782	1.25145	1.25147			6
2024.12.26	17:55:01.087	1.25146				2
2024.12.26	17:55:01.390	1.25145				2
2024.12.26	17:55:01.693	1.25142	1.25144			6
2024.12.26	17:55:01.998	1.25143				2
2024.12.26	17:55:02.301	1.25144	1.25146			6
2024.12.26	17:55:02.605	1.25143	1.25145			6
2024.12.26	17:55:03.515	1.25144				2
2024.12.26	17:55:04.118	1.25143				2
2024.12.26	17:55:05.328	1.25142	1.25144			6
2024.12.26	17:55:07.147	1.25143				2
2024.12.26	17:55:08.664	1.25145	1.25146			6
2024.12.26	17:55:08.969	1.25144				2
2024.12.26	17:55:10.491	1.25145	1.25147			6
2024.12.26	17:55:12.010	1.25158	1.25159			6
2024.12.26	17:55:12.315	1.25160	1.25162			6
2024.12.26	17:55:13.227		1.25163			4
2024.12.26	17:55:17.199	1.25162	1.25165			6
2024.12.26	17:55:18.416		1.25167			4
2024.12.26	17:55:18.719		1.25165			4
2024.12.26	17:55:19.642		1.25166			4
2024.12.26	17:55:19.951	1.25165	1.25168			6
2024.12.26	17:55:20.256	1.25164	1.25167			6
2024.12.26	17:55:21.496	1.25165	1.25168			6
2024.12.26	17:55:22.107		1.25167			4
2024.12.26	17:55:23.332		1.25168			4
2024.12.26	17:55:23.635	1.25172	1.25174			6
2024.12.26	17:55:24.559	1.25169	1.25173			6
2024.12.26	17:55:24.863	1.25170				2
2024.12.26	17:55:25.481	1.25171	1.25174			6
2024.12.26	17:55:26.095	1.25170	1.25173			6
2024.12.26	17:55:27.017	1.25169	1.25172			6
2024.12.26	17:55:27.327	1.25172	1.25174			6
2024.12.26	17:55:27.637	1.25173				2
2024.12.26	17:55:28.251	1.25172				2
2024.12.26	17:55:28.556	1.25170	1.25173			6
2024.12.26	17:55:28.866	1.25167	1.25169			6
2024.12.26	17:55:30.405	1.25169	1.25171			6
2024.12.26	17:55:30.707	1.25171	1.25174			6
2024.12.26	17:55:31.943	1.25172				2
2024.12.26	17:55:33.177	1.25173				2
2024.12.26	17:55:33.484	1.25175	1.25177			6
2024.12.26	17:55:37.783	1.25174				2
2024.12.26	17:55:38.095	1.25175	1.25178			6
2024.12.26	17:55:38.401		1.25177			4
2024.12.26	17:55:38.709		1.25178			4
2024.12.26	17:55:40.556	1.25174	1.25177			6
2024.12.26	17:55:41.480	1.25175				2
2024.12.26	17:55:42.101		1.25178			4
2024.12.26	17:55:42.405		1.25177			4
2024.12.26	17:55:43.020	1.25174				2
2024.12.26	17:55:43.325	1.25175				2
2024.12.26	17:55:43.642	1.25174				2
2024.12.26	17:55:44.254	1.25176	1.25178			6
2024.12.26	17:55:44.878	1.25179	1.25180			6
2024.12.26	17:55:45.186	1.25182	1.25185			6
2024.12.26	17:55:45.496	1.25181	1.25184			6
2024.12.26	17:55:45.807	1.25183	1.25186			6
2024.12.26	17:55:46.111	1.25184	1.25187			6
2024.12.26	17:55:47.335	1.25186	1.25188			6
2024.12.26	17:55:47.645	1.25180	1.25183			6
2024.12.26	17:55:48.263	1.25179	1.25182			6
2024.12.26	17:55:48.568	1.25180	1.25183			6
2024.12.26	17:55:49.187	1.25176	1.25181			6
2024.12.26	17:55:49.501	1.25182	1.25185			6
2024.12.26	17:55:49.811	1.25183	1.25187			6
2024.12.26	17:55:50.737	1.25185	1.25188			6
2024.12.26	17:55:52.274	1.25182	1.25185			6
2024.12.26	17:55:52.583	1.25181	1.25183			6
2024.12.26	17:55:52.890	1.25183	1.25186			6
2024.12.26	17:55:53.191	1.25184				2
2024.12.26	17:55:53.491		1.25187			4
2024.12.26	17:55:54.412		1.25188			4
2024.12.26	17:55:56.258		1.25187			4
2024.12.26	17:55:59.334	1.25182				2
2024.12.26	17:55:59.644	1.25180	1.25183			6
2024.12.26	17:55:59.948	1.25181	1.25184			6
2024.12.26	17:56:00.261	1.25182	1.25185			6
2024.12.26	17:56:00.567	1.25181				2
2024.12.26	17:56:00.876	1.25184	1.25187			6
2024.12.26	17:56:01.181	1.25185	1.25188			6
2024.12.26	17:56:01.491	1.25186	1.25189			6
2024.12.26	17:56:01.794	1.25185	1.25188			6
2024.12.26	17:56:02.415	1.25184	1.25187			6
2024.12.26	17:56:02.723	1.25185	1.25188			6
2024.12.26	17:56:03.031	1.25184	1.25187			6
2024.12.26	17:56:03.645		1.25188			4
2024.12.26	17:56:04.265	1.25185				2
2024.12.26	17:56:04.572	1.25184				2
2024.12.26	17:56:04.877	1.25185				2
2024.12.26	17:56:05.501	1.25184	1.25187			6
2024.12.26	17:56:06.408	1.25185				2
2024.12.26	17:56:07.026	1.25184				2
2024.12.26	17:56:07.334	1.25185				2
2024.12.26	17:56:07.957	1.25184	1.25188			6
2024.12.26	17:56:08.261		1.25187			4
2024.12.26	17:56:08.564	1.25185				2
2024.12.26	17:56:09.490	1.25184	1.25188			6
2024.12.26	17:56:09.799	1.25183	1.25185			6
2024.12.26	17:56:10.107	1.25182				2
2024.12.26	17:56:10.410	1.25184	1.25188			6
2024.12.26	17:56:10.714		1.25187			4
2024.12.26	17:56:11.951	1.25183				2
2024.12.26	17:56:12.255	1.25181	1.25184			6
2024.12.26	17:56:12.561	1.25180	1.25183			6
2024.12.26	17:56:13.179	1.25181	1.25184			6
2024.12.26	17:56:13.484	1.25180	1.25183			6
2024.12.26	17:56:13.785	1.25174	1.25178			6
2024.12.26	17:56:14.102	1.25176	1.25179			6
2024.12.26	17:56:14.412	1.25175	1.25178			6
2024.12.26	17:56:14.717	1.25180	1.25183			6
2024.12.26	17:56:15.030	1.25182	1.25185			6
2024.12.26	17:56:17.479	1.25181	1.25184			6
2024.12.26	17:56:18.402	1.25182	1.25185			6
2024.12.26	17:56:19.327		1.25187			4
2024.12.26	17:56:20.861		1.25186			4
2024.12.26	17:56:21.170		1.25187			4
2024.12.26	17:56:21.786		1.25186			4
2024.12.26	17:56:22.097	1.25181	1.25185			6
2024.12.26	17:56:23.322	1.25182	1.25187			6
2024.12.26	17:56:24.550	1.25184	1.25188			6
2024.12.26	17:56:24.854	1.25185	1.25189			6
2024.12.26	17:56:25.784		1.25188			4
2024.12.26	17:56:26.089		1.25189			4
2024.12.26	17:56:26.395	1.25184				2
2024.12.26	17:56:26.704	1.25185				2
2024.12.26	17:56:27.318	1.25183	1.25186			6
2024.12.26	17:56:27.623	1.25175	1.25179			6
2024.12.26	17:56:27.926	1.25174	1.25176			6
2024.12.26	17:56:28.244	1.25175	1.25179			6
2024.12.26	17:56:28.552	1.25178	1.25182			6
2024.12.26	17:56:28.861	1.25181	1.25185			6
2024.12.26	17:56:29.165	1.25180	1.25184			6
2024.12.26	17:56:29.475	1.25181	1.25185			6
2024.12.26	17:56:30.084	1.25180	1.25183			6
2024.12.26	17:56:30.703	1.25181	1.25185			6
2024.12.26	17:56:31.317	1.25180	1.25184			6
2024.12.26	17:56:32.547	1.25184	1.25189			6
2024.12.26	17:56:32.855		1.25187			4
2024.12.26	17:56:33.469	1.25181	1.25185			6
2024.12.26	17:56:34.084	1.25183				2
2024.12.26	17:56:34.386	1.25184	1.25188			6
2024.12.26	17:56:35.935		1.25187			4
2024.12.26	17:56:37.164	1.25185				2
2024.12.26	17:56:37.471		1.25188			4
2024.12.26	17:56:43.317	1.25181	1.25185			6
2024.12.26	17:56:43.630	1.25182				2
2024.12.26	17:56:43.937	1.25184	1.25187			6
2024.12.26	17:56:49.176	1.25182	1.25185			6
2024.12.26	17:56:52.559	1.25181	1.25184			6
2024.12.26	17:56:53.793		1.25185			4
2024.12.26	17:56:54.102	1.25178	1.25184			6
2024.12.26	17:56:54.404	1.25181				2
2024.12.26	17:56:55.951		1.25185			4
2024.12.26	17:56:56.256		1.25184			4
2024.12.26	17:56:57.492	1.25176	1.25180			6
2024.12.26	17:56:57.805	1.25177				2
2024.12.26	17:56:59.635	1.25176				2
2024.12.26	17:56:59.942	1.25177				2
2024.12.26	17:57:00.243	1.25177				2
2024.12.26	17:57:00.550	1.25180	1.25184			6
2024.12.26	17:57:00.866	1.25181				2
2024.12.26	17:57:01.479	1.25182	1.25187			6
2024.12.26	17:57:01.790	1.25183	1.25188			6
2024.12.26	17:57:03.328	1.25184				2
2024.12.26	17:57:03.639	1.25182	1.25185			6
2024.12.26	17:57:04.565	1.25184	1.25188			6
2024.12.26	17:57:04.869	1.25183				2
2024.12.26	17:57:06.711	1.25180	1.25185			6
2024.12.26	17:57:07.944	1.25181	1.25184			6
2024.12.26	17:57:08.563	1.25182	1.25185			6
2024.12.26	17:57:09.482	1.25183	1.25188			6
2024.12.26	17:57:10.407	1.25182	1.25185			6
2024.12.26	17:57:11.948		1.25186			4
2024.12.26	17:57:12.254	1.25184	1.25187			6
2024.12.26	17:57:12.556		1.25189			4
2024.12.26	17:57:13.795	1.25175	1.25176			6
2024.12.26	17:57:14.104	1.25174	1.25175			6
2024.12.26	17:57:14.408	1.25172	1.25174			6
2024.12.26	17:57:14.720		1.25176			4
2024.12.26	17:57:15.338	1.25171	1.25174			6
2024.12.26	17:57:15.645		1.25175			4
2024.12.26	17:57:16.263	1.25173	1.25176			6
2024.12.26	17:57:16.571	1.25172				2
2024.12.26	17:57:16.879		1.25175			4
2024.12.26	17:57:17.494	1.25174	1.25178			6
2024.12.26	17:57:17.802		1.25177			4
2024.12.26	17:57:18.102	1.25172	1.25175			6
2024.12.26	17:57:19.647	1.25174	1.25178			6
2024.12.26	17:57:19.962	1.25175				2
2024.12.26	17:57:20.269		1.25176			4
2024.12.26	17:57:20.573	1.25171	1.25175			6
2024.12.26	17:57:20.881		1.25174			4
2024.12.26	17:57:21.184		1.25175			4
2024.12.26	17:57:22.420	1.25174	1.25178			6
2024.12.26	17:57:22.726		1.25177			4
2024.12.26	17:57:23.652	1.25171	1.25175			6
2024.12.26	17:57:25.187	1.25174	1.25176			6
2024.12.26	17:57:25.496		1.25177			4
2024.12.26	17:57:26.111		1.25178			4
2024.12.26	17:57:26.421		1.25177			4
2024.12.26	17:57:27.341		1.25178			4
2024.12.26	17:57:27.649		1.25177			4
2024.12.26	17:57:28.261		1.25178			4
2024.12.26	17:57:29.489	1.25172	1.25176			6
2024.12.26	17:57:29.790	1.25171	1.25175			6
2024.12.26	17:57:30.099		1.25174			4
2024.12.26	17:57:30.402	1.25170	1.25172			6
2024.12.26	17:57:30.705		1.25173			4
2024.12.26	17:57:31.624	1.25171	1.25174			6
2024.12.26	17:57:32.236	1.25170	1.25173			6
2024.12.26	17:57:35.598	1.25169	1.25174			6
2024.12.26	17:57:35.901	1.25170				2
2024.12.26	17:57:36.818		1.25173			4
2024.12.26	17:57:37.127	1.25169	1.25172			6
2024.12.26	17:57:38.358	1.25168	1.25171			6
2024.12.26	17:57:38.666	1.25162	1.25165			6
2024.12.26	17:57:38.971	1.25161	1.25164			6
2024.12.26	17:57:39.283		1.25165			4
2024.12.26	17:57:39.585	1.25160	1.25161			6
2024.12.26	17:57:39.889	1.25159	1.25162			6
2024.12.26	17:57:40.191		1.25161			4
2024.12.26	17:57:40.802	1.25153	1.25157			6
2024.12.26	17:57:41.105	1.25152	1.25154			6
2024.12.26	17:57:41.724	1.25151	1.25153			6
2024.12.26	17:57:42.033	1.25150	1.25152			6
2024.12.26	17:57:42.340		1.25153			4
2024.12.26	17:57:42.648	1.25152	1.25154			6
2024.12.26	17:57:42.955	1.25151				2
2024.12.26	17:57:43.569	1.25153	1.25156			6
2024.12.26	17:57:43.876	1.25152	1.25155			6
2024.12.26	17:57:44.180	1.25153	1.25156			6
2024.12.26	17:57:44.488	1.25152	1.25155			6
2024.12.26	17:57:44.798	1.25145	1.25148			6
2024.12.26	17:57:45.101	1.25148	1.25151			6
2024.12.26	17:57:46.019	1.25149	1.25152			6
2024.12.26	17:57:46.324	1.25145	1.25148			6
2024.12.26	17:57:46.929	1.25146	1.25149			6
2024.12.26	17:57:47.543	1.25143	1.25144			6
2024.12.26	17:57:47.849	1.25142				2
2024.12.26	17:57:48.158	1.25136	1.25139			6
2024.12.26	17:57:49.077	1.25140	1.25142			6
2024.12.26	17:57:49.381	1.25139				2
2024.12.26	17:57:49.690	1.25140	1.25143			6
2024.12.26	17:57:50.603	1.25138	1.25140			6
2024.12.26	17:57:50.908	1.25139	1.25142			6
2024.12.26	17:57:51.221	1.25138	1.25140			6
2024.12.26	17:57:51.529		1.25139			4
2024.12.26	17:57:51.832	1.25137				2
2024.12.26	17:57:52.443	1.25135	1.25137			6
2024.12.26	17:57:52.748		1.25136			4
2024.12.26	17:57:53.053	1.25133	1.25135			6
2024.12.26	17:57:53.671	1.25129	1.25130			6
2024.12.26	17:57:53.980	1.25128	1.25129			6
2024.12.26	17:57:54.281	1.25126				2
2024.12.26	17:57:54.585	1.25122	1.25125			6
2024.12.26	17:57:54.890	1.25124	1.25126			6
2024.12.26	17:57:55.195	1.25123	1.25125			6
2024.12.26	17:57:55.501	1.25122	1.25124			6
2024.12.26	17:57:55.805	1.25121	1.25123			6
2024.12.26	17:57:56.112	1.25122				2
2024.12.26	17:57:56.721	1.25119	1.25121			6
2024.12.26	17:57:57.637		1.25122			4
2024.12.26	17:57:57.944		1.25121			4
2024.12.26	17:57:58.245	1.25118				2
2024.12.26	17:57:58.550	1.25119	1.25123			6
2024.12.26	17:57:58.861	1.25120				2
2024.12.26	17:57:59.164	1.25117	1.25120			6
2024.12.26	17:57:59.468		1.25121			4
2024.12.26	17:57:59.769	1.25116	1.25119			6
2024.12.26	17:58:00.074	1.25119	1.25123			6
2024.12.26	17:58:00.377	1.25117	1.25120			6
2024.12.26	17:58:01.292		1.25119			4
2024.12.26	17:58:01.598	1.25114	1.25117			6
2024.12.26	17:58:02.207		1.25116			4
2024.12.26	17:58:02.823	1.25115	1.25118			6
2024.12.26	17:58:03.127	1.25112	1.25114			6
2024.12.26	17:58:03.432	1.25113	1.25115			6
2024.12.26	17:58:04.353	1.25112				2
2024.12.26	17:58:04.665	1.25113				2
2024.12.26	17:58:04.967	1.25112				2
2024.12.26	17:58:05.284		1.25114			4
2024.12.26	17:58:06.202	1.25113	1.25116			6
2024.12.26	17:58:07.132	1.25112	1.25115			6
2024.12.26	17:58:07.434	1.25113				2
2024.12.26	17:58:07.743		1.25116			4
2024.12.26	17:58:08.351	1.25111	1.25114			6
2024.12.26	17:58:08.662	1.25112	1.25115			6
2024.12.26	17:58:08.970	1.25113	1.25116			6
2024.12.26	17:58:09.288		1.25115			4
2024.12.26	17:58:09.905		1.25116			4
2024.12.26	17:58:11.138	1.25115				2
2024.12.26	17:58:11.449	1.25121	1.25124			6
2024.12.26	17:58:11.758	1.25120	1.25123			6
2024.12.26	17:58:12.061	1.25118	1.25121			6
2024.12.26	17:58:12.665		1.25120			4
2024.12.26	17:58:12.973	1.25116	1.25119			6
2024.12.26	17:58:13.282		1.25118			4
2024.12.26	17:58:13.585	1.25115				2
2024.12.26	17:58:13.887	1.25116				2
2024.12.26	17:58:15.127	1.25113	1.25116			6
2024.12.26	17:58:15.432	1.25114	1.25117			6
2024.12.26	17:58:16.042	1.25116	1.25119			6
2024.12.26	17:58:16.657	1.25115	1.25118			6
2024.12.26	17:58:16.966	1.25112	1.25115			6
2024.12.26	17:58:17.889	1.25110	1.25112			6
2024.12.26	17:58:18.198		1.25113			4
2024.12.26	17:58:18.504		1.25112			4
2024.12.26	17:58:18.814		1.25113			4
2024.12.26	17:58:19.117	1.25109	1.25112			6
2024.12.26	17:58:19.729	1.25108	1.25111			6
2024.12.26	17:58:21.263	1.25109				2
2024.12.26	17:58:23.116	1.25106	1.25107			6
2024.12.26	17:58:23.422	1.25103	1.25105			6
2024.12.26	17:58:23.729		1.25106			4
2024.12.26	17:58:24.345		1.25105			4
2024.12.26	17:58:24.659	1.25104	1.25106			6
2024.12.26	17:58:24.963		1.25107			4
2024.12.26	17:58:25.895	1.25103				2
2024.12.26	17:58:27.132		1.25104			4
2024.12.26	17:58:27.437		1.25105			4
2024.12.26	17:58:28.056	1.25104	1.25107			6
2024.12.26	17:58:28.362	1.25106	1.25109			6
2024.12.26	17:58:28.671	1.25110	1.25113			6
2024.12.26	17:58:28.982	1.25109	1.25112			6
2024.12.26	17:58:31.446	1.25110	1.25113			6
2024.12.26	17:58:32.365	1.25107	1.25110			6
2024.12.26	17:58:32.680	1.25109	1.25112			6
2024.12.26	17:58:32.984		1.25110			4
2024.12.26	17:58:33.600	1.25105	1.25108			6
2024.12.26	17:58:33.903		1.25106			4
2024.12.26	17:58:34.205		1.25107			4
2024.12.26	17:58:34.835		1.25108			4
2024.12.26	17:58:35.759	1.25104	1.25107			6
2024.12.26	17:58:36.069	1.25102	1.25105			6
2024.12.26	17:58:36.684	1.25101	1.25103			6
2024.12.26	17:58:36.997	1.25102	1.25104			6
2024.12.26	17:58:37.611	1.25099	1.25102			6
2024.12.26	17:58:38.844	1.25100	1.25103			6
2024.12.26	17:58:39.144	1.25099	1.25102			6
2024.12.26	17:58:40.383	1.25098	1.25100			6
2024.12.26	17:58:40.686	1.25097				2
2024.12.26	17:58:41.000	1.25096	1.25099			6
2024.12.26	17:58:41.921	1.25094	1.25095			6
2024.12.26	17:58:42.229	1.25095	1.25096			6
2024.12.26	17:58:42.530	1.25094				2
2024.12.26	17:58:44.687	1.25100	1.25103			6
2024.12.26	17:58:45.003	1.25098	1.25101			6
2024.12.26	17:58:46.520	1.25097	1.25100			6
2024.12.26	17:58:46.826	1.25100	1.25103			6
2024.12.26	17:58:47.744	1.25099	1.25102			6
2024.12.26	17:58:48.045	1.25100	1.25103			6
2024.12.26	17:58:48.352	1.25098	1.25101			6
2024.12.26	17:58:49.584	1.25094	1.25096			6
2024.12.26	17:58:50.817	1.25093	1.25095			6
2024.12.26	17:58:51.123		1.25096			4
2024.12.26	17:58:51.436		1.25095			4
2024.12.26	17:58:51.740	1.25100	1.25102			6
2024.12.26	17:58:52.045	1.25099				2
2024.12.26	17:58:52.355	1.25098	1.25101			6
2024.12.26	17:58:52.658	1.25097	1.25100			6
2024.12.26	17:58:52.968	1.25100	1.25103			6
2024.12.26	17:58:54.194	1.25105	1.25108			6
2024.12.26	17:58:54.506	1.25109	1.25113			6
2024.12.26	17:58:54.807	1.25106	1.25109			6
2024.12.26	17:58:55.116		1.25108			4
2024.12.26	17:58:57.259	1.25107				2
2024.12.26	17:58:57.564	1.25105				2
2024.12.26	17:58:57.865	1.25102	1.25104			6
2024.12.26	17:58:58.177	1.25101				2
2024.12.26	17:58:58.801	1.25102	1.25103			6
2024.12.26	17:58:59.106		1.25104			4
2024.12.26	17:58:59.723	1.25103	1.25106			6
2024.12.26	17:59:00.031	1.25102	1.25104			6
2024.12.26	17:59:00.338	1.25105	1.25108			6
2024.12.26	17:59:01.574	1.25103	1.25105			6
2024.12.26	17:59:01.881	1.25102				2
2024.12.26	17:59:02.502	1.25104	1.25107			6
2024.12.26	17:59:02.806	1.25103	1.25105			6
2024.12.26	17:59:03.106		1.25104			4
2024.12.26	17:59:03.426		1.25105			4
2024.12.26	17:59:04.352	1.25102				2
2024.12.26	17:59:04.965		1.25104			4
2024.12.26	17:59:05.275	1.25101	1.25103			6
2024.12.26	17:59:05.582		1.25102			4
2024.12.26	17:59:05.889	1.25100				2
2024.12.26	17:59:06.191		1.25103			4
2024.12.26	17:59:06.504	1.25102				2
2024.12.26	17:59:09.285	1.25100				2
2024.12.26	17:59:10.520	1.25098	1.25102			6
2024.12.26	17:59:11.443	1.25099				2
2024.12.26	17:59:12.058	1.25102	1.25103			6
2024.12.26	17:59:12.365		1.25104			4
2024.12.26	17:59:12.978		1.25103			4
2024.12.26	17:59:13.597	1.25101	1.25102			6
2024.12.26	17:59:14.215	1.25100				2
2024.12.26	17:59:14.834	1.25098	1.25101			6
2024.12.26	17:59:16.365	1.25101	1.25104			6
2024.12.26	17:59:16.675	1.25100				2
2024.12.26	17:59:17.292		1.25103			4
2024.12.26	17:59:18.526	1.25107	1.25109			6
2024.12.26	17:59:18.831	1.25109	1.25112			6
2024.12.26	17:59:19.143	1.25108	1.25110			6
2024.12.26	17:59:19.451	1.25107	1.25109			6
2024.12.26	17:59:20.981	1.25106				2
2024.12.26	17:59:21.294		1.25107			4
2024.12.26	17:59:21.602	1.25102	1.25104			6
2024.12.26	17:59:21.912		1.25103			4
2024.12.26	17:59:22.837		1.25104			4
2024.12.26	17:59:24.065		1.25105			4
2024.12.26	17:59:24.686		1.25104			4
2024.12.26	17:59:25.307		1.25103			4
2024.12.26	17:59:25.613	1.25106	1.25108			6
2024.12.26	17:59:26.231	1.25107	1.25109			6
2024.12.26	17:59:26.844	1.25105	1.25106			6
2024.12.26	17:59:27.147	1.25103	1.25105			6
2024.12.26	17:59:27.765		1.25106			4
2024.12.26	17:59:28.067	1.25102	1.25103			6
2024.12.26	17:59:28.689	1.25101				2
2024.12.26	17:59:28.990	1.25100				2
2024.12.26	17:59:29.298	1.25101				2
2024.12.26	17:59:29.615		1.25104			4
2024.12.26	17:59:30.227	1.25105	1.25107			6
2024.12.26	17:59:30.539	1.25112	1.25114			6
2024.12.26	17:59:30.845	1.25113	1.25117			6
2024.12.26	17:59:31.158		1.25114			4
2024.12.26	17:59:31.464	1.25112				2
2024.12.26	17:59:31.769		1.25113			4
2024.12.26	17:59:32.076		1.25114			4
2024.12.26	17:59:32.393		1.25115			4
2024.12.26	17:59:32.703	1.25116	1.25119			6
2024.12.26	17:59:33.006	1.25115	1.25117			6
2024.12.26	17:59:33.321	1.25117	1.25118			6
2024.12.26	17:59:33.626	1.25112	1.25116			6
2024.12.26	17:59:33.930	1.25113				2
2024.12.26	17:59:34.243	1.25110	1.25112			6
2024.12.26	17:59:34.553		1.25111			4
2024.12.26	17:59:35.472	1.25106	1.25108			6
2024.12.26	17:59:36.403	1.25108	1.25110			6
2024.12.26	17:59:36.705	1.25110	1.25113			6
2024.12.26	17:59:37.622	1.25112	1.25114			6
2024.12.26	17:59:37.923		1.25113			4
2024.12.26	17:59:38.237		1.25114			4
2024.12.26	17:59:38.544	1.25111				2
2024.12.26	17:59:39.164	1.25112				2
2024.12.26	17:59:41.323	1.25111	1.25113			6
2024.12.26	17:59:41.630	1.25110	1.25111			6
2024.12.26	17:59:41.937	1.25109				2
2024.12.26	17:59:42.243	1.25110	1.25113			6
2024.12.26	17:59:42.859		1.25112			4
2024.12.26	17:59:43.168		1.25113			4
2024.12.26	17:59:43.475	1.25111				2
2024.12.26	17:59:43.781	1.25109	1.25112			6
2024.12.26	17:59:44.082	1.25110	1.25113			6
2024.12.26	17:59:44.384	1.25109	1.25112			6
2024.12.26	17:59:45.000	1.25108	1.25110			6
2024.12.26	17:59:45.614		1.25111			4
2024.12.26	17:59:45.922	1.25111	1.25113			6
2024.12.26	17:59:46.223	1.25109	1.25112			6
2024.12.26	17:59:46.526		1.25111			4
2024.12.26	17:59:46.837	1.25108	1.25110			6
2024.12.26	17:59:47.462	1.25109	1.25112			6
2024.12.26	17:59:49.932	1.25110	1.25113			6
2024.12.26	17:59:50.238	1.25109	1.25112			6
2024.12.26	17:59:50.540	1.25108	1.25111			6
2024.12.26	17:59:52.703	1.25109				2
2024.12.26	17:59:53.013	1.25110	1.25113			6
2024.12.26	17:59:53.628	1.25111	1.25114			6
2024.12.26	17:59:54.241		1.25115			4
2024.12.26	17:59:55.161	1.25110	1.25114			6
2024.12.26	17:59:55.466	1.25108	1.25111			6
2024.12.26	17:59:55.768	1.25107				2
2024.12.26	17:59:56.078	1.25108	1.25112			6
2024.12.26	17:59:57.931	1.25109	1.25113			6
2024.12.26	17:59:58.547	1.25107	1.25111			6
2024.12.26	17:59:58.855	1.25108				2
2024.12.26	17:59:59.164	1.25107	1.25110			6
2024.12.26	17:59:59.470	1.25105	1.25108			6
2024.12.26	18:00:00.083	1.25105				2
2024.12.26	18:00:00.385	1.25106	1.25111			6
2024.12.26	18:00:00.687	1.25104	1.25108			6
2024.12.26	18:00:01.605	1.25110	1.25111			6
2024.12.26	18:00:01.911	1.25108	1.25112			6
2024.12.26	18:00:02.221	1.25110	1.25115			6
2024.12.26	18:00:02.527	1.25112				2
2024.12.26	18:00:02.830	1.25117	1.25122			6
2024.12.26	18:00:03.134	1.25115	1.25118			6
2024.12.26	18:00:04.356	1.25114	1.25116			6
2024.12.26	18:00:04.664	1.25116	1.25117			6
2024.12.26	18:00:04.968	1.25118	1.25122			6
2024.12.26	18:00:05.271	1.25117	1.25120			6
2024.12.26	18:00:06.207	1.25118	1.25122			6
2024.12.26	18:00:06.820		1.25121			4
2024.12.26	18:00:07.440	1.25117				2
2024.12.26	18:00:07.748	1.25111	1.25115			6
2024.12.26	18:00:08.057	1.25112	1.25116			6
2024.12.26	18:00:08.362	1.25111	1.25114			6
2024.12.26	18:00:08.978		1.25115			4
2024.12.26	18:00:09.595	1.25118	1.25122			6
2024.12.26	18:00:09.903	1.25120	1.25124			6
2024.12.26	18:00:10.208		1.25123			4
2024.12.26	18:00:10.511	1.25117	1.25121			6
2024.12.26	18:00:10.828		1.25120			4
2024.12.26	18:00:11.134		1.25122			4
2024.12.26	18:00:11.442	1.25119				2
2024.12.26	18:00:12.049		1.25123			4
2024.12.26	18:00:12.361		1.25122			4
2024.12.26	18:00:12.675		1.25123			4
2024.12.26	18:00:12.982	1.25111	1.25115			6
2024.12.26	18:00:13.285	1.25110	1.25114			6
2024.12.26	18:00:13.601	1.25111	1.25115			6
2024.12.26	18:00:13.903		1.25114			4
2024.12.26	18:00:14.214		1.25115			4
2024.12.26	18:00:14.523		1.25114			4
2024.12.26	18:00:14.833	1.25109	1.25113			6
2024.12.26	18:00:16.067	1.25104	1.25108			6
2024.12.26	18:00:16.369	1.25103				2
2024.12.26	18:00:16.988	1.25100	1.25105			6
2024.12.26	18:00:17.605		1.25104			4
2024.12.26	18:00:18.521	1.25102	1.25105			6
2024.12.26	18:00:18.824	1.25101				2
2024.12.26	18:00:19.137	1.25099	1.25103			6
2024.12.26	18:00:19.442	1.25097	1.25099			6
2024.12.26	18:00:19.749	1.25098	1.25102			6
2024.12.26	18:00:20.057	1.25097	1.25103			6
2024.12.26	18:00:20.361		1.25102			4
2024.12.26	18:00:20.982	1.25095	1.25098			6
2024.12.26	18:00:23.759	1.25094	1.25097			6
2024.12.26	18:00:24.064	1.25092				2
2024.12.26	18:00:24.369	1.25093				2
2024.12.26	18:00:24.682	1.25095	1.25098			6
2024.12.26	18:00:25.295	1.25097	1.25102			6
2024.12.26	18:00:25.600	1.25098	1.25103			6
2024.12.26	18:00:25.908	1.25096	1.25100			6
2024.12.26	18:00:26.213	1.25095	1.25099			6
2024.12.26	18:00:26.522	1.25098	1.25102			6
2024.12.26	18:00:27.438	1.25096	1.25101			6
2024.12.26	18:00:27.745	1.25097	1.25100			6
2024.12.26	18:00:28.048		1.25102			4
2024.12.26	18:00:28.971	1.25095	1.25100			6
2024.12.26	18:00:29.890	1.25102	1.25103			6
2024.12.26	18:00:30.197	1.25111	1.25112			6
2024.12.26	18:00:30.502	1.25108	1.25110			6
2024.12.26	18:00:30.804	1.25107				2
2024.12.26	18:00:31.118	1.25109	1.25113			6
2024.12.26	18:00:31.426	1.25110	1.25114			6
2024.12.26	18:00:32.347	1.25102	1.25104			6
2024.12.26	18:00:32.964	1.25107	1.25109			6
2024.12.26	18:00:33.271	1.25108	1.25111			6
2024.12.26	18:00:34.816		1.25112			4
2024.12.26	18:00:35.122	1.25109	1.25113			6
2024.12.26	18:00:35.431	1.25112	1.25114			6
2024.12.26	18:00:35.737		1.25115			4
2024.12.26	18:00:36.051	1.25113	1.25116			6
2024.12.26	18:00:36.663	1.25111	1.25114			6
2024.12.26	18:00:36.969	1.25112	1.25115			6
2024.12.26	18:00:38.201		1.25116			4
2024.12.26	18:00:39.119		1.25115			4
2024.12.26	18:00:39.424		1.25116			4
2024.12.26	18:00:39.728		1.25115			4
2024.12.26	18:00:40.035		1.25114			4
2024.12.26	18:00:40.343		1.25113			4
2024.12.26	18:00:40.647	1.25109	1.25110			6
2024.12.26	18:00:40.948	1.25108	1.25111			6
2024.12.26	18:00:41.558	1.25110	1.25112			6
2024.12.26	18:00:42.176		1.25111			4
2024.12.26	18:00:42.484	1.25109	1.25112			6
2024.12.26	18:00:42.791	1.25110	1.25114			6
2024.12.26	18:00:43.406	1.25111				2
2024.12.26	18:00:43.710	1.25110	1.25112			6
2024.12.26	18:00:44.021	1.25112	1.25114			6
2024.12.26	18:00:44.324	1.25111				2
2024.12.26	18:00:44.633	1.25109	1.25112			6
2024.12.26	18:00:44.942	1.25108	1.25111			6
2024.12.26	18:00:46.170		1.25109			4
2024.12.26	18:00:46.485	1.25104	1.25107			6
2024.12.26	18:00:47.099		1.25108			4
2024.12.26	18:00:47.408	1.25101	1.25103			6
2024.12.26	18:00:48.630		1.25104			4
2024.12.26	18:00:48.937	1.25104	1.25106			6
2024.12.26	18:00:49.238	1.25103	1.25105			6
2024.12.26	18:00:50.162	1.25101	1.25104			6
2024.12.26	18:00:50.463	1.25104	1.25108			6
2024.12.26	18:00:50.777	1.25105	1.25109			6
2024.12.26	18:00:51.082	1.25107	1.25110			6
2024.12.26	18:00:51.692	1.25106				2
2024.12.26	18:00:52.298	1.25104	1.25106			6
2024.12.26	18:00:52.604	1.25103				2
2024.12.26	18:00:52.907	1.25102	1.25105			6
2024.12.26	18:00:53.215	1.25103	1.25107			6
2024.12.26	18:00:53.523		1.25106			4
2024.12.26	18:00:53.830	1.25102	1.25105			6
2024.12.26	18:00:54.135	1.25101				2
2024.12.26	18:00:54.745	1.25100	1.25103			6
2024.12.26	18:00:55.667	1.25101				2
2024.12.26	18:00:55.969		1.25105			4
2024.12.26	18:00:57.504		1.25103			4
2024.12.26	18:00:58.423	1.25100				2
2024.12.26	18:00:58.724	1.25099	1.25102			6
2024.12.26	18:00:59.026	1.25098				2
2024.12.26	18:00:59.329	1.25096	1.25099			6
2024.12.26	18:00:59.643		1.25100			4
2024.12.26	18:00:59.957		1.25099			4
2024.12.26	18:01:00.263	1.25093	1.25096			6
2024.12.26	18:01:00.567	1.25092				2
2024.12.26	18:01:01.180		1.25095			4
2024.12.26	18:01:01.483	1.25088	1.25091			6
2024.12.26	18:01:01.790	1.25091	1.25094			6
2024.12.26	18:01:03.324	1.25092	1.25095			6
2024.12.26	18:01:03.631	1.25095	1.25097			6
2024.12.26	18:01:04.237	1.25094				2
2024.12.26	18:01:04.854	1.25096	1.25099			6
2024.12.26	18:01:05.162	1.25099	1.25102			6
2024.12.26	18:01:06.086	1.25098	1.25101			6
2024.12.26	18:01:06.391	1.25100	1.25102			6
2024.12.26	18:01:06.699	1.25099				2
2024.12.26	18:01:07.306	1.25097	1.25101			6
2024.12.26	18:01:07.611	1.25098	1.25102			6
2024.12.26	18:01:07.912	1.25100				2
2024.12.26	18:01:08.222		1.25104			4
2024.12.26	18:01:08.524	1.25102	1.25106			6
2024.12.26	18:01:08.826	1.25104	1.25109			6
2024.12.26	18:01:09.128	1.25101	1.25105			6
2024.12.26	18:01:09.431	1.25100	1.25104			6
2024.12.26	18:01:10.047		1.25105			4
2024.12.26	18:01:11.278		1.25104			4
2024.12.26	18:01:11.584	1.25097	1.25102			6
2024.12.26	18:01:11.886	1.25096	1.25100			6
2024.12.26	18:01:12.190	1.25099	1.25104			6
2024.12.26	18:01:12.501	1.25100				2
2024.12.26	18:01:12.802	1.25102				2
2024.12.26	18:01:13.109	1.25105	1.25108			6
2024.12.26	18:01:13.423	1.25104				2
2024.12.26	18:01:14.044	1.25106	1.25110			6
2024.12.26	18:01:15.273	1.25107	1.25111			6
2024.12.26	18:01:15.583	1.25106				2
2024.12.26	18:01:15.890	1.25107				2
2024.12.26	18:01:16.504	1.25104	1.25107			6
2024.12.26	18:01:16.811	1.25101	1.25104			6
2024.12.26	18:01:17.119	1.25102				2
2024.12.26	18:01:17.428	1.25100				2
2024.12.26	18:01:17.733		1.25102			4
2024.12.26	18:01:18.957	1.25099				2
2024.12.26	18:01:19.269	1.25096	1.25100			6
2024.12.26	18:01:20.197	1.25099	1.25101			6
2024.12.26	18:01:20.504	1.25096	1.25100			6
2024.12.26	18:01:20.808	1.25095	1.25099			6
2024.12.26	18:01:21.736	1.25096	1.25100			6
2024.12.26	18:01:22.043		1.25101			4
2024.12.26	18:01:22.661	1.25098	1.25102			6
2024.12.26	18:01:22.968	1.25096	1.25099			6
2024.12.26	18:01:23.276	1.25095				2
2024.12.26	18:01:23.887	1.25096	1.25100			6
2024.12.26	18:01:24.502	1.25095	1.25098			6
2024.12.26	18:01:25.737		1.25099			4
2024.12.26	18:01:26.347	1.25096				2
2024.12.26	18:01:26.658	1.25100	1.25102			6
2024.12.26	18:01:26.964	1.25099				2
2024.12.26	18:01:27.891	1.25098				2
2024.12.26	18:01:28.504	1.25099				2
2024.12.26	18:01:28.813		1.25104			4
2024.12.26	18:01:29.739	1.25105	1.25108			6
2024.12.26	18:01:30.045		1.25110			4
2024.12.26	18:01:30.352	1.25106				2
2024.12.26	18:01:30.662	1.25105				2
2024.12.26	18:01:30.963	1.25101	1.25105			6
2024.12.26	18:01:31.277	1.25100				2
2024.12.26	18:01:32.507	1.25102	1.25108			6
2024.12.26	18:01:32.819		1.25107			4
2024.12.26	18:01:33.434	1.25107	1.25112			6
2024.12.26	18:01:34.047	1.25106	1.25110			6
2024.12.26	18:01:34.355	1.25105				2
2024.12.26	18:01:34.974	1.25106				2
2024.12.26	18:01:36.508		1.25112			4
2024.12.26	18:01:36.820	1.25107				2
2024.12.26	18:01:37.426	1.25103	1.25109			6
2024.12.26	18:01:37.741	1.25102	1.25106			6
2024.12.26	18:01:38.045	1.25100				2
2024.12.26	18:01:38.355	1.25101	1.25105			6
2024.12.26	18:01:38.974		1.25106			4
2024.12.26	18:01:39.284		1.25105			4
2024.12.26	18:01:40.207		1.25104			4
2024.12.26	18:01:40.826	1.25100	1.25105			6
2024.12.26	18:01:41.751		1.25103			4
2024.12.26	18:01:42.982	1.25099	1.25102			6
2024.12.26	18:01:43.290		1.25103			4
2024.12.26	18:01:43.903	1.25100				2
2024.12.26	18:01:44.206	1.25097	1.25101			6
2024.12.26	18:01:44.518	1.25096				2
2024.12.26	18:01:45.440	1.25097				2
2024.12.26	18:01:47.899	1.25096				2
2024.12.26	18:01:48.507	1.25097				2
2024.12.26	18:01:49.427	1.25099	1.25102			6
2024.12.26	18:01:49.735	1.25101	1.25104			6
2024.12.26	18:01:50.652	1.25099	1.25102			6
2024.12.26	18:01:50.954	1.25098	1.25101			6
2024.12.26	18:01:51.568	1.25097				2
2024.12.26	18:01:52.185	1.25096				2
2024.12.26	18:01:52.800	1.25098	1.25102			6
2024.12.26	18:01:53.108	1.25099				2
2024.12.26	18:01:53.724	1.25098	1.25101			6
2024.12.26	18:01:54.340	1.25096				2
2024.12.26	18:01:54.647		1.25100			4
2024.12.26	18:01:56.165	1.25098	1.25101			6
2024.12.26	18:01:59.831	1.25093	1.25095			6
2024.12.26	18:02:00.138	1.25093				2
2024.12.26	18:02:01.047		1.25096			4
2024.12.26	18:02:01.362	1.25091	1.25094			6
2024.12.26	18:02:01.678	1.25090	1.25093			6
2024.12.26	18:02:01.988	1.25093	1.25096			6
2024.12.26	18:02:02.295	1.25092	1.25095			6
2024.12.26	18:02:02.603		1.25096			4
2024.12.26	18:02:03.525	1.25093				2
2024.12.26	18:02:03.837		1.25098			4
2024.12.26	18:02:07.813		1.25096			4
2024.12.26	18:02:08.732	1.25090	1.25094			6
2024.12.26	18:02:09.346	1.25091				2
2024.12.26	18:02:10.565	1.25090	1.25095			6
2024.12.26	18:02:10.870		1.25094			4
2024.12.26	18:02:11.478	1.25093	1.25095			6
2024.12.26	18:02:12.707	1.25110	1.25113			6
2024.12.26	18:02:13.315	1.25107	1.25110			6
2024.12.26	18:02:14.236		1.25111			4
2024.12.26	18:02:15.165	1.25108	1.25112			6
2024.12.26	18:02:15.781	1.25111	1.25115			6
2024.12.26	18:02:16.084	1.25113	1.25117			6
2024.12.26	18:02:16.398	1.25108	1.25113			6
2024.12.26	18:02:16.704		1.25112			4
2024.12.26	18:02:17.938	1.25110	1.25113			6
2024.12.26	18:02:18.243		1.25114			4
2024.12.26	18:02:18.556	1.25111	1.25115			6
2024.12.26	18:02:18.859	1.25109	1.25113			6
2024.12.26	18:02:19.162	1.25108	1.25112			6
2024.12.26	18:02:19.480	1.25109	1.25113			6
2024.12.26	18:02:20.094	1.25108				2
2024.12.26	18:02:20.402	1.25109				2
2024.12.26	18:02:20.703	1.25106	1.25109			6
2024.12.26	18:02:21.005	1.25105	1.25110			6
2024.12.26	18:02:21.307	1.25107	1.25111			6
2024.12.26	18:02:21.610		1.25112			4
2024.12.26	18:02:21.912	1.25103	1.25106			6
2024.12.26	18:02:22.225	1.25104	1.25108			6
2024.12.26	18:02:22.526	1.25102	1.25106			6
2024.12.26	18:02:22.830	1.25101	1.25105			6
2024.12.26	18:02:23.441	1.25100	1.25104			6
2024.12.26	18:02:24.058		1.25103			4
2024.12.26	18:02:24.363	1.25099				2
2024.12.26	18:02:24.673		1.25104			4
2024.12.26	18:02:25.291		1.25103			4
2024.12.26	18:02:25.600	1.25098	1.25102			6
2024.12.26	18:02:25.909	1.25099	1.25103			6
2024.12.26	18:02:26.219	1.25100				2
2024.12.26	18:02:26.524	1.25099	1.25102			6
2024.12.26	18:02:26.829	1.25097				2
2024.12.26	18:02:27.145	1.25099				2
2024.12.26	18:02:27.453	1.25094	1.25099			6
2024.12.26	18:02:28.377	1.25095	1.25098			6
2024.12.26	18:02:28.682	1.25094				2
2024.12.26	18:02:28.984		1.25099			4
2024.12.26	18:02:29.293	1.25096				2
2024.12.26	18:02:29.604	1.25095				2
2024.12.26	18:02:29.916	1.25096				2
2024.12.26	18:02:30.223	1.25102	1.25104			6
2024.12.26	18:02:30.525	1.25101				2
2024.12.26	18:02:31.456		1.25105			4
2024.12.26	18:02:33.920	1.25099	1.25104			6
2024.12.26	18:02:35.761	1.25100				2
2024.12.26	18:02:37.615	1.25106	1.25107			6
2024.12.26	18:02:37.925	1.25109	1.25110			6
2024.12.26	18:02:38.228	1.25110	1.25112			6
2024.12.26	18:02:39.158	1.25112	1.25115			6
2024.12.26	18:02:39.463	1.25114	1.25117			6
2024.12.26	18:02:39.768		1.25118			4
2024.12.26	18:02:40.691		1.25117			4
2024.12.26	18:02:42.834		1.25118			4
2024.12.26	18:02:44.071		1.25119			4
2024.12.26	18:02:44.696		1.25118			4
2024.12.26	18:02:45.323		1.25119			4
2024.12.26	18:02:46.866		1.25118			4
2024.12.26	18:02:47.793		1.25119			4
2024.12.26	18:02:52.404	1.25115				2
2024.12.26	18:02:52.710	1.25114				2
2024.12.26	18:02:55.184		1.25120			4
2024.12.26	18:02:56.102		1.25118			4
2024.12.26	18:02:56.408	1.25117	1.25123			6
2024.12.26	18:02:56.719	1.25119	1.25125			6
2024.12.26	18:02:57.643	1.25120				2
2024.12.26	18:02:57.952	1.25121	1.25127			6
2024.12.26	18:03:00.105	1.25122				2
2024.12.26	18:03:00.411	1.25121	1.25126			6
2024.12.26	18:03:01.331	1.25127	1.25132			6
2024.12.26	18:03:01.635		1.25133			4
2024.12.26	18:03:04.414	1.25126				2
2024.12.26	18:03:05.022	1.25130	1.25135			6
2024.12.26	18:03:05.330	1.25127	1.25133			6
2024.12.26	18:03:06.563	1.25128				2
2024.12.26	18:03:08.110	1.25127				2
2024.12.26	18:03:09.641	1.25121	1.25126			6
2024.12.26	18:03:10.251	1.25119	1.25125			6
2024.12.26	18:03:10.568	1.25118	1.25123			6
2024.12.26	18:03:12.105		1.25124			4
2024.12.26	18:03:12.402	1.25121	1.25126			6
2024.12.26	18:03:13.318	1.25119	1.25125			6
2024.12.26	18:03:13.624	1.25121	1.25126			6
2024.12.26	18:03:14.242		1.25127			4
2024.12.26	18:03:15.783		1.25128			4
2024.12.26	18:03:16.397	1.25124	1.25130			6
2024.12.26	18:03:17.324	1.25125				2
2024.12.26	18:03:18.861	1.25124				2
2024.12.26	18:03:19.474		1.25129			4
2024.12.26	18:03:20.092		1.25130			4
2024.12.26	18:03:20.709		1.25129			4
2024.12.26	18:03:21.021		1.25130			4
2024.12.26	18:03:23.786	1.25123	1.25129			6
2024.12.26	18:03:24.094	1.25125	1.25131			6
2024.12.26	18:03:24.402	1.25124	1.25130			6
2024.12.26	18:03:24.706	1.25121	1.25126			6
2024.12.26	18:03:25.010		1.25127			4
2024.12.26	18:03:25.630		1.25126			4
2024.12.26	18:03:25.940	1.25122	1.25127			6
2024.12.26	18:03:26.559	1.25121	1.25126			6
2024.12.26	18:03:28.402		1.25125			4
2024.12.26	18:03:29.929		1.25126			4
2024.12.26	18:03:31.466		1.25125			4
2024.12.26	18:03:32.375		1.25126			4
2024.12.26	18:03:34.205		1.25125			4
2024.12.26	18:03:35.437	1.25124	1.25128			6
2024.12.26	18:03:36.049		1.25129			4
2024.12.26	18:03:36.362	1.25125	1.25130			6
2024.12.26	18:03:36.665	1.25126				2
2024.12.26	18:03:37.287		1.25131			4
2024.12.26	18:03:40.352	1.25125	1.25130			6
2024.12.26	18:03:43.103	1.25126				2
2024.12.26	18:03:43.715	1.25125	1.25129			6
2024.12.26	18:03:45.246	1.25126	1.25130			6
2024.12.26	18:03:45.552	1.25125	1.25129			6
2024.12.26	18:03:45.858	1.25126	1.25130			6
2024.12.26	18:03:48.309	1.25125	1.25129			6
2024.12.26	18:03:49.227	1.25124	1.25127			6
2024.12.26	18:03:49.528	1.25125	1.25128			6
2024.12.26	18:03:49.834	1.25121	1.25123			6
2024.12.26	18:03:50.140		1.25124			4
2024.12.26	18:03:50.752	1.25127	1.25130			6
2024.12.26	18:03:51.065	1.25130	1.25133			6
2024.12.26	18:03:51.370	1.25129				2
2024.12.26	18:03:52.292	1.25128				2
2024.12.26	18:03:52.595	1.25126	1.25132			6
2024.12.26	18:03:53.213	1.25127	1.25133			6
2024.12.26	18:03:58.436	1.25128				2
2024.12.26	18:04:00.270	1.25124	1.25130			6
2024.12.26	18:04:00.574	1.25119	1.25125			6
2024.12.26	18:04:00.877	1.25117	1.25123			6
2024.12.26	18:04:01.193		1.25125			4
2024.12.26	18:04:01.803	1.25118	1.25126			6
2024.12.26	18:04:02.103		1.25125			4
2024.12.26	18:04:02.406	1.25121	1.25124			6
2024.12.26	18:04:03.031		1.25125			4
2024.12.26	18:04:03.339	1.25120	1.25123			6
2024.12.26	18:04:03.640	1.25121	1.25124			6
2024.12.26	18:04:03.948	1.25126	1.25129			6
2024.12.26	18:04:04.254	1.25125				2
2024.12.26	18:04:04.556		1.25128			4
2024.12.26	18:04:05.481		1.25129			4
2024.12.26	18:04:05.786		1.25128			4
2024.12.26	18:04:06.096	1.25124				2
2024.12.26	18:04:06.401	1.25122				2
2024.12.26	18:04:06.710	1.25121	1.25125			6
2024.12.26	18:04:07.015		1.25126			4
2024.12.26	18:04:07.632		1.25127			4
2024.12.26	18:04:12.555		1.25125			4
2024.12.26	18:04:12.864		1.25124			4
2024.12.26	18:04:13.787	1.25120				2
2024.12.26	18:04:14.098	1.25121				2
2024.12.26	18:04:18.401	1.25125	1.25128			6
2024.12.26	18:04:18.704	1.25121	1.25127			6
2024.12.26	18:04:19.325	1.25122				2
2024.12.26	18:04:19.635	1.25123	1.25128			6
2024.12.26	18:04:20.864	1.25121	1.25125			6
2024.12.26	18:04:21.176		1.25126			4
2024.12.26	18:04:22.402		1.25125			4
2024.12.26	18:04:22.721	1.25120	1.25124			6
2024.12.26	18:04:25.789	1.25121				2
2024.12.26	18:04:30.076	1.25127	1.25131			6
2024.12.26	18:04:30.380	1.25128				2
2024.12.26	18:04:30.683	1.25134	1.25136			6
2024.12.26	18:04:30.995	1.25132	1.25135			6
2024.12.26	18:04:31.296	1.25133				2
2024.12.26	18:04:36.803		1.25136			4
2024.12.26	18:04:37.107		1.25137			4
2024.12.26	18:04:37.418	1.25131	1.25135			6
2024.12.26	18:04:38.337	1.25132	1.25136			6
2024.12.26	18:04:41.701	1.25131	1.25133			6
2024.12.26	18:04:42.006	1.25130				2
2024.12.26	18:04:44.155	1.25129				2
2024.12.26	18:04:50.276	1.25130				2
2024.12.26	18:04:52.422	1.25129				2
2024.12.26	18:04:54.265		1.25132			4
2024.12.26	18:04:54.878	1.25128				2
2024.12.26	18:04:56.710	1.25130	1.25134			6
2024.12.26	18:04:57.016		1.25133			4
2024.12.26	18:04:57.321	1.25131				2
2024.12.26	18:04:57.929	1.25130				2
2024.12.26	18:04:58.838	1.25131				2
2024.12.26	18:04:59.447		1.25134			4
2024.12.26	18:05:00.059	1.25131	1.25133			6
2024.12.26	18:05:00.361		1.25135			4
2024.12.26	18:05:00.663		1.25134			4
2024.12.26	18:05:01.573	1.25130	1.25133			6
2024.12.26	18:05:06.156	1.25128	1.25131			6
2024.12.26	18:05:07.369	1.25129	1.25132			6
2024.12.26	18:05:07.973	1.25130	1.25133			6
2024.12.26	18:05:08.276	1.25129	1.25132			6
2024.12.26	18:05:10.099	1.25130	1.25133			6
2024.12.26	18:05:10.408	1.25129	1.25132			6
2024.12.26	18:05:12.236	1.25131	1.25133			6
2024.12.26	18:05:12.846	1.25129	1.25131			6
2024.12.26	18:05:14.382	1.25131	1.25133			6
2024.12.26	18:05:14.683	1.25129	1.25131			6
2024.12.26	18:05:15.295	1.25130				2
2024.12.26	18:05:16.515	1.25131	1.25133			6
2024.12.26	18:05:17.127	1.25130	1.25132			6
2024.12.26	18:05:17.429		1.25131			4
2024.12.26	18:05:18.349		1.25132			4
2024.12.26	18:05:18.654	1.25131	1.25133			6
2024.12.26	18:05:19.261	1.25130	1.25132			6
2024.12.26	18:05:19.880	1.25128	1.25130			6
2024.12.26	18:05:20.792	1.25121	1.25122			6
2024.12.26	18:05:21.100	1.25119	1.25123			6
2024.12.26	18:05:21.408	1.25120	1.25126			6
2024.12.26	18:05:21.717	1.25119	1.25124			6
2024.12.26	18:05:22.943	1.25120	1.25126			6
2024.12.26	18:05:23.561	1.25119	1.25125			6
2024.12.26	18:05:24.178	1.25117	1.25122			6
2024.12.26	18:05:24.799		1.25123			4
2024.12.26	18:05:25.103	1.25118				2
2024.12.26	18:05:25.406		1.25124			4
2024.12.26	18:05:25.717		1.25123			4
2024.12.26	18:05:26.334	1.25119				2
2024.12.26	18:05:27.260	1.25118				2
2024.12.26	18:05:27.882	1.25117	1.25122			6
2024.12.26	18:05:28.184	1.25115	1.25120			6
2024.12.26	18:05:28.800	1.25117	1.25122			6
2024.12.26	18:05:29.413	1.25118				2
2024.12.26	18:05:29.721	1.25117				2
2024.12.26	18:05:30.327	1.25118				2
2024.12.26	18:05:32.187	1.25119	1.25124			6
2024.12.26	18:05:32.492	1.25118	1.25123			6
2024.12.26	18:05:33.104	1.25119				2
2024.12.26	18:05:34.024	1.25112	1.25113			6
2024.12.26	18:05:34.327	1.25110				2
2024.12.26	18:05:34.641		1.25114			4
2024.12.26	18:05:34.945	1.25109				2
2024.12.26	18:05:36.180		1.25115			4
2024.12.26	18:05:36.487		1.25114			4
2024.12.26	18:05:36.793		1.25115			4
2024.12.26	18:05:37.717	1.25108	1.25114			6
2024.12.26	18:05:38.031	1.25107	1.25112			6
2024.12.26	18:05:38.337	1.25108	1.25113			6
2024.12.26	18:05:38.644	1.25107	1.25111			6
2024.12.26	18:05:39.264		1.25112			4
2024.12.26	18:05:39.574	1.25106	1.25111			6
2024.12.26	18:05:40.496	1.25107	1.25112			6
2024.12.26	18:05:40.806	1.25108	1.25113			6
2024.12.26	18:05:41.106		1.25112			4
2024.12.26	18:05:42.348	1.25107				2
2024.12.26	18:05:42.967		1.25111			4
2024.12.26	18:05:43.889	1.25109	1.25112			6
2024.12.26	18:05:44.503		1.25113			4
2024.12.26	18:05:45.123		1.25111			4
2024.12.26	18:05:45.437	1.25110	1.25114			6
2024.12.26	18:05:46.357	1.25109				2
2024.12.26	18:05:46.663	1.25110	1.25115			6
2024.12.26	18:05:47.278	1.25109	1.25113			6
2024.12.26	18:05:48.506	1.25106	1.25110			6
2024.12.26	18:05:49.428		1.25109			4
2024.12.26	18:05:49.734		1.25110			4
2024.12.26	18:05:52.487	1.25108	1.25112			6
2024.12.26	18:05:52.791	1.25107	1.25111			6
2024.12.26	18:05:53.098	1.25108	1.25112			6
2024.12.26	18:05:53.406	1.25105	1.25109			6
2024.12.26	18:05:53.712	1.25103	1.25107			6
2024.12.26	18:05:54.021	1.25104	1.25108			6
2024.12.26	18:05:54.629	1.25106	1.25109			6
2024.12.26	18:05:54.937		1.25110			4
2024.12.26	18:05:57.381	1.25104	1.25108			6
2024.12.26	18:05:57.681	1.25103	1.25107			6
2024.12.26	18:05:58.285	1.25102	1.25106			6
2024.12.26	18:05:58.591	1.25100	1.25104			6
2024.12.26	18:06:00.117	1.25099	1.25103			6
2024.12.26	18:06:01.044	1.25100	1.25104			6
2024.12.26	18:06:01.662	1.25101	1.25105			6
2024.12.26	18:06:02.273	1.25099	1.25103			6
2024.12.26	18:06:02.586	1.25100	1.25104			6
2024.12.26	18:06:03.199	1.25099	1.25103			6
2024.12.26	18:06:03.819	1.25100	1.25104			6
2024.12.26	18:06:04.129	1.25099	1.25102			6
2024.12.26	18:06:05.360	1.25100	1.25103			6
2024.12.26	18:06:07.502	1.25099	1.25102			6
2024.12.26	18:06:08.420	1.25098	1.25101			6
2024.12.26	18:06:08.724	1.25097	1.25100			6
2024.12.26	18:06:09.641	1.25098	1.25101			6
2024.12.26	18:06:11.466	1.25097	1.25100			6
2024.12.26	18:06:12.081		1.25099			4
2024.12.26	18:06:14.211	1.25103	1.25105			6
2024.12.26	18:06:14.517	1.25102	1.25104			6
2024.12.26	18:06:15.131	1.25101				2
2024.12.26	18:06:15.743	1.25102	1.25105			6
2024.12.26	18:06:16.051	1.25106	1.25109			6
2024.12.26	18:06:16.358	1.25111	1.25115			6
2024.12.26	18:06:17.885	1.25114	1.25117			6
2024.12.26	18:06:18.189	1.25116	1.25121			6
2024.12.26	18:06:18.500		1.25120			4
2024.12.26	18:06:18.810	1.25115				2
2024.12.26	18:06:21.874	1.25114	1.25119			6
2024.12.26	18:06:22.494	1.25116	1.25120			6
2024.12.26	18:06:22.803		1.25121			4
2024.12.26	18:06:24.342	1.25117				2
2024.12.26	18:06:24.647	1.25118				2
2024.12.26	18:06:24.950	1.25119	1.25123			6
2024.12.26	18:06:25.264	1.25118	1.25121			6
2024.12.26	18:06:25.572	1.25119	1.25123			6
2024.12.26	18:06:25.880	1.25118	1.25122			6
2024.12.26	18:06:26.487	1.25120	1.25124			6
2024.12.26	18:06:27.723	1.25119				2
2024.12.26	18:06:28.029		1.25123			4
2024.12.26	18:06:29.267	1.25120	1.25124			6
2024.12.26	18:06:29.574		1.25125			4
2024.12.26	18:06:30.193		1.25124			4
2024.12.26	18:06:33.586		1.25123			4
2024.12.26	18:06:33.892		1.25124			4
2024.12.26	18:06:34.201		1.25123			4
2024.12.26	18:06:34.511	1.25119				2
2024.12.26	18:06:35.436	1.25113	1.25115			6
2024.12.26	18:06:35.746	1.25114	1.25118			6
2024.12.26	18:06:36.052	1.25115	1.25119			6
2024.12.26	18:06:36.359		1.25118			4
2024.12.26	18:06:36.666	1.25116	1.25119			6
2024.12.26	18:06:37.271		1.25120			4
2024.12.26	18:06:37.890	1.25117	1.25121			6
2024.12.26	18:06:38.514	1.25116	1.25120			6
2024.12.26	18:06:38.824	1.25117	1.25121			6
2024.12.26	18:06:40.051	1.25118	1.25122			6
2024.12.26	18:06:40.976	1.25111	1.25115			6
2024.12.26	18:06:41.289	1.25110	1.25114			6
2024.12.26	18:06:41.592	1.25109	1.25113			6
2024.12.26	18:06:41.898	1.25110	1.25114			6
2024.12.26	18:06:42.210		1.25115			4
2024.12.26	18:06:42.512		1.25116			4
2024.12.26	18:06:42.820	1.25109	1.25115			6
2024.12.26	18:06:43.129		1.25114			4
2024.12.26	18:06:43.438	1.25106	1.25111			6
2024.12.26	18:06:43.750	1.25107				2
2024.12.26	18:06:44.056		1.25112			4
2024.12.26	18:06:45.286	1.25106	1.25111			6
2024.12.26	18:06:46.828	1.25107	1.25112			6
2024.12.26	18:06:47.445	1.25106	1.25111			6
2024.12.26	18:06:48.993	1.25107	1.25112			6
2024.12.26	18:06:49.301	1.25106	1.25111			6
2024.12.26	18:06:50.227		1.25110			4
2024.12.26	18:06:50.528		1.25111			4
2024.12.26	18:06:52.392		1.25110			4
2024.12.26	18:06:53.320	1.25110	1.25114			6
2024.12.26	18:06:53.630	1.25111	1.25115			6
2024.12.26	18:06:53.936	1.25110	1.25114			6
2024.12.26	18:06:54.244	1.25115	1.25120			6
2024.12.26	18:06:55.167	1.25112	1.25117			6
2024.12.26	18:06:55.467	1.25115	1.25121			6
2024.12.26	18:06:55.777		1.25120			4
2024.12.26	18:06:57.009		1.25121			4
2024.12.26	18:06:57.320	1.25113	1.25118			6
2024.12.26	18:06:58.861	1.25114	1.25119			6
2024.12.26	18:06:59.167	1.25115	1.25120			6
2024.12.26	18:06:59.475		1.25121			4
2024.12.26	18:07:00.091	1.25116	1.25122			6
2024.12.26	18:07:03.180	1.25118	1.25123			6
2024.12.26	18:07:05.962	1.25115	1.25120			6
2024.12.26	18:07:06.567	1.25116				2
2024.12.26	18:07:06.877		1.25121			4
2024.12.26	18:07:07.811		1.25120			4
2024.12.26	18:07:08.120		1.25121			4
2024.12.26	18:07:08.735	1.25115	1.25120			6
2024.12.26	18:07:09.666	1.25118	1.25122			6
2024.12.26	18:07:10.589	1.25120	1.25125			6
2024.12.26	18:07:10.901		1.25124			4
2024.12.26	18:07:12.442		1.25125			4
2024.12.26	18:07:12.749		1.25124			4
2024.12.26	18:07:16.767		1.25125			4
2024.12.26	18:07:17.074		1.25124			4
2024.12.26	18:07:18.310		1.25123			4
2024.12.26	18:07:18.619		1.25124			4
2024.12.26	18:07:21.704	1.25119	1.25123			6
2024.12.26	18:07:22.330	1.25117	1.25121			6
2024.12.26	18:07:22.941	1.25110	1.25113			6
2024.12.26	18:07:23.246		1.25112			4
2024.12.26	18:07:23.559		1.25114			4
2024.12.26	18:07:23.876	1.25109	1.25113			6
2024.12.26	18:07:24.181		1.25115			4
2024.12.26	18:07:24.800		1.25114			4
2024.12.26	18:07:25.107	1.25107	1.25113			6
2024.12.26	18:07:25.418		1.25112			4
2024.12.26	18:07:26.034	1.25108	1.25113			6
2024.12.26	18:07:26.345		1.25112			4
2024.12.26	18:07:29.438	1.25104	1.25110			6
2024.12.26	18:07:30.054		1.25109			4
2024.12.26	18:07:31.599	1.25105	1.25110			6
2024.12.26	18:07:32.836	1.25106	1.25111			6
2024.12.26	18:07:33.142		1.25112			4
2024.12.26	18:07:35.301		1.25111			4
2024.12.26	18:07:35.914	1.25108	1.25112			6
2024.12.26	18:07:36.223	1.25107	1.25111			6
2024.12.26	18:07:38.385	1.25109	1.25113			6
2024.12.26	18:07:38.689	1.25110	1.25115			6
2024.12.26	18:07:39.298	1.25109	1.25114			6
2024.12.26	18:07:40.215	1.25110				2
2024.12.26	18:07:40.521	1.25109				2
2024.12.26	18:07:42.382		1.25113			4
2024.12.26	18:07:42.990	1.25111	1.25114			6
2024.12.26	18:07:43.594		1.25113			4
2024.12.26	18:07:44.201		1.25114			4
2024.12.26	18:07:44.819		1.25115			4
2024.12.26	18:07:45.123		1.25114			4
2024.12.26	18:07:45.426	1.25109	1.25113			6
2024.12.26	18:07:45.746	1.25110	1.25114			6
2024.12.26	18:07:46.974	1.25117	1.25120			6
2024.12.26	18:07:47.335	1.25116				2
2024.12.26	18:07:47.639	1.25117	1.25121			6
2024.12.26	18:07:47.944	1.25119	1.25123			6
2024.12.26	18:07:48.247	1.25120	1.25125			6
2024.12.26	18:07:49.491	1.25121	1.25126			6
2024.12.26	18:07:49.802		1.25124			4
2024.12.26	18:07:51.038		1.25125			4
2024.12.26	18:07:51.343		1.25126			4
2024.12.26	18:07:53.190		1.25125			4
2024.12.26	18:07:54.122		1.25124			4
2024.12.26	18:07:55.350		1.25125			4
2024.12.26	18:07:56.269	1.25122	1.25126			6
2024.12.26	18:07:56.579	1.25120	1.25125			6
2024.12.26	18:07:58.117	1.25121				2
2024.12.26	18:07:58.723	1.25122	1.25126			6
2024.12.26	18:07:59.025	1.25121	1.25125			6
2024.12.26	18:07:59.327	1.25120	1.25124			6
2024.12.26	18:08:00.252	1.25120				2
2024.12.26	18:08:04.265		1.25123			4
2024.12.26	18:08:06.392	1.25117	1.25120			6
2024.12.26	18:08:07.005	1.25121	1.25124			6
2024.12.26	18:08:08.220		1.25125			4
2024.12.26	18:08:08.835	1.25120	1.25124			6
2024.12.26	18:08:11.280		1.25123			4
2024.12.26	18:08:11.583	1.25117	1.25120			6
2024.12.26	18:08:11.897	1.25119	1.25122			6
2024.12.26	18:08:13.117	1.25118	1.25121			6
2024.12.26	18:08:13.418	1.25119	1.25122			6
2024.12.26	18:08:13.728	1.25120	1.25123			6
2024.12.26	18:08:15.568	1.25119	1.25122			6
2024.12.26	18:08:16.177	1.25118	1.25121			6
2024.12.26	18:08:16.484	1.25116	1.25119			6
2024.12.26	18:08:17.090	1.25117	1.25120			6
2024.12.26	18:08:17.404	1.25116	1.25119			6
2024.12.26	18:08:18.015	1.25117	1.25120			6
2024.12.26	18:08:20.165		1.25119			4
2024.12.26	18:08:21.376	1.25118	1.25120			6
2024.12.26	18:08:23.497	1.25114	1.25116			6
2024.12.26	18:08:23.801	1.25111	1.25113			6
2024.12.26	18:08:25.937		1.25114			4
2024.12.26	18:08:26.548		1.25113			4
2024.12.26	18:08:28.684	1.25113	1.25115			6
2024.12.26	18:08:28.988	1.25111	1.25113			6
2024.12.26	18:08:29.289		1.25114			4
2024.12.26	18:08:30.207	1.25112				2
2024.12.26	18:08:32.047	1.25111	1.25113			6
2024.12.26	18:08:32.352	1.25112	1.25114			6
2024.12.26	18:08:35.107	1.25113	1.25115			6
2024.12.26	18:08:35.414	1.25112	1.25114			6
2024.12.26	18:08:36.947	1.25120	1.25121			6
2024.12.26	18:08:37.250	1.25119				2
2024.12.26	18:08:38.165		1.25123			4
2024.12.26	18:08:38.467	1.25118	1.25122			6
2024.12.26	18:08:39.081	1.25119	1.25123			6
2024.12.26	18:08:39.388	1.25118	1.25122			6
2024.12.26	18:08:42.159	1.25117	1.25121			6
2024.12.26	18:08:43.379		1.25120			4
2024.12.26	18:08:45.210	1.25119	1.25122			6
2024.12.26	18:08:45.517	1.25118	1.25121			6
2024.12.26	18:08:46.436	1.25119	1.25122			6
2024.12.26	18:08:46.746	1.25118	1.25121			6
2024.12.26	18:08:47.049	1.25119	1.25122			6
2024.12.26	18:08:49.181		1.25121			4
2024.12.26	18:08:50.403	1.25121	1.25123			6
2024.12.26	18:08:54.069	1.25122	1.25124			6
2024.12.26	18:08:55.598	1.25121	1.25123			6
2024.12.26	18:08:57.129	1.25120	1.25122			6
2024.12.26	18:08:57.437	1.25121	1.25123			6
2024.12.26	18:08:58.969	1.25120	1.25122			6
2024.12.26	18:08:59.576	1.25121	1.25123			6
2024.12.26	18:09:00.180	1.25120	1.25122			6
2024.12.26	18:09:00.484	1.25121	1.25123			6
2024.12.26	18:09:01.408	1.25122	1.25124			6
2024.12.26	18:09:01.715	1.25124	1.25126			6
2024.12.26	18:09:02.330	1.25123	1.25125			6
2024.12.26	18:09:04.159	1.25122	1.25124			6
2024.12.26	18:09:04.778	1.25123	1.25125			6
2024.12.26	18:09:05.082	1.25122	1.25124			6
2024.12.26	18:09:05.698	1.25124	1.25126			6
2024.12.26	18:09:06.307	1.25125	1.25127			6
2024.12.26	18:09:06.608	1.25131	1.25133			6
2024.12.26	18:09:07.211		1.25135			4
2024.12.26	18:09:10.278	1.25133	1.25137			6
2024.12.26	18:09:11.809	1.25132	1.25136			6
2024.12.26	18:09:12.111	1.25133				2
2024.12.26	18:09:12.421	1.25132	1.25135			6
2024.12.26	18:09:13.643	1.25130	1.25133			6
2024.12.26	18:09:14.264	1.25132	1.25135			6
2024.12.26	18:09:17.321	1.25133	1.25136			6
2024.12.26	18:09:17.623	1.25134	1.25137			6
2024.12.26	18:09:19.779	1.25133	1.25136			6
2024.12.26	18:09:20.086	1.25132	1.25135			6
2024.12.26	18:09:23.158	1.25133				2
2024.12.26	18:09:24.688	1.25131	1.25133			6
2024.12.26	18:09:30.212	1.25128	1.25130			6
2024.12.26	18:09:30.519	1.25127	1.25129			6
2024.12.26	18:09:31.128	1.25131	1.25133			6
2024.12.26	18:09:31.433	1.25130	1.25132			6
2024.12.26	18:09:40.284	1.25128	1.25130			6
2024.12.26	18:09:41.200	1.25127	1.25129			6
2024.12.26	18:09:41.503	1.25128	1.25130			6
2024.12.26	18:09:43.037	1.25127	1.25129			6
2024.12.26	18:09:44.857	1.25126	1.25128			6
2024.12.26	18:09:45.164	1.25127	1.25129			6
2024.12.26	18:09:45.766	1.25124	1.25126			6
2024.12.26	18:09:46.979	1.25127	1.25129			6
2024.12.26	18:09:50.957	1.25120	1.25122			6
2024.12.26	18:09:51.261	1.25119	1.25121			6
2024.12.26	18:09:52.189	1.25117	1.25122			6
2024.12.26	18:09:52.493	1.25120	1.25125			6
2024.12.26	18:09:56.782	1.25121	1.25126			6
2024.12.26	18:09:57.097		1.25125			4
2024.12.26	18:09:59.554	1.25126	1.25130			6
2024.12.26	18:10:00.169	1.25125				2
2024.12.26	18:10:01.087	1.25126	1.25131			6
2024.12.26	18:10:01.395	1.25125	1.25130			6
2024.12.26	18:10:03.233	1.25130	1.25134			6
2024.12.26	18:10:03.536	1.25129	1.25133			6
2024.12.26	18:10:03.851	1.25126	1.25129			6
2024.12.26	18:10:06.310		1.25130			4
2024.12.26	18:10:08.148		1.25129			4
2024.12.26	18:10:09.371	1.25127	1.25130			6
2024.12.26	18:10:09.984	1.25129	1.25132			6
2024.12.26	18:10:13.671	1.25127	1.25130			6
2024.12.26	18:10:15.507	1.25134	1.25137			6
2024.12.26	18:10:15.810	1.25137	1.25140			6
2024.12.26	18:10:16.118	1.25135	1.25141			6
2024.12.26	18:10:16.428	1.25136	1.25142			6
2024.12.26	18:10:20.422		1.25143			4
2024.12.26	18:10:21.656	1.25139	1.25144			6
2024.12.26	18:10:21.963	1.25138	1.25143			6
2024.12.26	18:10:23.508	1.25136	1.25142			6
2024.12.26	18:10:25.354	1.25137				2
2024.12.26	18:10:26.278	1.25136	1.25141			6
2024.12.26	18:10:32.123	1.25133	1.25138			6
2024.12.26	18:10:34.288	1.25135	1.25140			6
2024.12.26	18:10:35.837	1.25136	1.25141			6
2024.12.26	18:10:39.222	1.25137				2
2024.12.26	18:10:41.134	1.25136	1.25140			6
2024.12.26	18:10:44.202	1.25137				2
2024.12.26	18:10:47.271	1.25138	1.25141			6
2024.12.26	18:10:48.191	1.25137	1.25140			6
2024.12.26	18:10:49.115	1.25138				2
2024.12.26	18:10:57.079	1.25137	1.25139			6
2024.12.26	18:11:00.143	1.25137				2
2024.12.26	18:11:03.814	1.25138	1.25140			6
2024.12.26	18:11:06.582	1.25139	1.25141			6
2024.12.26	18:11:08.715	1.25138	1.25140			6
2024.12.26	18:11:11.930	1.25139	1.25141			6
2024.12.26	18:11:14.369	1.25138	1.25140			6
2024.12.26	18:11:15.901	1.25133	1.25135			6
2024.12.26	18:11:16.208	1.25135	1.25137			6
2024.12.26	18:11:17.131	1.25134	1.25136			6
2024.12.26	18:11:17.738	1.25135	1.25137			6
2024.12.26	18:11:18.651	1.25134	1.25136			6
2024.12.26	18:11:20.173	1.25133	1.25135			6
2024.12.26	18:11:21.095	1.25134	1.25136			6
2024.12.26	18:11:21.711	1.25133	1.25135			6
2024.12.26	18:11:22.018	1.25134	1.25136			6
2024.12.26	18:11:22.325	1.25133	1.25135			6
2024.12.26	18:11:24.161	1.25134	1.25136			6
2024.12.26	18:11:26.305	1.25133	1.25135			6
2024.12.26	18:11:26.619	1.25134	1.25136			6
2024.12.26	18:11:29.678	1.25133	1.25135			6
2024.12.26	18:11:29.983	1.25132	1.25134			6
2024.12.26	18:11:33.337	1.25133				2
2024.12.26	18:11:33.644		1.25135			4
2024.12.26	18:11:34.553	1.25132	1.25134			6
2024.12.26	18:11:36.080	1.25131	1.25133			6
2024.12.26	18:11:37.002	1.25132				2
2024.12.26	18:11:38.221	1.25131				2
2024.12.26	18:11:40.363	1.25127	1.25129			6
2024.12.26	18:11:40.672	1.25128	1.25130			6
2024.12.26	18:11:41.275	1.25127	1.25129			6
2024.12.26	18:11:47.077	1.25126	1.25128			6
2024.12.26	18:11:48.900	1.25130	1.25132			6
2024.12.26	18:11:51.341	1.25132	1.25134			6
2024.12.26	18:11:55.313	1.25135	1.25136			6
2024.12.26	18:11:55.619	1.25140	1.25141			6
2024.12.26	18:11:57.161	1.25139				2
2024.12.26	18:11:59.301	1.25138				2
2024.12.26	18:12:00.226	1.25138				2
2024.12.26	18:12:00.533	1.25137	1.25140			6
2024.12.26	18:12:03.296	1.25138				2
2024.12.26	18:12:04.514	1.25140	1.25141			6
2024.12.26	18:12:04.819	1.25138	1.25140			6
2024.12.26	18:12:07.557	1.25137	1.25139			6
2024.12.26	18:12:10.316	1.25130	1.25132			6
2024.12.26	18:12:10.623	1.25131	1.25133			6
2024.12.26	18:12:12.147	1.25130				2
2024.12.26	18:12:13.083	1.25131				2
2024.12.26	18:12:18.274	1.25133	1.25135			6
2024.12.26	18:12:18.585	1.25135	1.25137			6
2024.12.26	18:12:20.421	1.25139	1.25141			6
2024.12.26	18:12:20.724	1.25140				2
2024.12.26	18:12:21.026	1.25141	1.25143			6
2024.12.26	18:12:21.328	1.25142	1.25144			6
2024.12.26	18:12:22.248	1.25141				2
2024.12.26	18:12:22.859		1.25145			4
2024.12.26	18:12:23.172	1.25142	1.25146			6
2024.12.26	18:12:25.326	1.25138	1.25142			6
2024.12.26	18:12:25.942	1.25139	1.25143			6
2024.12.26	18:12:26.253	1.25138	1.25142			6
2024.12.26	18:12:26.566	1.25139	1.25143			6
2024.12.26	18:12:26.875	1.25137	1.25141			6
2024.12.26	18:12:28.105	1.25131	1.25133			6
2024.12.26	18:12:28.411		1.25134			4
2024.12.26	18:12:28.715	1.25130				2
2024.12.26	18:12:29.331		1.25135			4
2024.12.26	18:12:30.871	1.25131	1.25136			6
2024.12.26	18:12:31.180		1.25137			4
2024.12.26	18:12:31.490		1.25136			4
2024.12.26	18:12:33.345		1.25135			4
2024.12.26	18:12:34.576		1.25136			4
2024.12.26	18:12:37.354		1.25135			4
2024.12.26	18:12:37.661	1.25130	1.25134			6
2024.12.26	18:12:40.134		1.25133			4
2024.12.26	18:12:40.446	1.25128	1.25132			6
2024.12.26	18:12:43.213	1.25126	1.25131			6
2024.12.26	18:12:47.509		1.25130			4
2024.12.26	18:12:48.739		1.25129			4
2024.12.26	18:12:59.855	1.25129	1.25132			6
2024.12.26	18:13:00.161	1.25129				2
2024.12.26	18:13:01.395	1.25130	1.25133			6
2024.12.26	18:13:05.084		1.25132			4
2024.12.26	18:13:09.678		1.25131			4
2024.12.26	18:13:10.290	1.25131	1.25133			6
2024.12.26	18:13:10.597	1.25132	1.25134			6
2024.12.26	18:13:10.908	1.25134	1.25136			6
2024.12.26	18:13:11.211	1.25135	1.25137			6
2024.12.26	18:13:11.519	1.25134	1.25136			6
2024.12.26	18:13:13.358	1.25136	1.25138			6
2024.12.26	18:13:13.664	1.25137				2
2024.12.26	18:13:15.502		1.25139			4
2024.12.26	18:13:22.550	1.25136	1.25138			6
2024.12.26	18:13:24.398	1.25135	1.25137			6
2024.12.26	18:13:25.307	1.25136				2
2024.12.26	18:13:28.670		1.25138			4
2024.12.26	18:13:29.282		1.25137			4
2024.12.26	18:13:29.593		1.25138			4
2024.12.26	18:13:30.205	1.25135	1.25137			6
2024.12.26	18:13:30.507	1.25132	1.25134			6
2024.12.26	18:13:32.037	1.25133	1.25135			6
2024.12.26	18:13:32.343		1.25134			4
2024.12.26	18:13:32.643	1.25132				2
2024.12.26	18:13:33.259	1.25133	1.25135			6
2024.12.26	18:13:33.560	1.25137	1.25139			6
2024.12.26	18:13:34.486		1.25138			4
2024.12.26	18:13:34.792	1.25132	1.25133			6
2024.12.26	18:13:35.101		1.25134			4
2024.12.26	18:13:36.325	1.25131	1.25135			6
2024.12.26	18:13:37.870	1.25129	1.25132			6
2024.12.26	18:13:39.097		1.25133			4
2024.12.26	18:13:40.634	1.25127	1.25130			6
2024.12.26	18:13:43.715	1.25129	1.25132			6
2024.12.26	18:13:44.023	1.25130	1.25133			6
2024.12.26	18:13:46.486	1.25128	1.25130			6
2024.12.26	18:13:50.781	1.25119	1.25120			6
2024.12.26	18:13:51.394		1.25121			4
2024.12.26	18:13:51.702		1.25120			4
2024.12.26	18:13:52.311		1.25123			4
2024.12.26	18:13:54.150		1.25122			4
2024.12.26	18:13:55.379		1.25123			4
2024.12.26	18:13:56.302	1.25118				2
2024.12.26	18:13:56.611		1.25124			4
2024.12.26	18:13:57.222	1.25120				2
2024.12.26	18:13:57.528	1.25119	1.25122			6
2024.12.26	18:13:59.384	1.25120	1.25124			6
2024.12.26	18:14:00.309	1.25120				2
2024.12.26	18:14:00.615	1.25118	1.25123			6
2024.12.26	18:14:00.922		1.25122			4
2024.12.26	18:14:01.234		1.25124			4
2024.12.26	18:14:02.161		1.25123			4
2024.12.26	18:14:04.313	1.25120	1.25124			6
2024.12.26	18:14:07.087	1.25118	1.25123			6
2024.12.26	18:14:07.709	1.25119				2
2024.12.26	18:14:13.566	1.25126	1.25131			6
2024.12.26	18:14:13.875	1.25127				2
2024.12.26	18:14:14.179	1.25126				2
2024.12.26	18:14:14.488	1.25127	1.25130			6
2024.12.26	18:14:14.802	1.25125				2
2024.12.26	18:14:19.118	1.25126	1.25131			6
2024.12.26	18:14:21.277	1.25125				2
2024.12.26	18:14:21.586	1.25126				2
2024.12.26	18:14:23.737		1.25132			4
2024.12.26	18:14:25.270		1.25131			4
2024.12.26	18:14:25.881	1.25127	1.25132			6
2024.12.26	18:14:31.689	1.25128				2
2024.12.26	18:14:38.117		1.25131			4
2024.12.26	18:14:42.708	1.25131	1.25134			6
2024.12.26	18:14:43.018	1.25130	1.25133			6
2024.12.26	18:14:44.863	1.25131	1.25134			6
2024.12.26	18:14:47.300	1.25130	1.25133			6
2024.12.26	18:14:47.910	1.25131	1.25134			6
2024.12.26	18:14:48.826	1.25130	1.25133			6
2024.12.26	18:14:49.132	1.25129	1.25132			6
2024.12.26	18:14:53.088	1.25130				2
2024.12.26	18:14:54.016	1.25131	1.25133			6
2024.12.26	18:14:54.324	1.25130	1.25132			6
2024.12.26	18:14:56.775	1.25131	1.25133			6
2024.12.26	18:15:00.159	1.25131				2
2024.12.26	18:15:02.602	1.25130	1.25132			6
2024.12.26	18:15:06.571	1.25129	1.25131			6
2024.12.26	18:15:06.878	1.25130	1.25132			6
2024.12.26	18:15:09.008	1.25129	1.25131			6
2024.12.26	18:15:10.841	1.25130	1.25132			6
2024.12.26	18:15:11.749	1.25129	1.25131			6
2024.12.26	18:15:14.502	1.25131	1.25133			6
2024.12.26	18:15:14.809	1.25130	1.25132			6
2024.12.26	18:15:16.956	1.25129	1.25131			6
2024.12.26	18:15:19.726		1.25130			4
2024.12.26	18:15:20.645		1.25131			4
2024.12.26	18:15:21.873	1.25130	1.25132			6
2024.12.26	18:15:22.476	1.25129	1.25131			6
2024.12.26	18:15:23.388	1.25131	1.25133			6
2024.12.26	18:15:26.146	1.25132	1.25134			6
2024.12.26	18:15:28.877	1.25131	1.25133			6
2024.12.26	18:15:30.098	1.25130	1.25132			6
2024.12.26	18:15:30.402	1.25131	1.25133			6
2024.12.26	18:15:38.353	1.25132	1.25134			6
2024.12.26	18:15:42.010	1.25131	1.25133			6
2024.12.26	18:15:45.055	1.25130	1.25132			6
2024.12.26	18:15:48.720	1.25132	1.25134			6
2024.12.26	18:15:50.556	1.25131	1.25133			6
2024.12.26	18:15:51.173	1.25132	1.25134			6
2024.12.26	18:15:53.314	1.25131	1.25133			6
2024.12.26	18:16:00.064	1.25131				2
2024.12.26	18:16:00.365	1.25130	1.25132			6
2024.12.26	18:16:00.673	1.25131	1.25133			6
2024.12.26	18:16:01.278	1.25132				2
2024.12.26	18:16:02.194	1.25131				2
2024.12.26	18:16:02.497	1.25130	1.25132			6
2024.12.26	18:16:04.640	1.25131	1.25133			6
2024.12.26	18:16:05.249	1.25130	1.25132			6
2024.12.26	18:16:06.475	1.25131	1.25133			6
2024.12.26	18:16:07.089	1.25130	1.25132			6
2024.12.26	18:16:07.696	1.25132	1.25134			6
2024.12.26	18:16:08.004	1.25131	1.25133			6
2024.12.26	18:16:08.305	1.25141	1.25143			6
2024.12.26	18:16:08.610	1.25146	1.25148			6
2024.12.26	18:16:09.221	1.25144	1.25149			6
2024.12.26	18:16:14.462		1.25150			4
2024.12.26	18:16:15.383	1.25143	1.25149			6
2024.12.26	18:16:15.688	1.25145				2
2024.12.26	18:16:16.000	1.25143	1.25148			6
2024.12.26	18:16:16.310	1.25140	1.25145			6
2024.12.26	18:16:18.777	1.25141				2
2024.12.26	18:16:19.082	1.25142				2
2024.12.26	18:16:25.225	1.25143				2
2024.12.26	18:16:27.071		1.25147			4
2024.12.26	18:16:31.078	1.25142				2
2024.12.26	18:16:34.155	1.25141				2
2024.12.26	18:16:34.770	1.25142				2
2024.12.26	18:16:35.080	1.25144	1.25150			6
2024.12.26	18:16:35.383		1.25149			4
2024.12.26	18:16:40.932		1.25150			4
2024.12.26	18:16:41.241	1.25145				2
2024.12.26	18:16:43.087		1.25149			4
2024.12.26	18:16:43.706	1.25147	1.25151			6
2024.12.26	18:16:48.328	1.25146	1.25150			6
2024.12.26	18:16:48.630	1.25141	1.25147			6
2024.12.26	18:16:48.934	1.25143	1.25149			6
2024.12.26	18:16:49.243	1.25144				2
2024.12.26	18:16:50.481	1.25142	1.25148			6
2024.12.26	18:16:50.783	1.25143				2
2024.12.26	18:16:51.101		1.25149			4
2024.12.26	18:16:51.704	1.25144				2
2024.12.26	18:16:52.015	1.25143				2
2024.12.26	18:16:53.250	1.25144				2
2024.12.26	18:16:53.562	1.25143	1.25148			6
2024.12.26	18:16:54.475	1.25144	1.25149			6
2024.12.26	18:16:56.015	1.25143	1.25148			6
2024.12.26	18:16:56.320	1.25144	1.25149			6
2024.12.26	18:16:56.927	1.25147	1.25151			6
2024.12.26	18:16:57.235	1.25146				2
2024.12.26	18:16:59.993	1.25143	1.25148			6
2024.12.26	18:17:00.296	1.25139	1.25144			6
2024.12.26	18:17:00.598	1.25137	1.25143			6
2024.12.26	18:17:01.213		1.25144			4
2024.12.26	18:17:02.139	1.25138	1.25145			6
2024.12.26	18:17:02.443	1.25137	1.25144			6
2024.12.26	18:17:03.370	1.25138	1.25145			6
2024.12.26	18:17:06.141	1.25139				2
2024.12.26	18:17:08.301	1.25138	1.25144			6
2024.12.26	18:17:11.380	1.25139	1.25145			6
2024.12.26	18:17:13.226		1.25144			4
2024.12.26	18:17:15.683	1.25138	1.25143			6
2024.12.26	18:17:15.984	1.25139	1.25144			6
2024.12.26	18:17:16.292	1.25138	1.25143			6
2024.12.26	18:17:19.656	1.25137	1.25142			6
2024.12.26	18:17:22.112		1.25141			4
2024.12.26	18:17:26.701	1.25136	1.25140			6
2024.12.26	18:17:27.004	1.25139	1.25143			6
2024.12.26	18:17:28.232	1.25141	1.25145			6
2024.12.26	18:17:28.538	1.25140	1.25144			6
2024.12.26	18:17:31.296	1.25139	1.25143			6
2024.12.26	18:17:32.521	1.25140	1.25144			6
2024.12.26	18:17:34.369	1.25141	1.25145			6
2024.12.26	18:17:36.218		1.25144			4
2024.12.26	18:17:39.591	1.25140	1.25143			6
2024.12.26	18:17:39.902	1.25139	1.25142			6
2024.12.26	18:17:41.734	1.25138	1.25141			6
2024.12.26	18:17:45.087	1.25139	1.25142			6
2024.12.26	18:17:45.389	1.25132	1.25135			6
2024.12.26	18:17:47.218	1.25131	1.25136			6
2024.12.26	18:17:48.131		1.25135			4
2024.12.26	18:17:50.892		1.25136			4
2024.12.26	18:17:51.197	1.25134	1.25137			6
2024.12.26	18:17:51.504	1.25137	1.25141			6
2024.12.26	18:17:54.564	1.25139				2
2024.12.26	18:17:56.097	1.25137				2
2024.12.26	18:17:56.710	1.25136				2
2024.12.26	18:17:58.245	1.25137	1.25143			6
2024.12.26	18:17:58.549		1.25142			4
2024.12.26	18:17:59.785	1.25136	1.25141			6
2024.12.26	18:18:00.093	1.25136				2
2024.12.26	18:18:01.937		1.25142			4
2024.12.26	18:18:04.079	1.25137				2
2024.12.26	18:18:05.304	1.25138				2
2024.12.26	18:18:06.221	1.25137				2
2024.12.26	18:18:08.673	1.25138				2
2024.12.26	18:18:10.515	1.25136	1.25141			6
2024.12.26	18:18:12.967		1.25140			4
2024.12.26	18:18:14.502	1.25135	1.25139			6
2024.12.26	18:18:16.344		1.25138			4
2024.12.26	18:18:16.951	1.25133	1.25136			6
2024.12.26	18:18:17.261	1.25127	1.25131			6
2024.12.26	18:18:17.566	1.25126	1.25130			6
2024.12.26	18:18:19.110	1.25125				2
2024.12.26	18:18:19.417	1.25121	1.25124			6
2024.12.26	18:18:19.721	1.25119	1.25123			6
2024.12.26	18:18:22.466	1.25118				2
2024.12.26	18:18:23.710	1.25119				2
2024.12.26	18:18:24.328	1.25120	1.25124			6
2024.12.26	18:18:24.631	1.25119	1.25122			6
2024.12.26	18:18:25.863	1.25120	1.25123			6
2024.12.26	18:18:26.165		1.25122			4
2024.12.26	18:18:26.484	1.25119				2
2024.12.26	18:18:28.010	1.25120	1.25123			6
2024.12.26	18:18:31.060		1.25122			4
2024.12.26	18:18:31.674	1.25119				2
2024.12.26	18:18:32.283	1.25120				2
2024.12.26	18:18:34.734		1.25123			4
2024.12.26	18:18:36.871	1.25116	1.25120			6
2024.12.26	18:18:37.180	1.25115				2
2024.12.26	18:18:37.484	1.25114				2
2024.12.26	18:18:38.409	1.25115				2
2024.12.26	18:18:40.542	1.25116				2
2024.12.26	18:18:42.075	1.25117				2
2024.12.26	18:18:42.382	1.25116				2
2024.12.26	18:18:44.218	1.25115				2
2024.12.26	18:18:45.132	1.25116				2
2024.12.26	18:18:46.352	1.25115				2
2024.12.26	18:18:48.193		1.25119			4
2024.12.26	18:18:49.715	1.25116	1.25120			6
2024.12.26	18:18:50.022	1.25115	1.25119			6
2024.12.26	18:18:51.244	1.25116				2
2024.12.26	18:18:52.458	1.25115				2
2024.12.26	18:18:52.765	1.25116				2
2024.12.26	18:18:53.373	1.25115				2
2024.12.26	18:18:55.206	1.25119	1.25120			6
2024.12.26	18:18:55.510	1.25118				2
2024.12.26	18:18:56.422	1.25116				2
2024.12.26	18:18:56.726	1.25115	1.25119			6
2024.12.26	18:18:58.255	1.25116				2
2024.12.26	18:18:58.556	1.25115				2
2024.12.26	18:18:59.167		1.25118			4
2024.12.26	18:19:00.082	1.25115				2
2024.12.26	18:19:02.217	1.25116	1.25119			6
2024.12.26	18:19:02.530		1.25118			4
2024.12.26	18:19:03.135		1.25119			4
2024.12.26	18:19:04.659	1.25117				2
2024.12.26	18:19:04.961	1.25116				2
2024.12.26	18:19:07.707	1.25113	1.25114			6
2024.12.26	18:19:08.012	1.25108	1.25111			6
2024.12.26	18:19:08.624	1.25109				2
2024.12.26	18:19:09.235		1.25112			4
2024.12.26	18:19:11.387	1.25111				2
2024.12.26	18:19:11.695	1.25109	1.25113			6
2024.12.26	18:19:14.756	1.25108				2
2024.12.26	18:19:15.058	1.25109				2
2024.12.26	18:19:16.289	1.25107	1.25112			6
2024.12.26	18:19:16.598		1.25111			4
2024.12.26	18:19:23.948	1.25108	1.25112			6
2024.12.26	18:19:27.006	1.25107	1.25111			6
2024.12.26	18:19:31.910	1.25108	1.25112			6
2024.12.26	18:19:34.979	1.25109				2
2024.12.26	18:19:35.282		1.25111			4
2024.12.26	18:19:39.264	1.25118	1.25119			6
2024.12.26	18:19:39.570	1.25115	1.25118			6
2024.12.26	18:19:39.875	1.25116	1.25119			6
2024.12.26	18:19:40.176	1.25115	1.25120			6
2024.12.26	18:19:44.485	1.25116	1.25121			6
2024.12.26	18:19:44.787		1.25120			4
2024.12.26	18:19:49.122	1.25115	1.25119			6
2024.12.26	18:19:50.969		1.25120			4
2024.12.26	18:19:52.204		1.25119			4
2024.12.26	18:19:56.203		1.25118			4
2024.12.26	18:19:56.507		1.25119			4
2024.12.26	18:19:57.124		1.25118			4
2024.12.26	18:20:00.186	1.25115				2
2024.12.26	18:20:01.405		1.25119			4
2024.12.26	18:20:01.710		1.25118			4
2024.12.26	18:20:02.937		1.25119			4
2024.12.26	18:20:08.140		1.25118			4
2024.12.26	18:20:08.449	1.25114	1.25117			6
2024.12.26	18:20:09.057	1.25113	1.25116			6
2024.12.26	18:20:09.977	1.25110	1.25114			6
2024.12.26	18:20:10.285	1.25109	1.25112			6
2024.12.26	18:20:13.051	1.25108				2
2024.12.26	18:20:14.588	1.25110	1.25113			6
2024.12.26	18:20:17.357	1.25111				2
2024.12.26	18:20:18.276	1.25115	1.25119			6
2024.12.26	18:20:18.586		1.25118			4
2024.12.26	18:20:22.267	1.25113	1.25116			6
2024.12.26	18:20:22.574	1.25112				2
2024.12.26	18:20:22.883	1.25113	1.25117			6
2024.12.26	18:20:23.187	1.25112				2
2024.12.26	18:20:24.121	1.25113				2
2024.12.26	18:20:27.800	1.25114	1.25118			6
2024.12.26	18:20:30.261	1.25115				2
2024.12.26	18:20:33.028	1.25114				2
2024.12.26	18:20:35.787	1.25113	1.25117			6
2024.12.26	18:20:36.102		1.25116			4
2024.12.26	18:20:40.373	1.25109	1.25112			6
2024.12.26	18:20:57.248	1.25108	1.25111			6
2024.12.26	18:21:00.289	1.25108				2
2024.12.26	18:21:01.808	1.25109	1.25112			6
2024.12.26	18:21:06.086		1.25111			4
2024.12.26	18:21:09.155	1.25108	1.25110			6
2024.12.26	18:21:09.463	1.25110	1.25112			6
2024.12.26	18:21:09.767	1.25109	1.25111			6
2024.12.26	18:21:10.683	1.25110	1.25112			6
2024.12.26	18:21:11.289	1.25108	1.25110			6
2024.12.26	18:21:17.431	1.25110	1.25112			6
2024.12.26	18:21:17.741	1.25111	1.25113			6
2024.12.26	18:21:20.804	1.25110	1.25112			6
2024.12.26	18:21:26.616	1.25109	1.25111			6
2024.12.26	18:21:30.589	1.25110	1.25112			6
2024.12.26	18:21:31.807	1.25109	1.25111			6
2024.12.26	18:21:36.404	1.25116	1.25118			6
2024.12.26	18:21:36.707	1.25115	1.25117			6
2024.12.26	18:21:37.321		1.25119			4
2024.12.26	18:21:41.638	1.25111	1.25112			6
2024.12.26	18:21:41.946	1.25109				2
2024.12.26	18:21:42.253	1.25108				2
2024.12.26	18:21:47.183		1.25111			4
2024.12.26	18:21:47.484	1.25107	1.25110			6
2024.12.26	18:21:49.339	1.25108	1.25111			6
2024.12.26	18:21:49.648	1.25107	1.25110			6
2024.12.26	18:21:50.571	1.25108	1.25111			6
2024.12.26	18:21:51.497	1.25109				2
2024.12.26	18:21:51.805		1.25112			4
2024.12.26	18:21:55.810	1.25108				2
2024.12.26	18:22:00.124	1.25108				2
2024.12.26	18:22:01.350		1.25111			4
2024.12.26	18:22:01.964		1.25112			4
2024.12.26	18:22:05.344		1.25110			4
2024.12.26	18:22:05.650		1.25112			4
2024.12.26	18:22:09.965	1.25109				2
2024.12.26	18:22:17.966	1.25111				2
2024.12.26	18:22:18.269	1.25109				2
2024.12.26	18:22:18.580		1.25113			4
2024.12.26	18:22:20.220	1.25110				2
2024.12.26	18:22:26.068	1.25111				2
2024.12.26	18:22:26.376	1.25110				2
2024.12.26	18:22:30.670	1.25115	1.25117			6
2024.12.26	18:22:30.977	1.25116	1.25119			6
2024.12.26	18:22:31.283	1.25115				2
2024.12.26	18:22:32.203		1.25118			4
2024.12.26	18:22:33.119		1.25119			4
2024.12.26	18:22:37.719	1.25114				2
2024.12.26	18:22:38.023		1.25118			4
2024.12.26	18:22:41.701	1.25115	1.25119			6
2024.12.26	18:22:42.008	1.25116				2
2024.12.26	18:22:43.849	1.25115				2
2024.12.26	18:22:52.127		1.25117			4
2024.12.26	18:22:52.434	1.25116	1.25119			6
2024.12.26	18:22:52.741	1.25117				2
2024.12.26	18:22:57.665	1.25116				2
2024.12.26	18:23:00.122	1.25116				2
2024.12.26	18:23:02.272	1.25117				2
2024.12.26	18:23:09.287	1.25118				2
2024.12.26	18:23:09.596	1.25119	1.25121			6
2024.12.26	18:23:09.900		1.25122			4
2024.12.26	18:23:22.140		1.25121			4
2024.12.26	18:23:24.886	1.25118	1.25119			6
2024.12.26	18:23:25.192		1.25120			4
2024.12.26	18:23:26.731	1.25117				2
2024.12.26	18:23:27.333	1.25116	1.25119			6
2024.12.26	18:23:29.154	1.25117				2
2024.12.26	18:23:29.759	1.25119	1.25121			6
2024.12.26	18:23:30.365		1.25122			4
2024.12.26	18:23:39.237		1.25121			4
2024.12.26	18:23:46.585	1.25120	1.25122			6
2024.12.26	18:23:49.933		1.25121			4
2024.12.26	18:23:56.350	1.25118	1.25120			6
2024.12.26	18:23:56.656	1.25119	1.25121			6
2024.12.26	18:23:56.959	1.25118	1.25120			6
2024.12.26	18:23:58.181	1.25117	1.25119			6
2024.12.26	18:24:00.015	1.25117				2
2024.12.26	18:24:01.229	1.25120	1.25122			6
2024.12.26	18:24:02.145	1.25119				2
2024.12.26	18:24:08.266	1.25120				2
2024.12.26	18:24:11.960	1.25119	1.25121			6
2024.12.26	18:24:15.007	1.25120	1.25122			6
2024.12.26	18:24:15.307	1.25122	1.25124			6
2024.12.26	18:24:15.612	1.25121	1.25123			6
2024.12.26	18:24:15.917	1.25122	1.25124			6
2024.12.26	18:24:17.747	1.25121	1.25123			6
2024.12.26	18:24:19.281	1.25122				2
2024.12.26	18:24:19.586	1.25128	1.25130			6
2024.12.26	18:24:19.888	1.25129	1.25131			6
2024.12.26	18:24:21.103	1.25127	1.25132			6
2024.12.26	18:24:22.025	1.25126	1.25131			6
2024.12.26	18:24:22.328	1.25127	1.25132			6
2024.12.26	18:24:23.245	1.25126	1.25130			6
2024.12.26	18:24:23.856	1.25127	1.25131			6
2024.12.26	18:24:32.106	1.25128				2
2024.12.26	18:24:32.413	1.25127				2
2024.12.26	18:24:34.556		1.25132			4
2024.12.26	18:24:36.705	1.25128				2
2024.12.26	18:24:37.321	1.25127	1.25131			6
2024.12.26	18:24:37.623		1.25132			4
2024.12.26	18:24:40.707	1.25128				2
2024.12.26	18:24:48.030	1.25127				2
2024.12.26	18:24:48.338	1.25128				2
2024.12.26	18:25:00.024	1.25128				2
2024.12.26	18:25:00.643	1.25129				2
2024.12.26	18:25:00.947	1.25131				2
2024.12.26	18:25:01.261	1.25133	1.25134			6
2024.12.26	18:25:02.187	1.25132				2
2024.12.26	18:25:02.799		1.25135			4
2024.12.26	18:25:06.172	1.25135	1.25138			6
2024.12.26	18:25:06.472	1.25137	1.25141			6
2024.12.26	18:25:09.846	1.25136	1.25140			6
2024.12.26	18:25:13.223	1.25135				2
2024.12.26	18:25:14.450	1.25136				2
2024.12.26	18:25:15.982	1.25130	1.25132			6
2024.12.26	18:25:16.286	1.25131	1.25134			6
2024.12.26	18:25:16.602	1.25132	1.25135			6
2024.12.26	18:25:17.512		1.25134			4
2024.12.26	18:25:17.818	1.25130	1.25132			6
2024.12.26	18:25:20.260	1.25132	1.25135			6
2024.12.26	18:25:20.567		1.25133			4
2024.12.26	18:25:23.633	1.25131	1.25135			6
2024.12.26	18:25:23.939		1.25133			4
2024.12.26	18:25:26.388		1.25135			4
2024.12.26	18:25:26.694		1.25134			4
2024.12.26	18:25:29.446	1.25130	1.25133			6
2024.12.26	18:25:29.749	1.25131				2
2024.12.26	18:25:31.281	1.25132	1.25135			6
2024.12.26	18:25:31.585	1.25131	1.25133			6
2024.12.26	18:25:31.898	1.25130				2
2024.12.26	18:25:36.787	1.25132	1.25135			6
2024.12.26	18:25:37.089	1.25131	1.25133			6
2024.12.26	18:25:41.699	1.25130	1.25132			6
2024.12.26	18:25:45.390	1.25131				2
2024.12.26	18:25:45.699	1.25130				2
2024.12.26	18:25:46.005	1.25129				2
2024.12.26	18:25:48.776	1.25130				2
2024.12.26	18:25:51.242	1.25131	1.25135			6
2024.12.26	18:25:51.543		1.25133			4
2024.12.26	18:25:51.846		1.25134			4
2024.12.26	18:25:53.690	1.25132	1.25135			6
2024.12.26	18:25:53.999	1.25137	1.25141			6
2024.12.26	18:25:54.302	1.25138				2
2024.12.26	18:25:54.916	1.25137				2
2024.12.26	18:25:55.231	1.25136				2
2024.12.26	18:25:56.454	1.25132	1.25135			6
2024.12.26	18:25:56.761	1.25128	1.25132			6
2024.12.26	18:25:57.378	1.25130				2
2024.12.26	18:26:00.137	1.25129				2
2024.12.26	18:26:03.213	1.25127				2
2024.12.26	18:26:09.061	1.25128				2
2024.12.26	18:26:09.365	1.25130				2
2024.12.26	18:26:11.217	1.25128				2
2024.12.26	18:26:11.525	1.25129				2
2024.12.26	18:26:17.074	1.25130				2
2024.12.26	18:26:20.452	1.25131	1.25134			6
2024.12.26	18:26:20.760	1.25130				2
2024.12.26	18:26:21.376	1.25137	1.25141			6
2024.12.26	18:26:21.683	1.25138				2
2024.12.26	18:26:29.374	1.25136	1.25142			6
2024.12.26	18:26:29.681		1.25141			4
2024.12.26	18:26:30.605	1.25138	1.25142			6
2024.12.26	18:26:30.912	1.25137				2
2024.12.26	18:26:31.215	1.25136	1.25140			6
2024.12.26	18:26:31.518	1.25137				2
2024.12.26	18:26:34.904	1.25138				2
2024.12.26	18:26:35.204		1.25142			4
2024.12.26	18:26:36.746	1.25139				2
2024.12.26	18:26:37.057	1.25137				2
2024.12.26	18:26:41.028	1.25138				2
2024.12.26	18:26:50.499	1.25139				2
2024.12.26	18:26:59.077	1.25138				2
2024.12.26	18:26:59.382	1.25139	1.25141			6
2024.12.26	18:27:00.301	1.25138				2
2024.12.26	18:27:00.605	1.25139				2
2024.12.26	18:27:06.738	1.25138				2
2024.12.26	18:27:10.722	1.25139				2
2024.12.26	18:27:11.327	1.25138				2
2024.12.26	18:27:13.778	1.25139				2
2024.12.26	18:27:14.701	1.25138				2
2024.12.26	18:27:15.923	1.25139				2
2024.12.26	18:27:17.142		1.25142			4
2024.12.26	18:27:21.425	1.25140				2
2024.12.26	18:27:21.731	1.25139				2
2024.12.26	18:27:22.034	1.25140	1.25143			6
2024.12.26	18:27:22.342	1.25139				2
2024.12.26	18:27:25.383	1.25140				2
2024.12.26	18:27:27.218	1.25139				2
2024.12.26	18:27:33.033		1.25142			4
2024.12.26	18:27:33.651		1.25143			4
2024.12.26	18:27:38.244		1.25142			4
2024.12.26	18:27:46.797	1.25146	1.25147			6
2024.12.26	18:27:47.110	1.25147	1.25150			6
2024.12.26	18:27:47.415	1.25146				2
2024.12.26	18:27:48.030	1.25147				2
2024.12.26	18:27:49.561	1.25142	1.25143			6
2024.12.26	18:27:50.486	1.25137	1.25142			6
2024.12.26	18:27:52.629	1.25143	1.25149			6
2024.12.26	18:27:52.935	1.25145	1.25150			6
2024.12.26	18:27:53.242		1.25151			4
2024.12.26	18:27:58.776	1.25144				2
2024.12.26	18:28:00.012	1.25144				2
2024.12.26	18:28:01.545		1.25150			4
2024.12.26	18:28:01.854	1.25145				2
2024.12.26	18:28:02.165		1.25151			4
2024.12.26	18:28:04.627	1.25146				2
2024.12.26	18:28:04.930		1.25152			4
2024.12.26	18:28:12.636	1.25141	1.25147			6
2024.12.26	18:28:12.941	1.25143	1.25149			6
2024.12.26	18:28:14.482	1.25144				2
2024.12.26	18:28:17.555	1.25143				2
2024.12.26	18:28:19.408	1.25144				2
2024.12.26	18:28:19.709	1.25145	1.25151			6
2024.12.26	18:28:24.307	1.25147	1.25153			6
2024.12.26	18:28:26.447	1.25146	1.25152			6
2024.12.26	18:28:27.070	1.25147	1.25153			6
2024.12.26	18:28:27.689	1.25146	1.25152			6
2024.12.26	18:28:28.303	1.25145	1.25151			6
2024.12.26	18:28:28.606	1.25146				2
2024.12.26	18:28:36.603	1.25145	1.25152			6
2024.12.26	18:28:37.216	1.25146				2
2024.12.26	18:28:37.528	1.25145				2
2024.12.26	18:28:37.833	1.25147	1.25153			6
2024.12.26	18:28:38.141	1.25146	1.25152			6
2024.12.26	18:28:41.240		1.25151			4
2024.12.26	18:28:45.553	1.25148	1.25154			6
2024.12.26	18:28:45.864	1.25149				2
2024.12.26	18:28:46.481	1.25150				2
2024.12.26	18:28:46.789		1.25155			4
2024.12.26	18:28:49.255	1.25152	1.25157			6
2024.12.26	18:28:53.570		1.25155			4
2024.12.26	18:28:54.189	1.25151	1.25153			6
2024.12.26	18:28:54.807	1.25152	1.25154			6
2024.12.26	18:28:55.119	1.25151				2
2024.12.26	18:29:00.020	1.25151				2
2024.12.26	18:29:00.330	1.25152				2
2024.12.26	18:29:01.253	1.25150				2
2024.12.26	18:29:02.782	1.25151				2
2024.12.26	18:29:03.084	1.25152				2
2024.12.26	18:29:03.692	1.25151				2
2024.12.26	18:29:04.916	1.25154	1.25155			6
2024.12.26	18:29:05.223	1.25160	1.25162			6
2024.12.26	18:29:05.527	1.25159				2
2024.12.26	18:29:05.830	1.25158				2
2024.12.26	18:29:06.145	1.25157				2
2024.12.26	18:29:07.682	1.25158				2
2024.12.26	18:29:15.067	1.25159				2
2024.12.26	18:29:18.147	1.25165	1.25169			6
2024.12.26	18:29:19.071	1.25167	1.25170			6
2024.12.26	18:29:19.691	1.25166				2
2024.12.26	18:29:21.226	1.25165				2
2024.12.26	18:29:21.536	1.25168				2
2024.12.26	18:29:22.769	1.25167				2
2024.12.26	18:29:24.309	1.25166				2
2024.12.26	18:29:34.763	1.25167				2
2024.12.26	18:29:35.687	1.25166				2
2024.12.26	18:29:36.918	1.25169	1.25171			6
2024.12.26	18:29:37.228	1.25166				2
2024.12.26	18:29:38.153	1.25165	1.25170			6
2024.12.26	18:29:38.458	1.25167				2
2024.12.26	18:29:38.766	1.25165				2
2024.12.26	18:29:39.995	1.25167				2
2024.12.26	18:29:44.927	1.25168	1.25171			6
2024.12.26	18:29:45.242	1.25171	1.25172			6
2024.12.26	18:29:45.553	1.25170	1.25171			6
2024.12.26	18:29:45.855	1.25171	1.25172			6
2024.12.26	18:29:46.463	1.25176	1.25179			6
2024.12.26	18:29:46.765	1.25175				2
2024.12.26	18:29:49.843	1.25178	1.25180			6
2024.12.26	18:29:50.462	1.25179	1.25181			6
2024.12.26	18:29:52.909	1.25180				2
2024.12.26	18:29:55.052	1.25178	1.25180			6
2024.12.26	18:29:55.354	1.25177				2
2024.12.26	18:29:56.578		1.25181			4
2024.12.26	18:30:00.263	1.25179	1.25182			6
2024.12.26	18:30:01.184	1.25178	1.25181			6
2024.12.26	18:30:03.047	1.25179				2
2024.12.26	18:30:04.279	1.25177	1.25180			6
2024.12.26	18:30:07.973	1.25178	1.25181			6
2024.12.26	18:30:10.435	1.25177				2
2024.12.26	18:30:11.666	1.25178				2
2024.12.26	18:30:12.584		1.25180			4
2024.12.26	18:30:14.738	1.25176				2
2024.12.26	18:30:17.817		1.25179			4
2024.12.26	18:30:23.052	1.25173	1.25174			6
2024.12.26	18:30:23.360		1.25175			4
2024.12.26	18:30:23.975	1.25172	1.25174			6
2024.12.26	18:30:24.279	1.25173	1.25175			6
2024.12.26	18:30:27.363		1.25174			4
2024.12.26	18:30:31.368	1.25175	1.25180			6
2024.12.26	18:30:32.903	1.25176				2
2024.12.26	18:30:34.451	1.25175				2
2024.12.26	18:30:35.066	1.25176				2
2024.12.26	18:30:35.378	1.25175				2
2024.12.26	18:30:44.304	1.25176				2
2024.12.26	18:30:47.992		1.25179			4
2024.12.26	18:30:49.229	1.25175				2
2024.12.26	18:30:50.148	1.25176				2
2024.12.26	18:30:51.074	1.25177	1.25180			6
2024.12.26	18:30:54.447	1.25176				2
2024.12.26	18:30:54.756	1.25177				2
2024.12.26	18:30:58.724	1.25176				2
2024.12.26	18:30:59.033		1.25179			4
2024.12.26	18:31:00.256	1.25176				2
2024.12.26	18:31:01.175	1.25182	1.25183			6
2024.12.26	18:31:01.786	1.25180	1.25182			6
2024.12.26	18:31:02.091	1.25181				2
2024.12.26	18:31:03.325	1.25180				2
2024.12.26	18:31:03.626	1.25181				2
2024.12.26	18:31:03.930	1.25180				2
2024.12.26	18:31:04.842	1.25179				2
2024.12.26	18:31:05.150	1.25180				2
2024.12.26	18:31:06.065	1.25181				2
2024.12.26	18:31:07.592	1.25182	1.25183			6
2024.12.26	18:31:07.900	1.25180	1.25182			6
2024.12.26	18:31:11.254	1.25181				2
2024.12.26	18:31:11.876	1.25180				2
2024.12.26	18:31:14.628	1.25181				2
2024.12.26	18:31:14.937		1.25183			4
2024.12.26	18:31:16.465	1.25180	1.25182			6
2024.12.26	18:31:18.936	1.25181				2
2024.12.26	18:31:19.241	1.25182	1.25183			6
2024.12.26	18:31:20.158	1.25180				2
2024.12.26	18:31:21.682	1.25181				2
2024.12.26	18:31:22.597		1.25182			4
2024.12.26	18:31:22.899	1.25180				2
2024.12.26	18:31:24.734	1.25177	1.25180			6
2024.12.26	18:31:32.360	1.25176	1.25178			6
2024.12.26	18:31:33.592	1.25175				2
2024.12.26	18:31:33.898	1.25178	1.25179			6
2024.12.26	18:31:36.958	1.25177				2
2024.12.26	18:31:38.180	1.25176				2
2024.12.26	18:31:38.480	1.25177				2
2024.12.26	18:31:39.094		1.25178			4
2024.12.26	18:31:39.698	1.25176				2
2024.12.26	18:31:41.833	1.25175	1.25177			6
2024.12.26	18:31:42.140		1.25178			4
2024.12.26	18:31:44.886	1.25176	1.25179			6
2024.12.26	18:31:46.407	1.25179	1.25180			6
2024.12.26	18:31:57.393	1.25173	1.25174			6
2024.12.26	18:31:57.703	1.25172	1.25175			6
2024.12.26	18:31:58.006		1.25174			4
2024.12.26	18:31:58.310		1.25175			4
2024.12.26	18:31:59.237	1.25171	1.25173			6
2024.12.26	18:31:59.849		1.25174			4
2024.12.26	18:32:00.157	1.25167	1.25170			6
2024.12.26	18:32:01.694	1.25161	1.25163			6
2024.12.26	18:32:02.002	1.25158	1.25162			6
2024.12.26	18:32:02.306	1.25157				2
2024.12.26	18:32:02.616	1.25160	1.25163			6
2024.12.26	18:32:02.925	1.25167	1.25170			6
2024.12.26	18:32:03.229	1.25168	1.25171			6
2024.12.26	18:32:07.597	1.25169				2
2024.12.26	18:32:11.290	1.25172	1.25173			6
2024.12.26	18:32:11.600	1.25171				2
2024.12.26	18:32:14.374	1.25169				2
2024.12.26	18:32:15.606	1.25170				2
2024.12.26	18:32:16.533	1.25171				2
2024.12.26	18:32:17.762	1.25170				2
2024.12.26	18:32:20.227	1.25172				2
2024.12.26	18:32:20.538	1.25170				2
2024.12.26	18:32:22.376	1.25171				2
2024.12.26	18:32:23.299	1.25166	1.25171			6
2024.12.26	18:32:25.447	1.25165				2
2024.12.26	18:32:31.612	1.25164				2
2024.12.26	18:32:32.843	1.25165				2
2024.12.26	18:32:33.761	1.25164				2
2024.12.26	18:32:34.994	1.25165				2
2024.12.26	18:32:35.304	1.25164				2
2024.12.26	18:32:35.612	1.25165				2
2024.12.26	18:32:38.080		1.25169			4
2024.12.26	18:32:46.701	1.25164				2
2024.12.26	18:32:48.547	1.25165				2
2024.12.26	18:32:48.856	1.25164				2
2024.12.26	18:32:49.162	1.25165	1.25170			6
2024.12.26	18:32:52.554	1.25166				2
2024.12.26	18:32:54.707	1.25165				2
2024.12.26	18:32:55.325	1.25166				2
2024.12.26	18:32:56.247		1.25169			4
2024.12.26	18:32:56.862	1.25164				2
2024.12.26	18:32:59.328	1.25165				2
2024.12.26	18:32:59.643	1.25166				2
2024.12.26	18:33:00.261	1.25166				2
2024.12.26	18:33:03.340	1.25167				2
2024.12.26	18:33:04.879	1.25165				2
2024.12.26	18:33:07.022	1.25166				2
2024.12.26	18:33:08.870	1.25160	1.25163			6
2024.12.26	18:33:12.574	1.25157				2
2024.12.26	18:33:12.882	1.25158				2
2024.12.26	18:33:13.187	1.25159				2
2024.12.26	18:33:20.241	1.25160				2
2024.12.26	18:33:22.377		1.25162			4
2024.12.26	18:33:26.364	1.25161				2
2024.12.26	18:33:26.670	1.25160				2
2024.12.26	18:33:28.814	1.25167	1.25169			6
2024.12.26	18:33:29.120	1.25165				2
2024.12.26	18:33:29.734	1.25164				2
2024.12.26	18:33:30.966	1.25162	1.25164			6
2024.12.26	18:33:31.579	1.25163	1.25168			6
2024.12.26	18:33:31.891	1.25166				2
2024.12.26	18:33:32.803		1.25169			4
2024.12.26	18:33:38.316	1.25167				2
2024.12.26	18:33:41.064		1.25170			4
2024.12.26	18:33:52.421	1.25170	1.25171			6
2024.12.26	18:33:53.039	1.25171	1.25172			6
2024.12.26	18:33:53.646	1.25172	1.25173			6
2024.12.26	18:33:54.267	1.25171				2
2024.12.26	18:33:57.329	1.25172	1.25174			6
2024.12.26	18:33:59.469	1.25171	1.25173			6
2024.12.26	18:34:00.082	1.25171	1.25174			6
2024.12.26	18:34:02.843	1.25170				2
2024.12.26	18:34:05.288	1.25171				2
2024.12.26	18:34:05.592	1.25170				2
2024.12.26	18:34:07.431	1.25171	1.25175			6
2024.12.26	18:34:07.741	1.25170	1.25174			6
2024.12.26	18:34:08.043	1.25169	1.25173			6
2024.12.26	18:34:08.355	1.25167				2
2024.12.26	18:34:13.896	1.25166	1.25170			6
2024.12.26	18:34:14.200	1.25167	1.25171			6
2024.12.26	18:34:18.810	1.25166	1.25170			6
2024.12.26	18:34:19.119	1.25167	1.25171			6
2024.12.26	18:34:21.872		1.25170			4
2024.12.26	18:34:22.182		1.25171			4
2024.12.26	18:34:25.549	1.25158	1.25161			6
2024.12.26	18:34:25.855	1.25159	1.25163			6
2024.12.26	18:34:26.159	1.25160	1.25164			6
2024.12.26	18:34:26.464	1.25159	1.25165			6
2024.12.26	18:34:26.784	1.25161				2
2024.12.26	18:34:27.702		1.25164			4
2024.12.26	18:34:28.013	1.25160				2
2024.12.26	18:34:30.782	1.25159	1.25163			6
2024.12.26	18:34:31.083	1.25158				2
2024.12.26	18:34:40.638	1.25157	1.25164			6
2024.12.26	18:34:40.946		1.25163			4
2024.12.26	18:34:44.029	1.25156	1.25162			6
2024.12.26	18:34:44.333		1.25163			4
2024.12.26	18:34:47.533		1.25162			4
2024.12.26	18:34:48.153		1.25161			4
2024.12.26	18:34:49.684	1.25155				2
2024.12.26	18:34:50.301		1.25160			4
2024.12.26	18:34:50.610	1.25154				2
2024.12.26	18:34:51.844	1.25155	1.25162			6
2024.12.26	18:34:53.690	1.25156				2
2024.12.26	18:34:54.003		1.25161			4
2024.12.26	18:34:58.301	1.25155				2
2024.12.26	18:35:00.141	1.25156				2
2024.12.26	18:35:05.068	1.25157				2
2024.12.26	18:35:11.224		1.25160			4
2024.12.26	18:35:11.837	1.25156	1.25159			6
2024.12.26	18:35:12.139		1.25160			4
2024.12.26	18:35:12.748	1.25157				2
2024.12.26	18:35:17.332	1.25156	1.25159			6
2024.12.26	18:35:26.217	1.25157				2
2024.12.26	18:35:27.430	1.25156				2
2024.12.26	18:35:32.627	1.25155				2
2024.12.26	18:35:36.312		1.25158			4
2024.12.26	18:35:38.140	1.25156	1.25159			6
2024.12.26	18:35:39.059		1.25158			4
2024.12.26	18:35:45.172	1.25155				2
2024.12.26	18:35:45.481	1.25156				2
2024.12.26	18:35:48.242	1.25155				2
2024.12.26	18:35:48.854	1.25156	1.25159			6
2024.12.26	18:35:51.300		1.25158			4
2024.12.26	18:35:54.962		1.25157			4
2024.12.26	18:36:00.169	1.25156				2
2024.12.26	18:36:00.471		1.25158			4
2024.12.26	18:36:04.128		1.25157			4
2024.12.26	18:36:05.968		1.25158			4
2024.12.26	18:36:18.836	1.25157	1.25159			6
2024.12.26	18:36:22.217	1.25156	1.25158			6
2024.12.26	18:36:24.066		1.25157			4
2024.12.26	18:36:24.995	1.25155				2
2024.12.26	18:36:25.916	1.25150	1.25152			6
2024.12.26	18:36:26.217	1.25149	1.25151			6
2024.12.26	18:36:26.525	1.25150				2
2024.12.26	18:36:27.139	1.25148	1.25152			6
2024.12.26	18:36:29.289	1.25149	1.25153			6
2024.12.26	18:36:29.912		1.25152			4
2024.12.26	18:36:41.322	1.25147	1.25151			6
2024.12.26	18:36:42.553	1.25149	1.25152			6
2024.12.26	18:36:43.174		1.25153			4
2024.12.26	18:36:43.483	1.25148	1.25152			6
2024.12.26	18:36:43.800	1.25147	1.25151			6
2024.12.26	18:36:44.102	1.25148				2
2024.12.26	18:36:44.716	1.25149				2
2024.12.26	18:36:51.121	1.25156	1.25158			6
2024.12.26	18:36:52.360		1.25160			4
2024.12.26	18:36:53.282		1.25159			4
2024.12.26	18:36:53.592	1.25155	1.25160			6
2024.12.26	18:36:55.134		1.25159			4
2024.12.26	18:36:56.055	1.25154	1.25158			6
2024.12.26	18:36:56.364	1.25153				2
2024.12.26	18:36:56.673	1.25154				2
2024.12.26	18:36:57.902		1.25159			4
2024.12.26	18:36:58.216		1.25158			4
2024.12.26	18:36:58.521		1.25159			4
2024.12.26	18:36:58.831	1.25157	1.25161			6
2024.12.26	18:37:00.069	1.25157				2
2024.12.26	18:37:08.707	1.25159	1.25164			6
2024.12.26	18:37:09.017	1.25165	1.25170			6
2024.12.26	18:37:09.624		1.25171			4
2024.12.26	18:37:10.563	1.25164	1.25169			6
2024.12.26	18:37:11.798	1.25163				2
2024.12.26	18:37:13.947	1.25164				2
2024.12.26	18:37:16.107	1.25165	1.25170			6
2024.12.26	18:37:16.726	1.25164	1.25171			6
2024.12.26	18:37:17.339		1.25170			4
2024.12.26	18:37:17.648	1.25165	1.25171			6
2024.12.26	18:37:20.120	1.25166				2
2024.12.26	18:37:21.046		1.25170			4
2024.12.26	18:37:21.665		1.25171			4
2024.12.26	18:37:21.976	1.25167				2
2024.12.26	18:37:22.282	1.25165	1.25170			6
2024.12.26	18:37:22.583	1.25164	1.25169			6
2024.12.26	18:37:24.134		1.25170			4
2024.12.26	18:37:26.293		1.25169			4
2024.12.26	18:37:27.827	1.25162	1.25167			6
2024.12.26	18:37:28.135		1.25168			4
2024.12.26	18:37:30.598	1.25163				2
2024.12.26	18:37:31.520	1.25162				2
2024.12.26	18:37:33.980	1.25165	1.25170			6
2024.12.26	18:37:34.596		1.25171			4
2024.12.26	18:37:35.215	1.25166				2
2024.12.26	18:37:35.523		1.25172			4
2024.12.26	18:37:36.755	1.25165	1.25171			6
2024.12.26	18:37:37.372		1.25170			4
2024.12.26	18:37:38.602	1.25162	1.25168			6
2024.12.26	18:37:39.524	1.25163	1.25169			6
2024.12.26	18:37:40.451	1.25162				2
2024.12.26	18:37:41.368		1.25168			4
2024.12.26	18:37:42.598	1.25164				2
2024.12.26	18:37:43.826	1.25167	1.25171			6
2024.12.26	18:37:44.128	1.25168	1.25172			6
2024.12.26	18:37:45.367		1.25173			4
2024.12.26	18:37:45.675		1.25171			4
2024.12.26	18:37:45.976	1.25166				2
2024.12.26	18:37:46.596	1.25167				2
2024.12.26	18:37:47.830	1.25168				2
2024.12.26	18:37:51.222	1.25167				2
2024.12.26	18:37:51.527	1.25169	1.25174			6
2024.12.26	18:37:52.147	1.25168				2
2024.12.26	18:37:56.148		1.25175			4
2024.12.26	18:37:59.528	1.25169				2
2024.12.26	18:38:00.140	1.25169				2
2024.12.26	18:38:01.381		1.25174			4
2024.12.26	18:38:06.308		1.25173			4
2024.12.26	18:38:07.232		1.25174			4
2024.12.26	18:38:08.464		1.25173			4
2024.12.26	18:38:09.695	1.25170				2
2024.12.26	18:38:10.000		1.25174			4
2024.12.26	18:38:10.921		1.25175			4
2024.12.26	18:38:15.854	1.25168	1.25173			6
2024.12.26	18:38:24.456	1.25169	1.25174			6
2024.12.26	18:38:24.760	1.25171	1.25175			6
2024.12.26	18:38:25.070	1.25169	1.25174			6
2024.12.26	18:38:26.602	1.25168	1.25173			6
2024.12.26	18:38:26.903	1.25167	1.25171			6
2024.12.26	18:38:28.751	1.25159	1.25160			6
2024.12.26	18:38:29.058	1.25158				2
2024.12.26	18:38:29.362	1.25155				2
2024.12.26	18:38:30.295	1.25158				2
2024.12.26	18:38:30.600		1.25161			4
2024.12.26	18:38:36.754	1.25156	1.25159			6
2024.12.26	18:38:48.131	1.25159	1.25161			6
2024.12.26	18:38:49.671		1.25162			4
2024.12.26	18:38:52.445	1.25157	1.25161			6
2024.12.26	18:39:00.145	1.25157				2
2024.12.26	18:39:01.061	1.25158				2
2024.12.26	18:39:05.676	1.25157				2
2024.12.26	18:39:10.606	1.25159	1.25163			6
2024.12.26	18:39:11.224	1.25160				2
2024.12.26	18:39:11.837	1.25159				2
2024.12.26	18:39:13.987	1.25160				2
2024.12.26	18:39:14.297	1.25161				2
2024.12.26	18:39:14.605	1.25160				2
2024.12.26	18:39:15.523	1.25161				2
2024.12.26	18:39:16.141	1.25160				2
2024.12.26	18:39:45.848		1.25162			4
2024.12.26	18:39:47.368		1.25163			4
2024.12.26	18:39:48.285	1.25159	1.25162			6
2024.12.26	18:39:50.722	1.25160	1.25163			6
2024.12.26	18:40:00.207	1.25159	1.25162			6
2024.12.26	18:40:00.511		1.25161			4
2024.12.26	18:40:00.819	1.25157	1.25160			6
2024.12.26	18:40:10.603	1.25159				2
2024.12.26	18:40:10.904		1.25162			4
2024.12.26	18:40:12.126	1.25158				2
2024.12.26	18:40:12.430	1.25157	1.25160			6
2024.12.26	18:40:13.959	1.25154	1.25156			6
2024.12.26	18:40:14.267	1.25149	1.25152			6
2024.12.26	18:40:14.570	1.25145	1.25147			6
2024.12.26	18:40:15.181		1.25149			4
2024.12.26	18:40:17.038	1.25146				2
2024.12.26	18:40:33.328	1.25147				2
2024.12.26	18:40:34.559	1.25146				2
2024.12.26	18:40:34.868	1.25147				2
2024.12.26	18:40:36.097	1.25146				2
2024.12.26	18:40:38.243		1.25150			4
2024.12.26	18:40:41.309	1.25155	1.25157			6
2024.12.26	18:40:41.615	1.25154				2
2024.12.26	18:40:42.231		1.25156			4
2024.12.26	18:40:42.538	1.25152	1.25155			6
2024.12.26	18:40:43.150	1.25150	1.25152			6
2024.12.26	18:40:52.942	1.25151				2
2024.12.26	18:40:53.556	1.25150				2
2024.12.26	18:40:53.861	1.25151				2
2024.12.26	18:40:54.778	1.25150				2
2024.12.26	18:40:57.527	1.25149				2
2024.12.26	18:41:00.290	1.25149				2
2024.12.26	18:41:01.506	1.25145	1.25149			6
2024.12.26	18:41:02.130	1.25144				2
2024.12.26	18:41:05.180	1.25145				2
2024.12.26	18:41:05.485		1.25148			4
2024.12.26	18:41:05.792	1.25140	1.25144			6
2024.12.26	18:41:09.167	1.25135	1.25137			6
2024.12.26	18:41:09.471	1.25134				2
2024.12.26	18:41:12.546	1.25135	1.25138			6
2024.12.26	18:41:19.292	1.25137	1.25139			6
2024.12.26	18:41:22.672	1.25143	1.25144			6
2024.12.26	18:41:22.985	1.25147	1.25150			6
2024.12.26	18:41:23.596	1.25148	1.25151			6
2024.12.26	18:41:25.134	1.25141	1.25142			6
2024.12.26	18:41:25.437	1.25138				2
2024.12.26	18:41:25.745	1.25139				2
2024.12.26	18:41:30.040	1.25142	1.25145			6
2024.12.26	18:41:30.348	1.25143	1.25147			6
2024.12.26	18:41:30.657	1.25142				2
2024.12.26	18:41:33.114	1.25143				2
2024.12.26	18:41:33.421	1.25142				2
2024.12.26	18:41:37.101	1.25141				2
2024.12.26	18:41:38.328	1.25142				2
2024.12.26	18:41:38.636	1.25143				2
2024.12.26	18:41:39.250	1.25142	1.25146			6
2024.12.26	18:41:39.862	1.25145	1.25149			6
2024.12.26	18:41:40.168	1.25143	1.25148			6
2024.12.26	18:41:41.398	1.25145	1.25149			6
2024.12.26	18:41:41.701	1.25144				2
2024.12.26	18:41:43.547		1.25148			4
2024.12.26	18:41:46.621		1.25149			4
2024.12.26	18:41:47.541	1.25143	1.25148			6
2024.12.26	18:41:48.151	1.25142	1.25143			6
2024.12.26	18:41:48.459	1.25135	1.25140			6
2024.12.26	18:41:53.379	1.25138				2
2024.12.26	18:41:53.684	1.25139	1.25142			6
2024.12.26	18:41:53.993		1.25143			4
2024.12.26	18:41:56.761	1.25143	1.25144			6
2024.12.26	18:41:57.069		1.25146			4
2024.12.26	18:42:00.140	1.25143				2
2024.12.26	18:42:00.446	1.25141	1.25145			6
2024.12.26	18:42:01.369	1.25146	1.25149			6
2024.12.26	18:42:02.290		1.25150			4
2024.12.26	18:42:02.597	1.25145				2
2024.12.26	18:42:26.001	1.25146				2
2024.12.26	18:42:26.927	1.25147				2
2024.12.26	18:42:37.091	1.25145				2
2024.12.26	18:42:37.410	1.25146				2
2024.12.26	18:42:38.953	1.25145				2
2024.12.26	18:42:39.872	1.25146				2
2024.12.26	18:42:40.181	1.25147				2
2024.12.26	18:42:43.882	1.25146	1.25149			6
2024.12.26	18:42:52.203	1.25148	1.25150			6
2024.12.26	18:42:52.504	1.25146				2
2024.12.26	18:42:57.370	1.25147				2
2024.12.26	18:43:00.130	1.25147				2
2024.12.26	18:43:04.711	1.25148	1.25151			6
2024.12.26	18:43:05.016	1.25147	1.25150			6
2024.12.26	18:43:06.547	1.25149	1.25151			6
2024.12.26	18:43:16.328	1.25152	1.25153			6
2024.12.26	18:43:22.135	1.25149	1.25151			6
2024.12.26	18:43:25.798	1.25147	1.25149			6
2024.12.26	18:43:30.078	1.25146				2
2024.12.26	18:43:31.311		1.25148			4
2024.12.26	18:43:32.231		1.25149			4
2024.12.26	18:43:34.995	1.25148	1.25150			6
2024.12.26	18:43:36.208	1.25147				2
2024.12.26	18:43:40.182		1.25149			4
2024.12.26	18:43:53.630	1.25146	1.25148			6
2024.12.26	18:43:53.935	1.25145	1.25147			6
2024.12.26	18:43:55.167	1.25146	1.25148			6
2024.12.26	18:43:56.081	1.25143	1.25145			6
2024.12.26	18:43:58.560	1.25144	1.25146			6
2024.12.26	18:43:59.470	1.25146	1.25148			6
2024.12.26	18:44:00.082	1.25147	1.25149			6
2024.12.26	18:44:00.388	1.25144	1.25145			6
2024.12.26	18:44:02.232		1.25146			4
2024.12.26	18:44:02.536	1.25145	1.25148			6
2024.12.26	18:44:03.451	1.25144	1.25147			6
2024.12.26	18:44:04.373	1.25145	1.25149			6
2024.12.26	18:44:05.286		1.25148			4
2024.12.26	18:44:06.504	1.25146	1.25149			6
2024.12.26	18:44:06.808	1.25145	1.25148			6
2024.12.26	18:44:11.687	1.25146	1.25149			6
2024.12.26	18:44:12.600	1.25147				2
2024.12.26	18:44:12.903	1.25146				2
2024.12.26	18:44:15.346	1.25147				2
2024.12.26	18:44:22.067	1.25149	1.25150			6
2024.12.26	18:44:27.895	1.25147	1.25148			6
2024.12.26	18:44:29.121		1.25149			4
2024.12.26	18:44:37.972	1.25149	1.25150			6
2024.12.26	18:44:38.281		1.25151			4
2024.12.26	18:44:41.035	1.25150	1.25152			6
2024.12.26	18:44:42.873	1.25151	1.25153			6
2024.12.26	18:44:47.448	1.25150	1.25152			6
2024.12.26	18:44:47.756	1.25149	1.25151			6
2024.12.26	18:44:48.369	1.25146	1.25148			6
2024.12.26	18:44:48.680	1.25147	1.25149			6
2024.12.26	18:44:48.985	1.25146	1.25148			6
2024.12.26	18:44:49.600	1.25147	1.25149			6
2024.12.26	18:44:49.901	1.25146	1.25148			6
2024.12.26	18:44:56.925	1.25147	1.25149			6
2024.12.26	18:44:57.831	1.25148	1.25150			6
2024.12.26	18:44:58.140	1.25147	1.25149			6
2024.12.26	18:45:00.285	1.25149	1.25151			6
2024.12.26	18:45:00.595	1.25148	1.25149			6
2024.12.26	18:45:01.199	1.25147				2
2024.12.26	18:45:03.047	1.25151	1.25153			6
2024.12.26	18:45:04.270		1.25154			4
2024.12.26	18:45:04.877	1.25155	1.25158			6
2024.12.26	18:45:05.187	1.25153	1.25156			6
2024.12.26	18:45:05.502	1.25151	1.25154			6
2024.12.26	18:45:06.431	1.25150	1.25153			6
2024.12.26	18:45:06.735	1.25149	1.25152			6
2024.12.26	18:45:07.351	1.25147	1.25150			6
2024.12.26	18:45:07.656	1.25148				2
2024.12.26	18:45:08.278		1.25151			4
2024.12.26	18:45:08.889		1.25152			4
2024.12.26	18:45:11.346		1.25151			4
2024.12.26	18:45:11.649	1.25147	1.25150			6
2024.12.26	18:45:14.113	1.25148	1.25151			6
2024.12.26	18:45:16.268	1.25149				2
2024.12.26	18:45:16.582		1.25152			4
2024.12.26	18:45:18.724	1.25148	1.25150			6
2024.12.26	18:45:19.345		1.25151			4
2024.12.26	18:45:19.651		1.25150			4
2024.12.26	18:45:24.272	1.25149	1.25152			6
2024.12.26	18:45:27.657	1.25150	1.25153			6
2024.12.26	18:45:28.267	1.25148	1.25151			6
2024.12.26	18:45:29.808	1.25149	1.25150			6
2024.12.26	18:45:30.115		1.25151			4
2024.12.26	18:45:34.120		1.25150			4
2024.12.26	18:45:35.041	1.25144	1.25146			6
2024.12.26	18:45:36.263	1.25145	1.25149			6
2024.12.26	18:45:37.790	1.25146				2
2024.12.26	18:45:38.721		1.25150			4
2024.12.26	18:45:39.641	1.25144	1.25148			6
2024.12.26	18:45:40.261		1.25149			4
2024.12.26	18:45:41.185	1.25145	1.25150			6
2024.12.26	18:45:41.488	1.25139	1.25144			6
2024.12.26	18:45:42.110		1.25145			4
2024.12.26	18:45:43.034		1.25146			4
2024.12.26	18:45:45.191		1.25145			4
2024.12.26	18:45:52.252	1.25140				2
2024.12.26	18:45:52.554	1.25137	1.25142			6
2024.12.26	18:45:52.861		1.25141			4
2024.12.26	18:45:53.166		1.25142			4
2024.12.26	18:45:59.012	1.25136	1.25140			6
2024.12.26	18:46:00.241	1.25136	1.25141			6
2024.12.26	18:46:01.477		1.25140			4
2024.12.26	18:46:02.100		1.25141			4
2024.12.26	18:46:06.098		1.25140			4
2024.12.26	18:46:09.185	1.25137	1.25141			6
2024.12.26	18:46:09.796	1.25136	1.25140			6
2024.12.26	18:46:13.490	1.25134	1.25138			6
2024.12.26	18:46:14.434	1.25135	1.25139			6
2024.12.26	18:46:14.741	1.25131	1.25135			6
2024.12.26	18:46:15.664	1.25130				2
2024.12.26	18:46:16.280	1.25128	1.25133			6
2024.12.26	18:46:16.590		1.25132			4
2024.12.26	18:46:17.204		1.25134			4
2024.12.26	18:46:17.820	1.25127	1.25132			6
2024.12.26	18:46:18.432		1.25133			4
2024.12.26	18:46:20.275		1.25132			4
2024.12.26	18:46:21.208	1.25128				2
2024.12.26	18:46:21.518	1.25129	1.25133			6
2024.12.26	18:46:22.131	1.25130	1.25135			6
2024.12.26	18:46:23.364	1.25127	1.25132			6
2024.12.26	18:46:23.675	1.25128				2
2024.12.26	18:46:23.981		1.25133			4
2024.12.26	18:46:24.902	1.25127	1.25132			6
2024.12.26	18:46:25.204	1.25128				2
2024.12.26	18:46:31.065		1.25133			4
2024.12.26	18:46:31.680	1.25129	1.25134			6
2024.12.26	18:46:32.292	1.25128				2
2024.12.26	18:46:33.219		1.25133			4
2024.12.26	18:46:34.147	1.25129	1.25134			6
2024.12.26	18:46:37.838	1.25127	1.25131			6
2024.12.26	18:46:38.143		1.25132			4
2024.12.26	18:46:38.761		1.25131			4
2024.12.26	18:46:39.067	1.25128	1.25132			6
2024.12.26	18:46:41.537		1.25131			4
2024.12.26	18:46:43.390	1.25127				2
2024.12.26	18:46:45.855	1.25128	1.25132			6
2024.12.26	18:46:46.467		1.25131			4
2024.12.26	18:46:52.316		1.25130			4
2024.12.26	18:46:54.171	1.25119	1.25121			6
2024.12.26	18:46:54.481	1.25118				2
2024.12.26	18:46:55.087	1.25119	1.25124			6
2024.12.26	18:46:55.398	1.25120				2
2024.12.26	18:46:55.704		1.25125			4
2024.12.26	18:46:57.554		1.25126			4
2024.12.26	18:46:58.171		1.25125			4
2024.12.26	18:46:59.093	1.25121	1.25126			6
2024.12.26	18:46:59.708	1.25120	1.25125			6
2024.12.26	18:47:00.020	1.25120				2
2024.12.26	18:47:00.326	1.25121				2
2024.12.26	18:47:02.488	1.25124	1.25128			6
2024.12.26	18:47:06.189	1.25120	1.25126			6
2024.12.26	18:47:10.564	1.25121	1.25125			6
2024.12.26	18:47:12.102	1.25120	1.25126			6
2024.12.26	18:47:12.717	1.25118	1.25124			6
2024.12.26	18:47:19.797		1.25125			4
2024.12.26	18:47:21.332		1.25124			4
2024.12.26	18:47:25.329	1.25117	1.25122			6
2024.12.26	18:47:25.630	1.25121	1.25124			6
2024.12.26	18:47:25.944		1.25125			4
2024.12.26	18:47:26.560	1.25120				2
2024.12.26	18:47:26.865	1.25121				2
2024.12.26	18:47:27.791	1.25120	1.25124			6
2024.12.26	18:47:29.013		1.25125			4
2024.12.26	18:47:30.540		1.25124			4
2024.12.26	18:47:33.008	1.25121				2
2024.12.26	18:47:33.317		1.25125			4
2024.12.26	18:47:36.386		1.25124			4
2024.12.26	18:47:36.997	1.25120	1.25125			6
2024.12.26	18:47:43.104		1.25124			4
2024.12.26	18:47:43.408	1.25121	1.25125			6
2024.12.26	18:47:45.856	1.25120	1.25123			6
2024.12.26	18:47:50.141		1.25124			4
2024.12.26	18:47:50.751		1.25123			4
2024.12.26	18:47:51.064	1.25119	1.25122			6
2024.12.26	18:47:53.201	1.25120	1.25123			6
2024.12.26	18:48:00.216	1.25120				2
2024.12.26	18:48:01.450	1.25129	1.25132			6
2024.12.26	18:48:01.752	1.25128	1.25131			6
2024.12.26	18:48:02.058	1.25129	1.25132			6
2024.12.26	18:48:03.272		1.25134			4
2024.12.26	18:48:03.878	1.25136	1.25141			6
2024.12.26	18:48:05.409	1.25135	1.25140			6
2024.12.26	18:48:06.960		1.25139			4
2024.12.26	18:48:19.528		1.25140			4
2024.12.26	18:48:20.437	1.25136				2
2024.12.26	18:48:20.745		1.25141			4
2024.12.26	18:48:21.355	1.25137	1.25142			6
2024.12.26	18:48:22.581	1.25136	1.25141			6
2024.12.26	18:48:23.502		1.25140			4
2024.12.26	18:48:33.039		1.25141			4
2024.12.26	18:48:33.341	1.25137				2
2024.12.26	18:48:33.646		1.25142			4
2024.12.26	18:48:37.324	1.25139	1.25144			6
2024.12.26	18:48:39.163	1.25140	1.25145			6
2024.12.26	18:48:39.467	1.25139				2
2024.12.26	18:48:39.773		1.25146			4
2024.12.26	18:48:42.833	1.25140				2
2024.12.26	18:48:43.141	1.25147	1.25151			6
2024.12.26	18:48:43.443	1.25146	1.25150			6
2024.12.26	18:48:43.751		1.25149			4
2024.12.26	18:48:44.061		1.25150			4
2024.12.26	18:48:49.266	1.25147	1.25151			6
2024.12.26	18:48:49.888		1.25150			4
2024.12.26	18:48:50.193	1.25146				2
2024.12.26	18:48:50.807	1.25144	1.25148			6
2024.12.26	18:48:51.725	1.25146	1.25149			6
2024.12.26	18:48:53.572		1.25150			4
2024.12.26	18:48:54.484		1.25148			4
2024.12.26	18:48:55.097	1.25144				2
2024.12.26	18:48:55.712	1.25145				2
2024.12.26	18:49:00.294	1.25145				2
2024.12.26	18:49:01.213	1.25147	1.25149			6
2024.12.26	18:49:03.972	1.25146				2
2024.12.26	18:49:08.257	1.25147	1.25150			6
2024.12.26	18:49:22.342		1.25149			4
2024.12.26	18:49:23.256	1.25146				2
2024.12.26	18:49:29.087	1.25147				2
2024.12.26	18:49:37.378	1.25149	1.25151			6
2024.12.26	18:49:38.602	1.25148	1.25150			6
2024.12.26	18:49:40.751	1.25147	1.25149			6
2024.12.26	18:49:41.055	1.25148	1.25150			6
2024.12.26	18:49:50.523	1.25147	1.25149			6
2024.12.26	18:50:00.000	1.25147				2
2024.12.26	18:50:00.920	1.25151	1.25153			6
2024.12.26	18:50:04.878	1.25152				2
2024.12.26	18:50:05.178	1.25151				2
2024.12.26	18:50:05.482	1.25150	1.25152			6
2024.12.26	18:50:06.088	1.25151	1.25153			6
2024.12.26	18:50:08.825	1.25150	1.25152			6
2024.12.26	18:50:13.715	1.25151	1.25153			6
2024.12.26	18:50:17.990	1.25153	1.25155			6
2024.12.26	18:50:20.743	1.25152	1.25154			6
2024.12.26	18:50:28.996	1.25151	1.25153			6
2024.12.26	18:50:29.299	1.25150	1.25152			6
2024.12.26	18:50:40.027	1.25149	1.25151			6
2024.12.26	18:50:50.413	1.25148	1.25150			6
2024.12.26	18:50:51.329	1.25149	1.25151			6
2024.12.26	18:51:00.219	1.25149				2
2024.12.26	18:51:00.525	1.25150	1.25152			6
2024.12.26	18:51:00.833	1.25149	1.25151			6
2024.12.26	18:51:05.428	1.25148	1.25150			6
2024.12.26	18:51:05.730	1.25149	1.25151			6
2024.12.26	18:51:08.185	1.25152	1.25154			6
2024.12.26	18:51:08.487	1.25155	1.25157			6
2024.12.26	18:51:09.099		1.25159			4
2024.12.26	18:51:09.404	1.25156	1.25161			6
2024.12.26	18:51:10.938		1.25160			4
2024.12.26	18:51:11.242	1.25153	1.25157			6
2024.12.26	18:51:11.545	1.25152	1.25156			6
2024.12.26	18:51:12.771		1.25155			4
2024.12.26	18:51:14.312	1.25148	1.25152			6
2024.12.26	18:51:14.620	1.25147				2
2024.12.26	18:51:16.464	1.25152	1.25156			6
2024.12.26	18:51:16.766	1.25157	1.25161			6
2024.12.26	18:51:29.983	1.25160	1.25164			6
2024.12.26	18:51:30.918		1.25163			4
2024.12.26	18:51:33.684	1.25159	1.25162			6
2024.12.26	18:51:38.298	1.25160	1.25163			6
2024.12.26	18:51:40.138	1.25159				2
2024.12.26	18:51:44.426		1.25162			4
2024.12.26	18:51:46.879		1.25163			4
2024.12.26	18:51:48.102		1.25162			4
2024.12.26	18:51:49.328	1.25155	1.25161			6
2024.12.26	18:51:49.939		1.25160			4
2024.12.26	18:51:50.243	1.25154	1.25159			6
2024.12.26	18:51:52.393	1.25155	1.25160			6
2024.12.26	18:51:54.239		1.25161			4
2024.12.26	18:51:55.468	1.25154	1.25160			6
2024.12.26	18:51:56.694	1.25155	1.25161			6
2024.12.26	18:51:59.152		1.25160			4
2024.12.26	18:52:00.081	1.25155				2
2024.12.26	18:52:00.384	1.25154				2
2024.12.26	18:52:00.688	1.25155	1.25161			6
2024.12.26	18:52:03.142	1.25157				2
2024.12.26	18:52:09.299	1.25158				2
2024.12.26	18:52:11.445	1.25159	1.25163			6
2024.12.26	18:52:11.746	1.25161	1.25164			6
2024.12.26	18:52:12.364		1.25163			4
2024.12.26	18:52:19.747	1.25162				2
2024.12.26	18:52:20.368	1.25161				2
2024.12.26	18:52:23.751	1.25159	1.25161			6
2024.12.26	18:52:25.597	1.25158	1.25160			6
2024.12.26	18:52:27.137	1.25157				2
2024.12.26	18:52:29.613	1.25156	1.25159			6
2024.12.26	18:52:29.920	1.25155				2
2024.12.26	18:52:30.228		1.25158			4
2024.12.26	18:52:30.841		1.25159			4
2024.12.26	18:52:31.454		1.25158			4
2024.12.26	18:52:36.360		1.25157			4
2024.12.26	18:52:36.974	1.25151	1.25153			6
2024.12.26	18:52:38.198		1.25154			4
2024.12.26	18:52:38.508	1.25152				2
2024.12.26	18:52:49.091	1.25148	1.25152			6
2024.12.26	18:52:49.397	1.25152	1.25155			6
2024.12.26	18:52:49.703	1.25151				2
2024.12.26	18:52:50.932	1.25150	1.25153			6
2024.12.26	18:52:56.728	1.25151	1.25154			6
2024.12.26	18:53:00.093	1.25151				2
2024.12.26	18:53:00.398	1.25152				2
2024.12.26	18:53:01.310	1.25151				2
2024.12.26	18:53:01.619	1.25150				2
2024.12.26	18:53:03.452	1.25151				2
2024.12.26	18:53:05.576	1.25152	1.25155			6
2024.12.26	18:53:10.779	1.25153				2
2024.12.26	18:53:13.212	1.25152				2
2024.12.26	18:53:13.830		1.25154			4
2024.12.26	18:53:19.345	1.25153				2
2024.12.26	18:53:22.708	1.25163	1.25165			6
2024.12.26	18:53:23.017	1.25164				2
2024.12.26	18:53:23.320	1.25160				2
2024.12.26	18:53:24.248	1.25162	1.25167			6
2024.12.26	18:53:25.782	1.25161				2
2024.12.26	18:53:26.092	1.25162				2
2024.12.26	18:53:26.707	1.25169	1.25174			6
2024.12.26	18:53:27.011	1.25172	1.25177			6
2024.12.26	18:53:27.328	1.25171				2
2024.12.26	18:53:27.630	1.25168	1.25173			6
2024.12.26	18:53:29.165	1.25170	1.25175			6
2024.12.26	18:53:30.703		1.25176			4
2024.12.26	18:53:31.318	1.25171	1.25177			6
2024.12.26	18:53:31.629		1.25176			4
2024.12.26	18:53:32.251		1.25178			4
2024.12.26	18:53:34.087		1.25177			4
2024.12.26	18:53:34.704		1.25176			4
2024.12.26	18:53:35.318		1.25177			4
2024.12.26	18:53:38.401	1.25169	1.25175			6
2024.12.26	18:53:38.704	1.25171	1.25176			6
2024.12.26	18:53:39.017	1.25170				2
2024.12.26	18:53:40.247	1.25171				2
2024.12.26	18:53:40.864		1.25177			4
2024.12.26	18:53:42.702	1.25170	1.25175			6
2024.12.26	18:53:44.844		1.25176			4
2024.12.26	18:53:46.383	1.25171				2
2024.12.26	18:53:49.135		1.25175			4
2024.12.26	18:53:49.442	1.25170				2
2024.12.26	18:53:50.054	1.25171	1.25176			6
2024.12.26	18:53:50.670	1.25170	1.25175			6
2024.12.26	18:53:52.819		1.25176			4
2024.12.26	18:53:53.123	1.25171				2
2024.12.26	18:53:56.513	1.25170				2
2024.12.26	18:53:58.362	1.25171	1.25175			6
2024.12.26	18:54:00.204	1.25171	1.25176			6
2024.12.26	18:54:00.516		1.25175			4
2024.12.26	18:54:04.798	1.25172	1.25176			6
2024.12.26	18:54:06.026		1.25175			4
2024.12.26	18:54:06.335	1.25174	1.25178			6
2024.12.26	18:54:07.246	1.25173				2
2024.12.26	18:54:07.554		1.25176			4
2024.12.26	18:54:10.915	1.25172	1.25175			6
2024.12.26	18:54:11.222		1.25176			4
2024.12.26	18:54:11.530		1.25177			4
2024.12.26	18:54:12.148		1.25176			4
2024.12.26	18:54:12.452		1.25175			4
2024.12.26	18:54:13.068		1.25176			4
2024.12.26	18:54:13.679		1.25175			4
2024.12.26	18:54:23.158		1.25174			4
2024.12.26	18:54:23.776		1.25175			4
2024.12.26	18:54:24.081		1.25176			4
2024.12.26	18:54:24.688	1.25173	1.25177			6
2024.12.26	18:54:24.989	1.25172	1.25175			6
2024.12.26	18:54:28.338	1.25174	1.25177			6
2024.12.26	18:54:29.258	1.25173				2
2024.12.26	18:54:30.185	1.25174				2
2024.12.26	18:54:31.703	1.25173	1.25176			6
2024.12.26	18:54:35.683	1.25171	1.25174			6
2024.12.26	18:54:37.520	1.25172	1.25175			6
2024.12.26	18:54:37.829	1.25173	1.25176			6
2024.12.26	18:54:41.797	1.25175	1.25178			6
2024.12.26	18:54:42.706	1.25174	1.25177			6
2024.12.26	18:54:44.231	1.25173	1.25175			6
2024.12.26	18:54:48.814	1.25172				2
2024.12.26	18:54:49.728	1.25171	1.25174			6
2024.12.26	18:54:50.339	1.25172				2
2024.12.26	18:54:53.405	1.25173	1.25175			6
2024.12.26	18:54:56.467	1.25174	1.25176			6
2024.12.26	18:54:57.998	1.25173	1.25175			6
2024.12.26	18:54:58.305	1.25172	1.25174			6
2024.12.26	18:54:59.219	1.25173	1.25175			6
2024.12.26	18:54:59.827	1.25172	1.25174			6
2024.12.26	18:55:00.137	1.25172				2
2024.12.26	18:55:04.721	1.25174	1.25176			6
2024.12.26	18:55:10.220	1.25177	1.25180			6
2024.12.26	18:55:11.434	1.25179	1.25182			6
2024.12.26	18:55:13.570	1.25182	1.25185			6
2024.12.26	18:55:14.184	1.25183	1.25186			6
2024.12.26	18:55:14.487	1.25187	1.25190			6
2024.12.26	18:55:14.797	1.25186	1.25189			6
2024.12.26	18:55:15.101		1.25191			4
2024.12.26	18:55:16.322	1.25185				2
2024.12.26	18:55:17.845	1.25186	1.25192			6
2024.12.26	18:55:18.151	1.25181	1.25186			6
2024.12.26	18:55:18.458	1.25183	1.25187			6
2024.12.26	18:55:18.764	1.25184	1.25189			6
2024.12.26	18:55:19.067	1.25185	1.25190			6
2024.12.26	18:55:19.374	1.25184	1.25191			6
2024.12.26	18:55:19.983	1.25186	1.25192			6
2024.12.26	18:55:20.283	1.25185				2
2024.12.26	18:55:21.514	1.25186				2
2024.12.26	18:55:21.821	1.25185				2
2024.12.26	18:55:23.348		1.25191			4
2024.12.26	18:55:23.652		1.25192			4
2024.12.26	18:55:25.182	1.25191	1.25197			6
2024.12.26	18:55:25.788	1.25190	1.25196			6
2024.12.26	18:55:26.398	1.25189	1.25195			6
2024.12.26	18:55:27.308	1.25191	1.25196			6
2024.12.26	18:55:28.533	1.25190				2
2024.12.26	18:55:28.851	1.25191				2
2024.12.26	18:55:30.685	1.25189	1.25194			6
2024.12.26	18:55:34.957	1.25190	1.25196			6
2024.12.26	18:55:35.270	1.25191				2
2024.12.26	18:55:35.903	1.25190				2
2024.12.26	18:55:36.209	1.25191				2
2024.12.26	18:55:37.129	1.25190	1.25195			6
2024.12.26	18:55:37.435		1.25196			4
2024.12.26	18:55:37.742		1.25195			4
2024.12.26	18:55:39.277	1.25188	1.25193			6
2024.12.26	18:55:40.195		1.25194			4
2024.12.26	18:55:41.422	1.25189				2
2024.12.26	18:55:44.479	1.25184	1.25192			6
2024.12.26	18:55:44.784	1.25185	1.25193			6
2024.12.26	18:55:45.095		1.25190			4
2024.12.26	18:55:45.396	1.25186	1.25193			6
2024.12.26	18:55:46.319	1.25185				2
2024.12.26	18:55:47.237	1.25186				2
2024.12.26	18:55:47.548	1.25185				2
2024.12.26	18:55:51.823		1.25190			4
2024.12.26	18:55:52.440		1.25193			4
2024.12.26	18:55:53.055		1.25190			4
2024.12.26	18:55:53.358	1.25186	1.25191			6
2024.12.26	18:55:53.664	1.25185				2
2024.12.26	18:55:56.161		1.25190			4
2024.12.26	18:55:56.466	1.25186				2
2024.12.26	18:55:57.075	1.25185				2
2024.12.26	18:56:00.141	1.25185				2
2024.12.26	18:56:00.444	1.25186	1.25192			6
2024.12.26	18:56:02.596		1.25193			4
2024.12.26	18:56:05.349		1.25190			4
2024.12.26	18:56:05.651	1.25185	1.25192			6
2024.12.26	18:56:05.961		1.25190			4
2024.12.26	18:56:07.802	1.25186	1.25192			6
2024.12.26	18:56:08.110	1.25185	1.25190			6
2024.12.26	18:56:08.422	1.25186	1.25192			6
2024.12.26	18:56:08.727		1.25190			4
2024.12.26	18:56:09.030	1.25185				2
2024.12.26	18:56:09.334	1.25186	1.25192			6
2024.12.26	18:56:13.614		1.25190			4
2024.12.26	18:56:13.921		1.25192			4
2024.12.26	18:56:16.981		1.25190			4
2024.12.26	18:56:17.284	1.25185	1.25191			6
2024.12.26	18:56:17.587	1.25186	1.25192			6
2024.12.26	18:56:18.193	1.25185	1.25190			6
2024.12.26	18:56:21.860	1.25186	1.25191			6
2024.12.26	18:56:22.161	1.25187	1.25192			6
2024.12.26	18:56:22.468	1.25186	1.25191			6
2024.12.26	18:56:24.595	1.25185	1.25189			6
2024.12.26	18:56:25.198		1.25190			4
2024.12.26	18:56:27.657		1.25189			4
2024.12.26	18:56:27.963		1.25190			4
2024.12.26	18:56:29.786		1.25189			4
2024.12.26	18:56:33.444	1.25183	1.25186			6
2024.12.26	18:56:37.131	1.25182				2
2024.12.26	18:56:37.739	1.25181	1.25184			6
2024.12.26	18:56:38.046	1.25180				2
2024.12.26	18:56:38.352		1.25185			4
2024.12.26	18:56:38.659	1.25181				2
2024.12.26	18:56:40.804		1.25184			4
2024.12.26	18:56:41.111	1.25180				2
2024.12.26	18:56:43.257	1.25181				2
2024.12.26	18:56:43.559	1.25180				2
2024.12.26	18:56:48.113	1.25181				2
2024.12.26	18:56:49.024	1.25182	1.25185			6
2024.12.26	18:56:49.337	1.25181	1.25184			6
2024.12.26	18:56:49.941	1.25180				2
2024.12.26	18:56:50.555	1.25181				2
2024.12.26	18:56:51.775	1.25180				2
2024.12.26	18:56:52.078	1.25181				2
2024.12.26	18:56:54.229	1.25182	1.25185			6
2024.12.26	18:56:54.531	1.25186	1.25189			6
2024.12.26	18:56:55.142	1.25185	1.25190			6
2024.12.26	18:56:55.447		1.25191			4
2024.12.26	18:56:55.749		1.25190			4
2024.12.26	18:56:56.050	1.25184				2
2024.12.26	18:56:56.355	1.25185	1.25191			6
2024.12.26	18:56:56.660	1.25186				2
2024.12.26	18:56:56.965	1.25188	1.25194			6
2024.12.26	18:56:57.275		1.25195			4
2024.12.26	18:56:57.582	1.25185	1.25190			6
2024.12.26	18:56:57.887	1.25184				2
2024.12.26	18:57:00.032	1.25184				2
2024.12.26	18:57:00.337	1.25183	1.25188			6
2024.12.26	18:57:00.947		1.25189			4
2024.12.26	18:57:01.560	1.25182	1.25187			6
2024.12.26	18:57:06.177	1.25183	1.25188			6
2024.12.26	18:57:06.487	1.25188	1.25192			6
2024.12.26	18:57:06.792	1.25187	1.25193			6
2024.12.26	18:57:07.103	1.25186				2
2024.12.26	18:57:08.638	1.25185	1.25190			6
2024.12.26	18:57:10.174	1.25186	1.25193			6
2024.12.26	18:57:11.097	1.25190				2
2024.12.26	18:57:11.403		1.25194			4
2024.12.26	18:57:12.947		1.25195			4
2024.12.26	18:57:13.561	1.25191				2
2024.12.26	18:57:13.869		1.25196			4
2024.12.26	18:57:14.791	1.25192				2
2024.12.26	18:57:15.403	1.25191				2
2024.12.26	18:57:15.712		1.25198			4
2024.12.26	18:57:16.023		1.25196			4
2024.12.26	18:57:16.635		1.25198			4
2024.12.26	18:57:18.481	1.25190	1.25196			6
2024.12.26	18:57:18.787	1.25191	1.25198			6
2024.12.26	18:57:20.634	1.25192				2
2024.12.26	18:57:21.553		1.25197			4
2024.12.26	18:57:26.444	1.25194	1.25201			6
2024.12.26	18:57:26.748	1.25197	1.25203			6
2024.12.26	18:57:27.058	1.25196	1.25202			6
2024.12.26	18:57:27.367	1.25200	1.25206			6
2024.12.26	18:57:27.668		1.25205			4
2024.12.26	18:57:29.518		1.25204			4
2024.12.26	18:57:30.746		1.25205			4
2024.12.26	18:57:32.593	1.25201				2
2024.12.26	18:57:35.351	1.25200				2
2024.12.26	18:57:36.889		1.25204			4
2024.12.26	18:57:37.505		1.25205			4
2024.12.26	18:57:39.963		1.25204			4
2024.12.26	18:57:40.582		1.25205			4
2024.12.26	18:57:40.889		1.25204			4
2024.12.26	18:57:44.274	1.25192	1.25197			6
2024.12.26	18:57:44.577	1.25195	1.25201			6
2024.12.26	18:57:44.889	1.25196	1.25200			6
2024.12.26	18:57:46.112	1.25197	1.25204			6
2024.12.26	18:57:46.730	1.25198	1.25205			6
2024.12.26	18:57:47.044	1.25202				2
2024.12.26	18:57:47.350	1.25201				2
2024.12.26	18:57:48.894	1.25200				2
2024.12.26	18:57:49.201	1.25201				2
2024.12.26	18:57:49.504	1.25202	1.25208			6
2024.12.26	18:57:49.807	1.25206	1.25211			6
2024.12.26	18:57:50.741	1.25205				2
2024.12.26	18:57:51.047	1.25204				2
2024.12.26	18:57:51.662	1.25206				2
2024.12.26	18:57:52.893	1.25205				2
2024.12.26	18:57:55.362	1.25204	1.25210			6
2024.12.26	18:57:59.357	1.25202	1.25207			6
2024.12.26	18:58:00.300	1.25202				2
2024.12.26	18:58:01.221	1.25203				2
2024.12.26	18:58:01.530		1.25208			4
2024.12.26	18:58:02.758	1.25205	1.25212			6
2024.12.26	18:58:03.994	1.25206				2
2024.12.26	18:58:04.299	1.25207	1.25211			6
2024.12.26	18:58:04.601	1.25206	1.25210			6
2024.12.26	18:58:04.911	1.25207	1.25211			6
2024.12.26	18:58:06.143	1.25206	1.25210			6
2024.12.26	18:58:13.835		1.25211			4
2024.12.26	18:58:14.144		1.25210			4
2024.12.26	18:58:15.994	1.25203	1.25207			6
2024.12.26	18:58:20.617	1.25201	1.25208			6
2024.12.26	18:58:20.926	1.25202				2
2024.12.26	18:58:24.626	1.25200	1.25205			6
2024.12.26	18:58:25.241	1.25201				2
2024.12.26	18:58:25.858		1.25208			4
2024.12.26	18:58:29.866	1.25203				2
2024.12.26	18:58:33.562	1.25202				2
2024.12.26	18:58:35.101	1.25203				2
2024.12.26	18:58:35.404	1.25202				2
2024.12.26	18:58:36.027		1.25207			4
2024.12.26	18:58:37.563		1.25206			4
2024.12.26	18:58:39.111		1.25208			4
2024.12.26	18:58:40.652	1.25203				2
2024.12.26	18:58:42.189		1.25206			4
2024.12.26	18:58:44.347		1.25208			4
2024.12.26	18:58:44.963	1.25202	1.25206			6
2024.12.26	18:58:47.119	1.25203	1.25208			6
2024.12.26	18:58:49.883	1.25202	1.25205			6
2024.12.26	18:58:50.188	1.25201				2
2024.12.26	18:58:52.350	1.25203	1.25207			6
2024.12.26	18:58:53.270		1.25205			4
2024.12.26	18:58:53.580	1.25202	1.25207			6
2024.12.26	18:58:53.891	1.25201	1.25204			6
2024.12.26	18:58:54.505		1.25205			4
2024.12.26	18:58:55.431		1.25204			4
2024.12.26	18:58:55.741		1.25205			4
2024.12.26	18:59:00.061	1.25201				2
2024.12.26	18:59:04.384		1.25204			4
2024.12.26	18:59:04.694	1.25202	1.25206			6
2024.12.26	18:59:05.001		1.25205			4
2024.12.26	18:59:05.924	1.25201				2
2024.12.26	18:59:08.077	1.25202				2
2024.12.26	18:59:08.988	1.25201				2
2024.12.26	18:59:13.570		1.25204			4
2024.12.26	18:59:18.176		1.25203			4
2024.12.26	18:59:19.395	1.25200	1.25202			6
2024.12.26	18:59:21.548	1.25195	1.25196			6
2024.12.26	18:59:21.854		1.25199			4
2024.12.26	18:59:22.776	1.25199	1.25200			6
2024.12.26	18:59:24.620		1.25201			4
2024.12.26	18:59:25.531	1.25197	1.25199			6
2024.12.26	18:59:26.149		1.25198			4
2024.12.26	18:59:27.379		1.25199			4
2024.12.26	18:59:27.680	1.25201	1.25204			6
2024.12.26	18:59:27.981		1.25205			4
2024.12.26	18:59:28.289		1.25204			4
2024.12.26	18:59:28.894	1.25203				2
2024.12.26	18:59:29.201	1.25204	1.25206			6
2024.12.26	18:59:29.519		1.25205			4
2024.12.26	18:59:30.435		1.25207			4
2024.12.26	18:59:30.751		1.25205			4
2024.12.26	18:59:31.360		1.25207			4
2024.12.26	18:59:35.032	1.25207	1.25210			6
2024.12.26	18:59:35.949		1.25209			4
2024.12.26	18:59:36.261	1.25209	1.25212			6
2024.12.26	18:59:36.565	1.25211	1.25214			6
2024.12.26	18:59:36.870	1.25212				2
2024.12.26	18:59:37.178		1.25215			4
2024.12.26	18:59:39.943		1.25214			4
2024.12.26	18:59:40.246	1.25210				2
2024.12.26	18:59:40.556		1.25212			4
2024.12.26	18:59:40.861		1.25214			4
2024.12.26	18:59:42.393	1.25213	1.25217			6
2024.12.26	18:59:43.932	1.25216	1.25220			6
2024.12.26	18:59:45.450	1.25220	1.25224			6
2024.12.26	18:59:46.980		1.25222			4
2024.12.26	18:59:47.284	1.25218				2
2024.12.26	18:59:48.199		1.25219			4
2024.12.26	18:59:49.733		1.25220			4
2024.12.26	18:59:50.039	1.25216	1.25218			6
2024.12.26	18:59:50.956	1.25215				2
2024.12.26	18:59:51.265		1.25217			4
2024.12.26	18:59:51.567	1.25218	1.25221			6
2024.12.26	18:59:52.185	1.25219	1.25223			6
2024.12.26	18:59:52.489	1.25218				2
2024.12.26	18:59:52.794		1.25221			4
2024.12.26	18:59:53.102	1.25222	1.25224			6
2024.12.26	18:59:56.170	1.25217	1.25220			6
2024.12.26	18:59:56.477	1.25218	1.25221			6
2024.12.26	18:59:57.709	1.25215	1.25218			6
2024.12.26	18:59:58.014		1.25219			4
2024.12.26	18:59:59.853	1.25217	1.25221			6
2024.12.26	19:00:00.157	1.25215	1.25219			6
2024.12.26	19:00:02.023	1.25213	1.25215			6
2024.12.26	19:00:02.637		1.25214			4
2024.12.26	19:00:05.720		1.25216			4
2024.12.26	19:00:06.028		1.25218			4
2024.12.26	19:00:06.642	1.25214	1.25216			6
2024.12.26	19:00:06.952	1.25213				2
2024.12.26	19:00:07.568		1.25215			4
2024.12.26	19:00:09.716		1.25218			4
2024.12.26	19:00:10.641		1.25217			4
2024.12.26	19:00:12.799		1.25216			4
2024.12.26	19:00:14.029		1.25214			4
2024.12.26	19:00:20.473	1.25212				2
2024.12.26	19:00:38.571		1.25215			4
2024.12.26	19:00:39.504		1.25214			4
2024.12.26	19:00:40.420	1.25219	1.25220			6
2024.12.26	19:00:41.653	1.25220	1.25222			6
2024.12.26	19:00:42.578		1.25221			4
2024.12.26	19:00:45.657		1.25222			4
2024.12.26	19:00:45.961	1.25221	1.25223			6
2024.12.26	19:00:46.268		1.25222			4
2024.12.26	19:00:46.881	1.25218				2
2024.12.26	19:00:47.497	1.25214	1.25217			6
2024.12.26	19:00:47.808	1.25218	1.25220			6
2024.12.26	19:00:49.338		1.25221			4
2024.12.26	19:00:49.646	1.25222	1.25225			6
2024.12.26	19:00:51.792	1.25221				2
2024.12.26	19:00:52.719	1.25222	1.25226			6
2024.12.26	19:00:53.026	1.25227	1.25231			6
2024.12.26	19:00:53.642		1.25232			4
2024.12.26	19:00:53.943		1.25231			4
2024.12.26	19:00:56.409		1.25230			4
2024.12.26	19:01:00.097	1.25227				2
2024.12.26	19:01:01.017		1.25231			4
2024.12.26	19:01:01.634	1.25231	1.25235			6
2024.12.26	19:01:06.250		1.25236			4
2024.12.26	19:01:15.160	1.25227	1.25231			6
2024.12.26	19:01:15.776	1.25230	1.25234			6
2024.12.26	19:01:16.388	1.25227	1.25230			6
2024.12.26	19:01:16.696	1.25228	1.25234			6
2024.12.26	19:01:17.006		1.25233			4
2024.12.26	19:01:17.931	1.25230	1.25235			6
2024.12.26	19:01:18.240		1.25233			4
2024.12.26	19:01:20.383	1.25229				2
2024.12.26	19:01:21.616	1.25228	1.25230			6
2024.12.26	19:01:22.845	1.25227				2
2024.12.26	19:01:23.764		1.25231			4
2024.12.26	19:01:25.306	1.25228				2
2024.12.26	19:01:25.615		1.25230			4
2024.12.26	19:01:29.585		1.25231			4
2024.12.26	19:01:35.097		1.25230			4
2024.12.26	19:01:36.315	1.25229	1.25231			6
2024.12.26	19:01:36.620	1.25228	1.25230			6
2024.12.26	19:01:36.926	1.25229	1.25231			6
2024.12.26	19:01:37.535	1.25227	1.25229			6
2024.12.26	19:01:41.510	1.25228	1.25230			6
2024.12.26	19:01:43.645	1.25229	1.25231			6
2024.12.26	19:01:43.954	1.25232	1.25234			6
2024.12.26	19:01:44.258		1.25235			4
2024.12.26	19:01:45.175	1.25231				2
2024.12.26	19:01:48.881	1.25230				2
2024.12.26	19:01:49.493	1.25228	1.25232			6
2024.12.26	19:01:49.803	1.25227	1.25230			6
2024.12.26	19:01:50.421		1.25231			4
2024.12.26	19:01:51.340		1.25230			4
2024.12.26	19:01:52.577		1.25231			4
2024.12.26	19:01:52.887	1.25228	1.25230			6
2024.12.26	19:01:55.050	1.25231	1.25233			6
2024.12.26	19:01:57.512	1.25230	1.25234			6
2024.12.26	19:01:57.821	1.25229				2
2024.12.26	19:01:58.124	1.25227				2
2024.12.26	19:01:59.673	1.25226	1.25233			6
2024.12.26	19:02:00.291	1.25228	1.25234			6
2024.12.26	19:02:00.907		1.25233			4
2024.12.26	19:02:01.214	1.25227				2
2024.12.26	19:02:01.525	1.25228	1.25234			6
2024.12.26	19:02:02.445	1.25229				2
2024.12.26	19:02:03.360	1.25228				2
2024.12.26	19:02:03.661		1.25235			4
2024.12.26	19:02:04.280	1.25230				2
2024.12.26	19:02:05.196	1.25229	1.25234			6
2024.12.26	19:02:05.813	1.25228				2
2024.12.26	19:02:08.273	1.25229				2
2024.12.26	19:02:10.119	1.25230				2
2024.12.26	19:02:10.427	1.25229	1.25233			6
2024.12.26	19:02:12.262	1.25230				2
2024.12.26	19:02:13.482	1.25229	1.25232			6
2024.12.26	19:02:14.098	1.25230				2
2024.12.26	19:02:15.928	1.25231	1.25233			6
2024.12.26	19:02:17.449	1.25232	1.25234			6
2024.12.26	19:02:20.818	1.25231	1.25233			6
2024.12.26	19:02:21.728	1.25228	1.25230			6
2024.12.26	19:02:22.338	1.25230	1.25234			6
2024.12.26	19:02:23.566		1.25233			4
2024.12.26	19:02:25.717	1.25229				2
2024.12.26	19:02:27.564		1.25234			4
2024.12.26	19:02:32.800		1.25235			4
2024.12.26	19:02:33.104		1.25234			4
2024.12.26	19:02:33.713	1.25230	1.25235			6
2024.12.26	19:02:34.329		1.25234			4
2024.12.26	19:02:36.158	1.25233	1.25236			6
2024.12.26	19:02:37.072	1.25232	1.25235			6
2024.12.26	19:02:37.381	1.25231				2
2024.12.26	19:02:42.284	1.25232				2
2024.12.26	19:02:44.118		1.25234			4
2024.12.26	19:02:46.313	1.25231	1.25233			6
2024.12.26	19:02:47.231	1.25230	1.25234			6
2024.12.26	19:02:48.144		1.25233			4
2024.12.26	19:02:50.282	1.25231				2
2024.12.26	19:02:50.585	1.25232	1.25234			6
2024.12.26	19:02:51.196	1.25231				2
2024.12.26	19:02:51.508	1.25234	1.25237			6
2024.12.26	19:02:52.124		1.25238			4
2024.12.26	19:02:59.481	1.25233	1.25237			6
2024.12.26	19:03:00.093	1.25233				2
2024.12.26	19:03:00.710		1.25238			4
2024.12.26	19:03:02.246		1.25237			4
2024.12.26	19:03:03.165	1.25234				2
2024.12.26	19:03:04.695	1.25233	1.25236			6
2024.12.26	19:03:06.217	1.25234				2
2024.12.26	19:03:10.809	1.25235	1.25237			6
2024.12.26	19:03:11.730	1.25243	1.25245			6
2024.12.26	19:03:12.348	1.25241	1.25246			6
2024.12.26	19:03:14.192	1.25240				2
2024.12.26	19:03:15.425	1.25239				2
2024.12.26	19:03:16.042	1.25240				2
2024.12.26	19:03:22.209	1.25239	1.25245			6
2024.12.26	19:03:27.756		1.25246			4
2024.12.26	19:03:30.224	1.25241				2
2024.12.26	19:03:31.454	1.25240				2
2024.12.26	19:03:34.219		1.25245			4
2024.12.26	19:03:38.220		1.25244			4
2024.12.26	19:03:42.833	1.25241	1.25245			6
2024.12.26	19:03:43.141	1.25242				2
2024.12.26	19:03:47.120		1.25244			4
2024.12.26	19:03:58.469	1.25241	1.25243			6
2024.12.26	19:04:00.301	1.25239	1.25241			6
2024.12.26	19:04:00.603	1.25240	1.25242			6
2024.12.26	19:04:01.214	1.25239	1.25244			6
2024.12.26	19:04:01.526	1.25241	1.25246			6
2024.12.26	19:04:02.145	1.25240	1.25247			6
2024.12.26	19:04:02.452		1.25246			4
2024.12.26	19:04:03.069	1.25239	1.25245			6
2024.12.26	19:04:03.372		1.25246			4
2024.12.26	19:04:04.914	1.25237	1.25244			6
2024.12.26	19:04:05.224		1.25246			4
2024.12.26	19:04:05.532		1.25245			4
2024.12.26	19:04:05.842	1.25238				2
2024.12.26	19:04:06.146	1.25237				2
2024.12.26	19:04:06.456	1.25238				2
2024.12.26	19:04:06.765	1.25237				2
2024.12.26	19:04:08.306		1.25243			4
2024.12.26	19:04:08.614	1.25234	1.25239			6
2024.12.26	19:04:08.919		1.25240			4
2024.12.26	19:04:09.232		1.25239			4
2024.12.26	19:04:11.077		1.25240			4
2024.12.26	19:04:11.683	1.25235	1.25241			6
2024.12.26	19:04:11.987		1.25242			4
2024.12.26	19:04:20.306	1.25234	1.25239			6
2024.12.26	19:04:21.845	1.25233	1.25238			6
2024.12.26	19:04:22.152		1.25239			4
2024.12.26	19:04:23.078		1.25238			4
2024.12.26	19:04:24.004		1.25239			4
2024.12.26	19:04:27.086	1.25234				2
2024.12.26	19:04:28.631	1.25235	1.25240			6
2024.12.26	19:04:30.165	1.25239	1.25243			6
2024.12.26	19:04:30.475		1.25244			4
2024.12.26	19:04:30.785		1.25245			4
2024.12.26	19:04:34.783	1.25243	1.25249			6
2024.12.26	19:04:47.383	1.25244				2
2024.12.26	19:04:48.295		1.25248			4
2024.12.26	19:04:50.137	1.25245				2
2024.12.26	19:04:51.357		1.25247			4
2024.12.26	19:05:00.236	1.25243	1.25245			6
2024.12.26	19:05:00.538	1.25245	1.25247			6
2024.12.26	19:05:01.147	1.25244	1.25246			6
2024.12.26	19:05:02.674	1.25245	1.25247			6
2024.12.26	19:05:02.980	1.25246	1.25248			6
2024.12.26	19:05:04.202		1.25249			4
2024.12.26	19:05:07.265	1.25247				2
2024.12.26	19:05:09.100	1.25246	1.25248			6
2024.12.26	19:05:09.405	1.25248	1.25250			6
2024.12.26	19:05:09.710	1.25247	1.25249			6
2024.12.26	19:05:10.011		1.25248			4
2024.12.26	19:05:11.230		1.25250			4
2024.12.26	19:05:14.283		1.25251			4
2024.12.26	19:05:14.588		1.25250			4
2024.12.26	19:05:18.558		1.25249			4
2024.12.26	19:05:19.475	1.25246				2
2024.12.26	19:05:22.218	1.25249	1.25251			6
2024.12.26	19:05:23.141		1.25254			4
2024.12.26	19:05:24.070	1.25248	1.25252			6
2024.12.26	19:05:24.377		1.25253			4
2024.12.26	19:05:26.221		1.25252			4
2024.12.26	19:05:26.530	1.25245	1.25248			6
2024.12.26	19:05:26.837		1.25250			4
2024.12.26	19:05:27.138		1.25249			4
2024.12.26	19:05:27.455		1.25250			4
2024.12.26	19:05:27.767	1.25246	1.25252			6
2024.12.26	19:05:30.528		1.25251			4
2024.12.26	19:05:30.833		1.25250			4
2024.12.26	19:05:31.140	1.25243	1.25248			6
2024.12.26	19:05:31.448		1.25249			4
2024.12.26	19:05:32.371		1.25248			4
2024.12.26	19:05:40.058		1.25247			4
2024.12.26	19:05:43.440		1.25246			4
2024.12.26	19:05:43.740		1.25247			4
2024.12.26	19:05:44.360		1.25246			4
2024.12.26	19:05:45.282		1.25245			4
2024.12.26	19:05:45.584		1.25246			4
2024.12.26	19:05:46.499		1.25245			4
2024.12.26	19:05:48.330	1.25240	1.25243			6
2024.12.26	19:05:49.870		1.25242			4
2024.12.26	19:05:51.401		1.25241			4
2024.12.26	19:05:51.702		1.25242			4
2024.12.26	19:05:54.453		1.25241			4
2024.12.26	19:05:55.071		1.25242			4
2024.12.26	19:06:00.253	1.25240				2
2024.12.26	19:06:00.566	1.25241	1.25243			6
2024.12.26	19:06:01.175	1.25240	1.25242			6
2024.12.26	19:06:02.093		1.25243			4
2024.12.26	19:06:02.702	1.25242	1.25245			6
2024.12.26	19:06:03.311	1.25240	1.25246			6
2024.12.26	19:06:05.793		1.25245			4
2024.12.26	19:06:07.641		1.25244			4
2024.12.26	19:06:07.943		1.25245			4
2024.12.26	19:06:08.561		1.25244			4
2024.12.26	19:06:08.867		1.25245			4
2024.12.26	19:06:09.784	1.25239	1.25244			6
2024.12.26	19:06:10.096		1.25243			4
2024.12.26	19:06:11.322		1.25244			4
2024.12.26	19:06:11.628		1.25243			4
2024.12.26	19:06:13.478		1.25242			4
2024.12.26	19:06:14.712	1.25240	1.25244			6
2024.12.26	19:06:15.330		1.25245			4
2024.12.26	19:06:16.872	1.25241	1.25246			6
2024.12.26	19:06:19.956	1.25239	1.25244			6
2024.12.26	19:06:20.875	1.25232	1.25237			6
2024.12.26	19:06:23.648	1.25233				2
2024.12.26	19:06:23.950		1.25239			4
2024.12.26	19:06:24.573		1.25240			4
2024.12.26	19:06:25.493		1.25239			4
2024.12.26	19:06:28.272	1.25234				2
2024.12.26	19:06:28.886		1.25240			4
2024.12.26	19:06:29.497	1.25232	1.25238			6
2024.12.26	19:06:29.804		1.25237			4
2024.12.26	19:06:33.185		1.25236			4
2024.12.26	19:06:38.410		1.25235			4
2024.12.26	19:06:40.255		1.25234			4
2024.12.26	19:06:40.560	1.25230				2
2024.12.26	19:06:41.477		1.25233			4
2024.12.26	19:06:42.689		1.25234			4
2024.12.26	19:06:42.997	1.25229	1.25233			6
2024.12.26	19:06:43.308	1.25228				2
2024.12.26	19:06:43.612		1.25232			4
2024.12.26	19:06:44.223		1.25233			4
2024.12.26	19:06:44.529		1.25234			4
2024.12.26	19:06:47.298		1.25233			4
2024.12.26	19:06:50.374		1.25232			4
2024.12.26	19:06:51.287	1.25229				2
2024.12.26	19:06:53.116		1.25231			4
2024.12.26	19:06:56.167	1.25228	1.25230			6
2024.12.26	19:06:58.910	1.25229	1.25231			6
2024.12.26	19:06:59.216	1.25228	1.25230			6
2024.12.26	19:07:00.127	1.25228	1.25231			6
2024.12.26	19:07:00.436	1.25222	1.25225			6
2024.12.26	19:07:01.046	1.25223	1.25226			6
2024.12.26	19:07:01.351	1.25222	1.25228			6
2024.12.26	19:07:02.282		1.25229			4
2024.12.26	19:07:02.898		1.25228			4
2024.12.26	19:07:05.367	1.25224	1.25229			6
2024.12.26	19:07:05.675	1.25228	1.25234			6
2024.12.26	19:07:09.057	1.25227	1.25233			6
2024.12.26	19:07:11.213		1.25234			4
2024.12.26	19:07:11.828	1.25228	1.25235			6
2024.12.26	19:07:12.752		1.25236			4
2024.12.26	19:07:13.060		1.25237			4
2024.12.26	19:07:14.586		1.25236			4
2024.12.26	19:07:18.892		1.25235			4
2024.12.26	19:07:20.126	1.25229	1.25236			6
2024.12.26	19:07:20.742	1.25228	1.25235			6
2024.12.26	19:07:21.362	1.25229				2
2024.12.26	19:07:23.218	1.25231	1.25236			6
2024.12.26	19:07:23.527	1.25230	1.25235			6
2024.12.26	19:07:23.835	1.25231	1.25236			6
2024.12.26	19:07:25.369		1.25235			4
2024.12.26	19:07:27.208	1.25233	1.25236			6
2024.12.26	19:07:29.360	1.25234				2
2024.12.26	19:07:29.664	1.25233	1.25235			6
2024.12.26	19:07:32.412	1.25232	1.25234			6
2024.12.26	19:07:34.540	1.25231	1.25233			6
2024.12.26	19:07:35.451	1.25230	1.25232			6
2024.12.26	19:07:41.254	1.25231	1.25233			6
2024.12.26	19:07:48.299	1.25230	1.25232			6
2024.12.26	19:07:49.521	1.25228	1.25230			6
2024.12.26	19:07:50.428	1.25230	1.25232			6
2024.12.26	19:07:50.731	1.25229	1.25231			6
2024.12.26	19:07:51.347	1.25228	1.25232			6
2024.12.26	19:07:52.258		1.25233			4
2024.12.26	19:07:53.179		1.25232			4
2024.12.26	19:07:54.101	1.25229	1.25233			6
2024.12.26	19:07:54.712	1.25228	1.25232			6
2024.12.26	19:07:55.021	1.25227	1.25231			6
2024.12.26	19:07:56.250		1.25232			4
2024.12.26	19:07:58.402	1.25230	1.25235			6
2024.12.26	19:07:59.013	1.25229	1.25234			6
2024.12.26	19:08:00.250	1.25229				2
2024.12.26	19:08:00.863	1.25227	1.25233			6
2024.12.26	19:08:01.784	1.25226				2
2024.12.26	19:08:03.330		1.25232			4
2024.12.26	19:08:04.871	1.25227				2
2024.12.26	19:08:05.179	1.25229	1.25234			6
2024.12.26	19:08:06.102	1.25228	1.25235			6
2024.12.26	19:08:06.410		1.25234			4
2024.12.26	19:08:07.956		1.25236			4
2024.12.26	19:08:10.112		1.25235			4
2024.12.26	19:08:11.342		1.25234			4
2024.12.26	19:08:12.267		1.25235			4
2024.12.26	19:08:12.568		1.25234			4
2024.12.26	19:08:16.269		1.25233			4
2024.12.26	19:08:16.885	1.25229				2
2024.12.26	19:08:18.423		1.25232			4
2024.12.26	19:08:18.725	1.25228				2
2024.12.26	19:08:19.649		1.25231			4
2024.12.26	19:08:20.257	1.25226	1.25230			6
2024.12.26	19:08:20.566		1.25231			4
2024.12.26	19:08:21.177		1.25232			4
2024.12.26	19:08:22.098		1.25233			4
2024.12.26	19:08:23.330		1.25232			4
2024.12.26	19:08:24.563		1.25231			4
2024.12.26	19:08:24.869		1.25230			4
2024.12.26	19:08:25.181		1.25231			4
2024.12.26	19:08:26.105		1.25230			4
2024.12.26	19:08:28.567		1.25229			4
2024.12.26	19:08:30.109		1.25230			4
2024.12.26	19:08:32.265		1.25229			4
2024.12.26	19:08:36.548	1.25221	1.25224			6
2024.12.26	19:08:37.156		1.25227			4
2024.12.26	19:08:44.245		1.25224			4
2024.12.26	19:08:47.323		1.25225			4
2024.12.26	19:08:49.182		1.25228			4
2024.12.26	19:08:51.635	1.25222	1.25227			6
2024.12.26	19:08:52.248		1.25226			4
2024.12.26	19:08:52.557		1.25225			4
2024.12.26	19:08:53.179		1.25226			4
2024.12.26	19:08:55.332		1.25225			4
2024.12.26	19:08:55.641		1.25226			4
2024.12.26	19:08:56.254		1.25225			4
2024.12.26	19:08:59.041	1.25219	1.25224			6
2024.12.26	19:08:59.349		1.25223			4
2024.12.26	19:08:59.653	1.25220				2
2024.12.26	19:09:00.268	1.25220	1.25224			6
2024.12.26	19:09:04.594		1.25225			4
2024.12.26	19:09:05.829		1.25226			4
2024.12.26	19:09:06.141	1.25221	1.25225			6
2024.12.26	19:09:06.760		1.25227			4
2024.12.26	19:09:07.684		1.25226			4
2024.12.26	19:09:08.307		1.25227			4
2024.12.26	19:09:10.155		1.25226			4
2024.12.26	19:09:12.313		1.25225			4
2024.12.26	19:09:13.862		1.25224			4
2024.12.26	19:09:18.158		1.25223			4
2024.12.26	19:09:22.148		1.25222			4
2024.12.26	19:09:22.453	1.25220	1.25221			6
2024.12.26	19:09:22.759	1.25210	1.25212			6
2024.12.26	19:09:23.071	1.25208	1.25210			6
2024.12.26	19:09:23.373		1.25212			4
2024.12.26	19:09:23.674	1.25210	1.25213			6
2024.12.26	19:09:24.288		1.25215			4
2024.12.26	19:09:25.829	1.25211	1.25217			6
2024.12.26	19:09:26.745	1.25210	1.25215			6
2024.12.26	19:09:28.599		1.25216			4
2024.12.26	19:09:35.664		1.25215			4
2024.12.26	19:09:36.590	1.25209				2
2024.12.26	19:09:40.281		1.25216			4
2024.12.26	19:09:40.896	1.25210				2
2024.12.26	19:09:41.205	1.25211				2
2024.12.26	19:09:41.510		1.25217			4
2024.12.26	19:09:42.131		1.25216			4
2024.12.26	19:09:42.435		1.25217			4
2024.12.26	19:09:43.359		1.25216			4
2024.12.26	19:09:48.890	1.25209	1.25213			6
2024.12.26	19:09:49.809		1.25212			4
2024.12.26	19:09:50.115		1.25214			4
2024.12.26	19:09:50.419		1.25215			4
2024.12.26	19:09:50.733		1.25214			4
2024.12.26	19:09:51.649		1.25213			4
2024.12.26	19:09:51.960		1.25214			4
2024.12.26	19:09:52.573	1.25210	1.25215			6
2024.12.26	19:09:52.882	1.25209	1.25214			6
2024.12.26	19:09:56.267		1.25213			4
2024.12.26	19:10:00.248	1.25209				2
2024.12.26	19:10:02.089		1.25212			4
2024.12.26	19:10:05.144	1.25211	1.25213			6
2024.12.26	19:10:06.373		1.25214			4
2024.12.26	19:10:06.979	1.25212				2
2024.12.26	19:10:07.600		1.25215			4
2024.12.26	19:10:07.903		1.25213			4
2024.12.26	19:10:08.213		1.25214			4
2024.12.26	19:10:09.133	1.25214	1.25217			6
2024.12.26	19:10:09.439	1.25213	1.25216			6
2024.12.26	19:10:10.100		1.25218			4
2024.12.26	19:10:10.727		1.25217			4
2024.12.26	19:10:11.034	1.25214	1.25219			6
2024.12.26	19:10:14.104	1.25215				2
2024.12.26	19:10:14.406	1.25221	1.25225			6
2024.12.26	19:10:15.315	1.25220				2
2024.12.26	19:10:15.628		1.25226			4
2024.12.26	19:10:26.104		1.25225			4
2024.12.26	19:10:26.407	1.25218	1.25223			6
2024.12.26	19:10:27.318	1.25219	1.25225			6
2024.12.26	19:10:29.151		1.25224			4
2024.12.26	19:10:30.988	1.25218	1.25222			6
2024.12.26	19:10:31.293	1.25214	1.25219			6
2024.12.26	19:10:31.596		1.25220			4
2024.12.26	19:10:31.907		1.25219			4
2024.12.26	19:10:32.216		1.25220			4
2024.12.26	19:10:32.827		1.25221			4
2024.12.26	19:10:33.445		1.25220			4
2024.12.26	19:10:34.060		1.25222			4
2024.12.26	19:10:34.364		1.25221			4
2024.12.26	19:10:34.679	1.25216	1.25222			6
2024.12.26	19:10:35.293	1.25215				2
2024.12.26	19:10:36.221	1.25216				2
2024.12.26	19:10:40.227		1.25221			4
2024.12.26	19:10:40.536	1.25214				2
2024.12.26	19:10:41.158		1.25220			4
2024.12.26	19:10:43.310		1.25219			4
2024.12.26	19:10:44.230	1.25219	1.25224			6
2024.12.26	19:10:44.841	1.25218	1.25223			6
2024.12.26	19:10:45.456		1.25224			4
2024.12.26	19:10:45.761		1.25223			4
2024.12.26	19:10:46.379		1.25224			4
2024.12.26	19:10:46.685		1.25223			4
2024.12.26	19:10:49.460		1.25224			4
2024.12.26	19:10:51.004	1.25219	1.25225			6
2024.12.26	19:10:51.314	1.25217	1.25222			6
2024.12.26	19:10:51.929		1.25221			4
2024.12.26	19:10:53.158	1.25218				2
2024.12.26	19:10:55.608	1.25215	1.25219			6
2024.12.26	19:10:55.923	1.25214	1.25218			6
2024.12.26	19:10:56.224		1.25220			4
2024.12.26	19:10:57.761		1.25221			4
2024.12.26	19:10:58.381		1.25220			4
2024.12.26	19:10:59.299		1.25219			4
2024.12.26	19:11:00.222	1.25213				2
2024.12.26	19:11:01.143		1.25218			4
2024.12.26	19:11:01.444	1.25214	1.25219			6
2024.12.26	19:11:01.750	1.25219	1.25224			6
2024.12.26	19:11:02.052	1.25220				2
2024.12.26	19:11:02.364		1.25225			4
2024.12.26	19:11:06.339		1.25223			4
2024.12.26	19:11:06.943		1.25224			4
2024.12.26	19:11:08.171		1.25225			4
2024.12.26	19:11:08.786		1.25224			4
2024.12.26	19:11:09.096		1.25226			4
2024.12.26	19:11:10.326	1.25221	1.25227			6
2024.12.26	19:11:12.158		1.25226			4
2024.12.26	19:11:13.387		1.25224			4
2024.12.26	19:11:13.696	1.25220	1.25225			6
2024.12.26	19:11:14.612		1.25224			4
2024.12.26	19:11:15.219	1.25221	1.25225			6
2024.12.26	19:11:17.348		1.25224			4
2024.12.26	19:11:18.267	1.25222				2
2024.12.26	19:11:22.862	1.25223	1.25225			6
2024.12.26	19:11:23.172	1.25222	1.25224			6
2024.12.26	19:11:26.530	1.25221	1.25223			6
2024.12.26	19:11:26.836	1.25223	1.25225			6
2024.12.26	19:11:27.137	1.25222	1.25224			6
2024.12.26	19:11:29.574	1.25221	1.25223			6
2024.12.26	19:11:34.465	1.25219	1.25221			6
2024.12.26	19:11:34.768	1.25216	1.25218			6
2024.12.26	19:11:35.377		1.25221			4
2024.12.26	19:11:36.917	1.25214				2
2024.12.26	19:11:37.528		1.25220			4
2024.12.26	19:11:38.145		1.25218			4
2024.12.26	19:11:38.449	1.25213	1.25216			6
2024.12.26	19:11:42.145	1.25211	1.25215			6
2024.12.26	19:11:42.447		1.25216			4
2024.12.26	19:11:42.759		1.25217			4
2024.12.26	19:11:43.683	1.25210	1.25215			6
2024.12.26	19:11:46.451	1.25209	1.25213			6
2024.12.26	19:11:47.981	1.25211	1.25216			6
2024.12.26	19:11:49.207	1.25212	1.25218			6
2024.12.26	19:11:50.437	1.25213				2
2024.12.26	19:11:50.743	1.25214	1.25220			6
2024.12.26	19:11:51.056		1.25221			4
2024.12.26	19:11:53.210	1.25215				2
2024.12.26	19:11:53.520	1.25216				2
2024.12.26	19:11:53.828	1.25215				2
2024.12.26	19:11:55.361		1.25220			4
2024.12.26	19:11:55.668		1.25221			4
2024.12.26	19:11:56.283		1.25220			4
2024.12.26	19:11:56.589	1.25216	1.25221			6
2024.12.26	19:11:58.433		1.25220			4
2024.12.26	19:11:59.048		1.25219			4
2024.12.26	19:11:59.353		1.25220			4
2024.12.26	19:12:00.273	1.25216	1.25221			6
2024.12.26	19:12:00.890	1.25217	1.25220			6
2024.12.26	19:12:01.191		1.25221			4
2024.12.26	19:12:02.106	1.25216	1.25220			6
2024.12.26	19:12:03.333	1.25213	1.25216			6
2024.12.26	19:12:03.942	1.25212	1.25215			6
2024.12.26	19:12:05.162	1.25210	1.25216			6
2024.12.26	19:12:06.391		1.25215			4
2024.12.26	19:12:07.930	1.25203	1.25207			6
2024.12.26	19:12:08.240	1.25200	1.25204			6
2024.12.26	19:12:08.542	1.25199				2
2024.12.26	19:12:08.853	1.25196	1.25199			6
2024.12.26	19:12:09.161	1.25189	1.25195			6
2024.12.26	19:12:09.468	1.25191				2
2024.12.26	19:12:09.780	1.25189	1.25196			6
2024.12.26	19:12:10.081	1.25186	1.25194			6
2024.12.26	19:12:10.391	1.25189	1.25196			6
2024.12.26	19:12:10.698	1.25191	1.25197			6
2024.12.26	19:12:11.311	1.25190	1.25196			6
2024.12.26	19:12:11.925		1.25195			4
2024.12.26	19:12:12.228	1.25188				2
2024.12.26	19:12:12.845	1.25190	1.25196			6
2024.12.26	19:12:13.154		1.25195			4
2024.12.26	19:12:14.377	1.25188	1.25194			6
2024.12.26	19:12:14.679	1.25186	1.25192			6
2024.12.26	19:12:14.984	1.25187	1.25193			6
2024.12.26	19:12:16.838	1.25186	1.25192			6
2024.12.26	19:12:19.906	1.25187				2
2024.12.26	19:12:22.677	1.25189	1.25193			6
2024.12.26	19:12:22.981		1.25194			4
2024.12.26	19:12:25.424	1.25186	1.25193			6
2024.12.26	19:12:27.884	1.25187				2
2024.12.26	19:12:28.500	1.25186	1.25192			6
2024.12.26	19:12:29.115		1.25193			4
2024.12.26	19:12:30.342		1.25192			4
2024.12.26	19:12:30.953	1.25187	1.25191			6
2024.12.26	19:12:32.794	1.25186				2
2024.12.26	19:12:33.102		1.25190			4
2024.12.26	19:12:33.406	1.25187	1.25191			6
2024.12.26	19:12:33.716	1.25186				2
2024.12.26	19:12:34.632	1.25183	1.25188			6
2024.12.26	19:12:34.942	1.25182	1.25187			6
2024.12.26	19:12:37.081	1.25179	1.25184			6
2024.12.26	19:12:37.700	1.25180	1.25185			6
2024.12.26	19:12:39.851	1.25184				2
2024.12.26	19:12:40.774	1.25183				2
2024.12.26	19:12:41.077	1.25185	1.25188			6
2024.12.26	19:12:41.687		1.25189			4
2024.12.26	19:12:42.301		1.25190			4
2024.12.26	19:12:44.144		1.25189			4
2024.12.26	19:12:45.375	1.25189	1.25193			6
2024.12.26	19:12:45.685		1.25194			4
2024.12.26	19:12:45.995	1.25188	1.25193			6
2024.12.26	19:12:46.301	1.25189				2
2024.12.26	19:12:46.912	1.25190	1.25195			6
2024.12.26	19:12:47.213	1.25189				2
2024.12.26	19:12:48.761	1.25187	1.25193			6
2024.12.26	19:12:49.991	1.25184	1.25190			6
2024.12.26	19:12:50.297	1.25183				2
2024.12.26	19:12:51.842	1.25184	1.25191			6
2024.12.26	19:12:52.147	1.25185				2
2024.12.26	19:12:52.455	1.25186	1.25190			6
2024.12.26	19:12:53.068	1.25185				2
2024.12.26	19:12:53.369	1.25187	1.25193			6
2024.12.26	19:12:53.686	1.25189	1.25195			6
2024.12.26	19:12:57.074	1.25190				2
2024.12.26	19:12:59.231	1.25189	1.25194			6
2024.12.26	19:12:59.842	1.25190	1.25195			6
2024.12.26	19:13:00.145	1.25190				2
2024.12.26	19:13:01.375		1.25194			4
2024.12.26	19:13:03.201	1.25191				2
2024.12.26	19:13:05.661	1.25190	1.25193			6
2024.12.26	19:13:05.963	1.25189	1.25192			6
2024.12.26	19:13:06.265	1.25190				2
2024.12.26	19:13:07.191	1.25189				2
2024.12.26	19:13:08.108	1.25190				2
2024.12.26	19:13:09.324	1.25191	1.25193			6
2024.12.26	19:13:09.927	1.25189	1.25191			6
2024.12.26	19:13:10.238	1.25190	1.25192			6
2024.12.26	19:13:10.542	1.25189	1.25191			6
2024.12.26	19:13:11.150		1.25192			4
2024.12.26	19:13:12.362		1.25191			4
2024.12.26	19:13:14.199	1.25190	1.25192			6
2024.12.26	19:13:17.257	1.25185	1.25187			6
2024.12.26	19:13:18.177		1.25189			4
2024.12.26	19:13:24.039	1.25187				2
2024.12.26	19:13:27.115	1.25204	1.25205			6
2024.12.26	19:13:27.417		1.25206			4
2024.12.26	19:13:27.720	1.25212	1.25214			6
2024.12.26	19:13:28.022	1.25209	1.25211			6
2024.12.26	19:13:28.328	1.25213	1.25214			6
2024.12.26	19:13:28.647	1.25211	1.25213			6
2024.12.26	19:13:28.959	1.25213	1.25214			6
2024.12.26	19:13:29.570		1.25215			4
2024.12.26	19:13:30.190	1.25214				2
2024.12.26	19:13:30.494	1.25213	1.25214			6
2024.12.26	19:13:32.644	1.25214	1.25216			6
2024.12.26	19:13:34.176		1.25215			4
2024.12.26	19:13:35.090		1.25216			4
2024.12.26	19:13:35.708	1.25215				2
2024.12.26	19:13:36.631	1.25218	1.25220			6
2024.12.26	19:13:36.937		1.25219			4
2024.12.26	19:13:37.245	1.25217	1.25218			6
2024.12.26	19:13:40.925	1.25218	1.25219			6
2024.12.26	19:13:43.685	1.25214	1.25215			6
2024.12.26	19:13:45.532	1.25213	1.25214			6
2024.12.26	19:14:00.236	1.25213				2
2024.12.26	19:14:02.196	1.25214	1.25215			6
2024.12.26	19:14:07.998	1.25212	1.25213			6
2024.12.26	19:14:08.308	1.25215	1.25216			6
2024.12.26	19:14:10.440	1.25218	1.25219			6
2024.12.26	19:14:11.348	1.25219	1.25220			6
2024.12.26	19:14:11.960	1.25218	1.25219			6
2024.12.26	19:14:17.135	1.25219	1.25220			6
2024.12.26	19:14:21.717	1.25214	1.25215			6
2024.12.26	19:14:22.026	1.25213	1.25214			6
2024.12.26	19:14:22.330	1.25212				2
2024.12.26	19:14:22.630	1.25213				2
2024.12.26	19:14:25.685	1.25207	1.25208			6
2024.12.26	19:14:26.302	1.25205				2
2024.12.26	19:14:26.608		1.25207			4
2024.12.26	19:14:29.070	1.25203	1.25206			6
2024.12.26	19:14:29.688		1.25205			4
2024.12.26	19:14:30.303		1.25206			4
2024.12.26	19:14:31.225		1.25207			4
2024.12.26	19:14:33.984	1.25201	1.25205			6
2024.12.26	19:14:34.603	1.25202				2
2024.12.26	19:14:36.142	1.25203				2
2024.12.26	19:14:37.378	1.25202				2
2024.12.26	19:14:38.303	1.25203				2
2024.12.26	19:14:38.608	1.25204	1.25206			6
2024.12.26	19:14:38.917	1.25203	1.25207			6
2024.12.26	19:14:39.229	1.25202	1.25205			6
2024.12.26	19:14:39.534	1.25203				2
2024.12.26	19:14:41.989	1.25205	1.25207			6
2024.12.26	19:14:42.291	1.25203	1.25205			6
2024.12.26	19:14:42.605		1.25204			4
2024.12.26	19:14:43.224	1.25204	1.25205			6
2024.12.26	19:14:43.529	1.25203	1.25204			6
2024.12.26	19:14:45.981		1.25205			4
2024.12.26	19:14:46.283		1.25204			4
2024.12.26	19:14:47.508	1.25202				2
2024.12.26	19:14:48.128	1.25203				2
2024.12.26	19:14:50.582	1.25202				2
2024.12.26	19:14:53.330		1.25203			4
2024.12.26	19:14:55.480	1.25201	1.25202			6
2024.12.26	19:14:56.394	1.25202	1.25203			6
2024.12.26	19:14:58.222		1.25204			4
2024.12.26	19:14:58.523	1.25203	1.25206			6
2024.12.26	19:14:58.825	1.25204	1.25205			6
2024.12.26	19:14:59.129	1.25203				2
2024.12.26	19:15:00.050	1.25203				2
2024.12.26	19:15:00.359	1.25204				2
2024.12.26	19:15:03.129	1.25203				2
2024.12.26	19:15:03.744	1.25200	1.25201			6
2024.12.26	19:15:04.052	1.25201	1.25204			6
2024.12.26	19:15:04.358	1.25200				2
2024.12.26	19:15:05.286		1.25203			4
2024.12.26	19:15:06.212		1.25204			4
2024.12.26	19:15:07.445	1.25202	1.25205			6
2024.12.26	19:15:08.064	1.25201	1.25204			6
2024.12.26	19:15:09.295	1.25200	1.25202			6
2024.12.26	19:15:11.459	1.25199				2
2024.12.26	19:15:12.379	1.25200	1.25201			6
2024.12.26	19:15:12.683	1.25197	1.25198			6
2024.12.26	19:15:13.297	1.25195				2
2024.12.26	19:15:13.605	1.25196				2
2024.12.26	19:15:13.920		1.25201			4
2024.12.26	19:15:15.145	1.25195	1.25200			6
2024.12.26	19:15:16.382	1.25196	1.25201			6
2024.12.26	19:15:17.911	1.25197				2
2024.12.26	19:15:18.828	1.25196	1.25200			6
2024.12.26	19:15:19.141	1.25191	1.25194			6
2024.12.26	19:15:19.443	1.25190				2
2024.12.26	19:15:20.366	1.25192	1.25196			6
2024.12.26	19:15:20.669	1.25191	1.25195			6
2024.12.26	19:15:20.977	1.25190	1.25196			6
2024.12.26	19:15:21.278		1.25194			4
2024.12.26	19:15:21.600	1.25191	1.25197			6
2024.12.26	19:15:21.906		1.25195			4
2024.12.26	19:15:23.141	1.25192	1.25196			6
2024.12.26	19:15:23.447	1.25191				2
2024.12.26	19:15:24.371	1.25190				2
2024.12.26	19:15:25.597	1.25191				2
2024.12.26	19:15:26.513	1.25190				2
2024.12.26	19:15:26.827	1.25191	1.25195			6
2024.12.26	19:15:27.138	1.25190	1.25196			6
2024.12.26	19:15:27.448	1.25189	1.25194			6
2024.12.26	19:15:28.364	1.25188	1.25193			6
2024.12.26	19:15:29.598	1.25189	1.25194			6
2024.12.26	19:15:30.823		1.25195			4
2024.12.26	19:15:33.586		1.25194			4
2024.12.26	19:15:34.820		1.25191			4
2024.12.26	19:15:36.045		1.25192			4
2024.12.26	19:15:36.668		1.25191			4
2024.12.26	19:15:37.288	1.25188				2
2024.12.26	19:15:37.590		1.25190			4
2024.12.26	19:15:39.129		1.25189			4
2024.12.26	19:15:39.435	1.25187	1.25190			6
2024.12.26	19:15:40.050	1.25186				2
2024.12.26	19:15:40.357	1.25185				2
2024.12.26	19:15:43.128	1.25186				2
2024.12.26	19:15:45.593	1.25185				2
2024.12.26	19:15:45.899	1.25186				2
2024.12.26	19:15:46.516		1.25191			4
2024.12.26	19:15:47.131		1.25190			4
2024.12.26	19:15:48.353	1.25191	1.25194			6
2024.12.26	19:15:49.277	1.25189				2
2024.12.26	19:15:49.886	1.25191	1.25197			6
2024.12.26	19:15:50.193		1.25196			4
2024.12.26	19:15:50.810	1.25190	1.25197			6
2024.12.26	19:15:54.185		1.25196			4
2024.12.26	19:15:55.413	1.25192				2
2024.12.26	19:15:56.026		1.25197			4
2024.12.26	19:15:56.952		1.25195			4
2024.12.26	19:15:57.875		1.25196			4
2024.12.26	19:15:59.715	1.25194	1.25197			6
2024.12.26	19:16:00.022	1.25192	1.25195			6
2024.12.26	19:16:00.329	1.25193	1.25196			6
2024.12.26	19:16:00.632	1.25192	1.25195			6
2024.12.26	19:16:01.250	1.25193	1.25197			6
2024.12.26	19:16:02.171	1.25194				2
2024.12.26	19:16:02.479	1.25193				2
2024.12.26	19:16:02.786	1.25194				2
2024.12.26	19:16:03.091	1.25193				2
2024.12.26	19:16:03.701	1.25194				2
2024.12.26	19:16:04.311	1.25195				2
2024.12.26	19:16:05.222	1.25194	1.25195			6
2024.12.26	19:16:05.524		1.25197			4
2024.12.26	19:16:08.278		1.25196			4
2024.12.26	19:16:08.589	1.25195	1.25197			6
2024.12.26	19:16:10.711	1.25194	1.25196			6
2024.12.26	19:16:12.542	1.25195	1.25197			6
2024.12.26	19:16:14.995		1.25196			4
2024.12.26	19:16:16.220		1.25197			4
2024.12.26	19:16:16.524		1.25196			4
2024.12.26	19:16:17.452	1.25194				2
2024.12.26	19:16:17.759	1.25195				2
2024.12.26	19:16:18.066	1.25194				2
2024.12.26	19:16:18.372	1.25195				2
2024.12.26	19:16:18.678	1.25194				2
2024.12.26	19:16:18.982	1.25195	1.25197			6
2024.12.26	19:16:20.195	1.25194				2
2024.12.26	19:16:21.112	1.25193	1.25196			6
2024.12.26	19:16:21.416		1.25197			4
2024.12.26	19:16:30.327	1.25196	1.25199			6
2024.12.26	19:16:32.168		1.25198			4
2024.12.26	19:16:35.557		1.25199			4
2024.12.26	19:16:42.636	1.25193	1.25197			6
2024.12.26	19:16:42.941	1.25194	1.25198			6
2024.12.26	19:16:43.253		1.25197			4
2024.12.26	19:16:46.470	1.25193				2
2024.12.26	19:16:46.771	1.25194				2
2024.12.26	19:16:48.619	1.25193				2
2024.12.26	19:16:48.921		1.25196			4
2024.12.26	19:16:49.228		1.25197			4
2024.12.26	19:16:52.300	1.25194				2
2024.12.26	19:16:52.600		1.25198			4
2024.12.26	19:16:53.521	1.25193	1.25197			6
2024.12.26	19:16:54.445	1.25194				2
2024.12.26	19:16:57.497	1.25193				2
2024.12.26	19:16:58.111		1.25198			4
2024.12.26	19:16:58.412		1.25197			4
2024.12.26	19:17:00.258	1.25193				2
2024.12.26	19:17:01.182	1.25194				2
2024.12.26	19:17:07.300		1.25198			4
2024.12.26	19:17:07.605	1.25195	1.25199			6
2024.12.26	19:17:07.914	1.25194	1.25198			6
2024.12.26	19:17:08.221		1.25197			4
2024.12.26	19:17:09.141		1.25198			4
2024.12.26	19:17:10.062		1.25197			4
2024.12.26	19:17:12.506	1.25192	1.25195			6
2024.12.26	19:17:12.811		1.25196			4
2024.12.26	19:17:14.647	1.25195	1.25197			6
2024.12.26	19:17:14.951		1.25198			4
2024.12.26	19:17:17.097		1.25199			4
2024.12.26	19:17:17.405		1.25198			4
2024.12.26	19:17:18.325		1.25199			4
2024.12.26	19:17:19.246		1.25198			4
2024.12.26	19:17:20.165		1.25199			4
2024.12.26	19:17:20.470		1.25198			4
2024.12.26	19:17:22.307	1.25196				2
2024.12.26	19:17:22.924		1.25199			4
2024.12.26	19:17:25.690		1.25198			4
2024.12.26	19:17:27.841		1.25199			4
2024.12.26	19:17:28.766		1.25198			4
2024.12.26	19:17:33.075		1.25199			4
2024.12.26	19:17:33.378	1.25194	1.25197			6
2024.12.26	19:17:34.303	1.25195				2
2024.12.26	19:17:38.302	1.25194				2
2024.12.26	19:17:42.014	1.25195				2
2024.12.26	19:17:43.241	1.25194	1.25198			6
2024.12.26	19:17:43.542		1.25195			4
2024.12.26	19:17:43.845	1.25192				2
2024.12.26	19:17:45.096		1.25196			4
2024.12.26	19:17:45.703		1.25195			4
2024.12.26	19:17:54.612	1.25195	1.25197			6
2024.12.26	19:17:55.225	1.25196	1.25198			6
2024.12.26	19:17:55.534		1.25197			4
2024.12.26	19:17:57.992		1.25198			4
2024.12.26	19:17:58.301		1.25197			4
2024.12.26	19:18:00.135	1.25196				2
2024.12.26	19:18:00.747		1.25198			4
2024.12.26	19:18:01.053	1.25200	1.25201			6
2024.12.26	19:18:01.357	1.25197	1.25200			6
2024.12.26	19:18:02.891		1.25199			4
2024.12.26	19:18:03.510		1.25198			4
2024.12.26	19:18:03.815		1.25199			4
2024.12.26	19:18:05.049	1.25195	1.25196			6
2024.12.26	19:18:08.126	1.25196	1.25197			6
2024.12.26	19:18:10.889	1.25195				2
2024.12.26	19:18:11.806		1.25198			4
2024.12.26	19:18:12.425		1.25197			4
2024.12.26	19:18:18.276		1.25196			4
2024.12.26	19:18:18.581	1.25196	1.25197			6
2024.12.26	19:18:18.885	1.25199	1.25202			6
2024.12.26	19:18:19.812		1.25201			4
2024.12.26	19:18:20.426		1.25202			4
2024.12.26	19:18:23.498		1.25203			4
2024.12.26	19:18:23.802	1.25198	1.25202			6
2024.12.26	19:18:25.031		1.25200			4
2024.12.26	19:18:25.337	1.25195	1.25198			6
2024.12.26	19:18:26.255		1.25197			4
2024.12.26	19:18:31.489	1.25190	1.25194			6
2024.12.26	19:18:35.771		1.25193			4
2024.12.26	19:18:39.144	1.25191				2
2024.12.26	19:18:43.746	1.25190				2
2024.12.26	19:18:44.049	1.25189	1.25191			6
2024.12.26	19:18:44.659		1.25193			4
2024.12.26	19:18:45.587		1.25191			4
2024.12.26	19:18:46.513	1.25191	1.25193			6
2024.12.26	19:18:49.580		1.25194			4
2024.12.26	19:18:50.505		1.25193			4
2024.12.26	19:18:56.329	1.25190				2
2024.12.26	19:18:56.636		1.25192			4
2024.12.26	19:19:00.001	1.25190				2
2024.12.26	19:19:04.283	1.25184	1.25187			6
2024.12.26	19:19:04.593	1.25185	1.25186			6
2024.12.26	19:19:04.897	1.25183	1.25184			6
2024.12.26	19:19:10.138	1.25185	1.25189			6
2024.12.26	19:19:16.294		1.25187			4
2024.12.26	19:19:17.219	1.25183				2
2024.12.26	19:19:17.524	1.25182	1.25183			6
2024.12.26	19:19:18.754		1.25187			4
2024.12.26	19:19:19.057		1.25185			4
2024.12.26	19:19:20.284		1.25184			4
2024.12.26	19:19:33.778	1.25183	1.25185			6
2024.12.26	19:19:34.081	1.25182				2
2024.12.26	19:19:34.695	1.25183				2
2024.12.26	19:19:36.229	1.25182				2
2024.12.26	19:19:40.526	1.25183				2
2024.12.26	19:19:41.751	1.25182				2
2024.12.26	19:19:42.058	1.25183				2
2024.12.26	19:19:42.980		1.25187			4
2024.12.26	19:19:43.590	1.25182	1.25186			6
2024.12.26	19:19:49.103		1.25184			4
2024.12.26	19:19:49.404		1.25185			4
2024.12.26	19:19:50.643		1.25184			4
2024.12.26	19:19:51.256		1.25183			4
2024.12.26	19:20:00.192	1.25181	1.25182			6
2024.12.26	19:20:05.122		1.25183			4
2024.12.26	19:20:06.048		1.25184			4
2024.12.26	19:20:07.891		1.25183			4
2024.12.26	19:20:18.662	1.25178	1.25180			6
2024.12.26	19:20:18.967		1.25179			4
2024.12.26	19:20:19.889	1.25181	1.25183			6
2024.12.26	19:20:20.195	1.25176	1.25179			6
2024.12.26	19:20:20.506	1.25175	1.25177			6
2024.12.26	19:20:21.431	1.25181	1.25183			6
2024.12.26	19:20:21.741		1.25184			4
2024.12.26	19:20:22.970	1.25182	1.25185			6
2024.12.26	19:20:35.252		1.25184			4
2024.12.26	19:20:36.173	1.25179	1.25180			6
2024.12.26	19:20:38.012	1.25181	1.25183			6
2024.12.26	19:20:40.148		1.25184			4
2024.12.26	19:20:42.915		1.25183			4
2024.12.26	19:20:43.224		1.25184			4
2024.12.26	19:20:43.527	1.25179				2
2024.12.26	19:20:43.829		1.25183			4
2024.12.26	19:20:45.982	1.25178	1.25180			6
2024.12.26	19:20:46.291		1.25181			4
2024.12.26	19:20:50.581	1.25179				2
2024.12.26	19:20:51.503		1.25180			4
2024.12.26	19:20:51.815		1.25181			4
2024.12.26	19:20:52.127		1.25180			4
2024.12.26	19:20:52.736		1.25181			4
2024.12.26	19:20:53.660	1.25176				2
2024.12.26	19:20:55.813		1.25179			4
2024.12.26	19:20:59.192		1.25177			4
2024.12.26	19:20:59.502	1.25173	1.25174			6
2024.12.26	19:21:00.118	1.25173				2
2024.12.26	19:21:02.573	1.25169	1.25170			6
2024.12.26	19:21:02.882	1.25168	1.25169			6
2024.12.26	19:21:03.188		1.25171			4
2024.12.26	19:21:03.492		1.25172			4
2024.12.26	19:21:03.795	1.25166	1.25171			6
2024.12.26	19:21:07.500	1.25168	1.25172			6
2024.12.26	19:21:08.418	1.25167				2
2024.12.26	19:21:08.724	1.25168	1.25174			6
2024.12.26	19:21:09.031		1.25172			4
2024.12.26	19:21:09.336		1.25173			4
2024.12.26	19:21:09.638		1.25174			4
2024.12.26	19:21:10.260		1.25172			4
2024.12.26	19:21:11.181		1.25171			4
2024.12.26	19:21:12.403	1.25166				2
2024.12.26	19:21:12.714	1.25167				2
2024.12.26	19:21:13.021		1.25170			4
2024.12.26	19:21:13.941		1.25171			4
2024.12.26	19:21:14.560		1.25170			4
2024.12.26	19:21:17.016		1.25171			4
2024.12.26	19:21:24.087	1.25163	1.25166			6
2024.12.26	19:21:24.391		1.25167			4
2024.12.26	19:21:25.932	1.25164				2
2024.12.26	19:21:27.159		1.25168			4
2024.12.26	19:21:27.468	1.25163	1.25165			6
2024.12.26	19:21:28.376	1.25161	1.25164			6
2024.12.26	19:21:28.684	1.25162				2
2024.12.26	19:21:28.987		1.25166			4
2024.12.26	19:21:29.297		1.25164			4
2024.12.26	19:21:30.530	1.25161	1.25162			6
2024.12.26	19:21:30.839		1.25164			4
2024.12.26	19:21:31.456		1.25165			4
2024.12.26	19:21:32.685	1.25162				2
2024.12.26	19:21:40.365	1.25161	1.25163			6
2024.12.26	19:21:40.674	1.25162				2
2024.12.26	19:21:40.974		1.25164			4
2024.12.26	19:21:41.278		1.25165			4
2024.12.26	19:21:42.808		1.25164			4
2024.12.26	19:21:44.343	1.25172	1.25173			6
2024.12.26	19:21:44.649	1.25173	1.25174			6
2024.12.26	19:21:45.264	1.25175	1.25177			6
2024.12.26	19:21:45.574	1.25174	1.25176			6
2024.12.26	19:21:45.878		1.25177			4
2024.12.26	19:21:46.489		1.25175			4
2024.12.26	19:21:46.798	1.25172	1.25174			6
2024.12.26	19:21:47.105	1.25170	1.25176			6
2024.12.26	19:21:48.337	1.25165	1.25170			6
2024.12.26	19:21:52.015	1.25178	1.25179			6
2024.12.26	19:21:52.316	1.25179	1.25183			6
2024.12.26	19:21:53.243	1.25185	1.25189			6
2024.12.26	19:21:53.550	1.25183	1.25187			6
2024.12.26	19:21:53.862		1.25186			4
2024.12.26	19:21:54.785	1.25181	1.25185			6
2024.12.26	19:21:55.711	1.25175	1.25177			6
2024.12.26	19:21:56.021		1.25180			4
2024.12.26	19:21:56.323	1.25176	1.25178			6
2024.12.26	19:21:56.637		1.25179			4
2024.12.26	19:21:56.941		1.25178			4
2024.12.26	19:21:57.867		1.25179			4
2024.12.26	19:21:58.175		1.25178			4
2024.12.26	19:21:58.480		1.25179			4
2024.12.26	19:21:59.402		1.25178			4
2024.12.26	19:22:00.021	1.25176	1.25179			6
2024.12.26	19:22:01.553		1.25178			4
2024.12.26	19:22:02.805		1.25179			4
2024.12.26	19:22:03.109		1.25178			4
2024.12.26	19:22:03.415	1.25184	1.25185			6
2024.12.26	19:22:04.034	1.25185	1.25187			6
2024.12.26	19:22:04.340		1.25189			4
2024.12.26	19:22:04.646	1.25189	1.25191			6
2024.12.26	19:22:05.570	1.25185	1.25190			6
2024.12.26	19:22:05.879	1.25188	1.25193			6
2024.12.26	19:22:06.182		1.25192			4
2024.12.26	19:22:06.801		1.25191			4
2024.12.26	19:22:07.421	1.25186				2
2024.12.26	19:22:07.724	1.25184	1.25188			6
2024.12.26	19:22:08.342		1.25185			4
2024.12.26	19:22:12.958		1.25186			4
2024.12.26	19:22:15.720	1.25182	1.25185			6
2024.12.26	19:22:16.336		1.25184			4
2024.12.26	19:22:18.174		1.25185			4
2024.12.26	19:22:21.849	1.25181				2
2024.12.26	19:22:26.441		1.25184			4
2024.12.26	19:22:27.359	1.25182				2
2024.12.26	19:22:32.880		1.25183			4
2024.12.26	19:22:33.182	1.25176	1.25179			6
2024.12.26	19:22:34.102	1.25173	1.25176			6
2024.12.26	19:22:34.407	1.25183	1.25184			6
2024.12.26	19:22:34.717	1.25184	1.25188			6
2024.12.26	19:22:39.296		1.25187			4
2024.12.26	19:22:39.604		1.25186			4
2024.12.26	19:22:40.527		1.25188			4
2024.12.26	19:22:42.368		1.25186			4
2024.12.26	19:22:42.675		1.25187			4
2024.12.26	19:22:43.290		1.25188			4
2024.12.26	19:22:51.906		1.25187			4
2024.12.26	19:22:52.520	1.25185	1.25188			6
2024.12.26	19:22:54.364		1.25187			4
2024.12.26	19:22:56.214	1.25182	1.25184			6
2024.12.26	19:22:56.522	1.25181	1.25183			6
2024.12.26	19:22:56.827		1.25182			4
2024.12.26	19:22:57.129		1.25183			4
2024.12.26	19:22:58.059		1.25184			4
2024.12.26	19:22:58.671	1.25178	1.25180			6
2024.12.26	19:22:58.974	1.25173	1.25177			6
2024.12.26	19:22:59.282		1.25176			4
2024.12.26	19:23:00.198	1.25177	1.25178			6
2024.12.26	19:23:00.506	1.25182	1.25183			6
2024.12.26	19:23:00.808	1.25185	1.25186			6
2024.12.26	19:23:01.114	1.25184				2
2024.12.26	19:23:01.421	1.25185				2
2024.12.26	19:23:04.184		1.25188			4
2024.12.26	19:23:07.576	1.25184				2
2024.12.26	19:23:07.884	1.25185				2
2024.12.26	19:23:10.037	1.25184	1.25187			6
2024.12.26	19:23:10.345	1.25183	1.25186			6
2024.12.26	19:23:11.568	1.25181	1.25184			6
2024.12.26	19:23:12.178		1.25183			4
2024.12.26	19:23:13.706	1.25178	1.25182			6
2024.12.26	19:23:14.013	1.25177	1.25181			6
2024.12.26	19:23:14.321		1.25180			4
2024.12.26	19:23:14.626		1.25181			4
2024.12.26	19:23:15.539	1.25178	1.25182			6
2024.12.26	19:23:16.159		1.25181			4
2024.12.26	19:23:20.445	1.25177	1.25180			6
2024.12.26	19:23:20.756	1.25174	1.25178			6
2024.12.26	19:23:21.369	1.25173				2
2024.12.26	19:23:24.446	1.25172	1.25177			6
2024.12.26	19:23:24.756	1.25183	1.25184			6
2024.12.26	19:23:25.062		1.25187			4
2024.12.26	19:23:25.991		1.25186			4
2024.12.26	19:23:26.295		1.25187			4
2024.12.26	19:23:29.067	1.25178	1.25181			6
2024.12.26	19:23:30.293	1.25177				2
2024.12.26	19:23:30.605	1.25176				2
2024.12.26	19:23:30.910	1.25173	1.25176			6
2024.12.26	19:23:31.224		1.25178			4
2024.12.26	19:23:31.532	1.25172				2
2024.12.26	19:23:32.451		1.25175			4
2024.12.26	19:23:41.996		1.25174			4
2024.12.26	19:23:45.051	1.25170				2
2024.12.26	19:23:45.353	1.25168	1.25169			6
2024.12.26	19:23:45.668	1.25161	1.25164			6
2024.12.26	19:23:46.281	1.25158	1.25162			6
2024.12.26	19:23:48.118	1.25161	1.25166			6
2024.12.26	19:23:48.426	1.25162	1.25167			6
2024.12.26	19:23:50.263	1.25160	1.25166			6
2024.12.26	19:23:50.882	1.25159				2
2024.12.26	19:23:51.188		1.25165			4
2024.12.26	19:23:51.801	1.25161	1.25166			6
2024.12.26	19:23:52.106	1.25160				2
2024.12.26	19:23:53.336	1.25161				2
2024.12.26	19:23:56.099	1.25162				2
2024.12.26	19:23:57.627	1.25166	1.25167			6
2024.12.26	19:23:57.931	1.25168	1.25172			6
2024.12.26	19:23:58.236	1.25169	1.25173			6
2024.12.26	19:23:58.844		1.25172			4
2024.12.26	19:24:00.081	1.25169				2
2024.12.26	19:24:00.390	1.25172	1.25176			6
2024.12.26	19:24:02.543	1.25173				2
2024.12.26	19:24:10.232		1.25175			4
2024.12.26	19:24:11.463	1.25169	1.25174			6
2024.12.26	19:24:12.998	1.25170				2
2024.12.26	19:24:13.917	1.25171	1.25175			6
2024.12.26	19:24:14.221		1.25174			4
2024.12.26	19:24:14.524		1.25175			4
2024.12.26	19:24:15.450	1.25170	1.25174			6
2024.12.26	19:24:19.121	1.25171	1.25175			6
2024.12.26	19:24:20.334	1.25170	1.25174			6
2024.12.26	19:24:21.261	1.25169	1.25173			6
2024.12.26	19:24:21.875	1.25170	1.25174			6
2024.12.26	19:24:23.404	1.25169				2
2024.12.26	19:24:25.854		1.25173			4
2024.12.26	19:24:26.159	1.25170	1.25174			6
2024.12.26	19:24:26.470	1.25171	1.25175			6
2024.12.26	19:24:28.919	1.25170	1.25174			6
2024.12.26	19:24:29.224		1.25175			4
2024.12.26	19:24:29.530	1.25171				2
2024.12.26	19:24:29.839	1.25170	1.25174			6
2024.12.26	19:24:32.896		1.25173			4
2024.12.26	19:24:36.875		1.25174			4
2024.12.26	19:24:43.014		1.25173			4
2024.12.26	19:24:45.170		1.25174			4
2024.12.26	19:24:50.346	1.25172	1.25176			6
2024.12.26	19:24:50.648	1.25171	1.25175			6
2024.12.26	19:24:56.154	1.25172				2
2024.12.26	19:24:56.458		1.25176			4
2024.12.26	19:24:57.380		1.25175			4
2024.12.26	19:24:57.996	1.25171				2
2024.12.26	19:24:59.526	1.25173	1.25177			6
2024.12.26	19:24:59.836		1.25176			4
2024.12.26	19:25:00.145	1.25173				2
2024.12.26	19:25:04.129	1.25177	1.25179			6
2024.12.26	19:25:04.439	1.25181	1.25185			6
2024.12.26	19:25:06.593	1.25179	1.25183			6
2024.12.26	19:25:06.900		1.25182			4
2024.12.26	19:25:12.429		1.25184			4
2024.12.26	19:25:12.738	1.25180				2
2024.12.26	19:25:13.357		1.25185			4
2024.12.26	19:25:17.356	1.25184	1.25188			6
2024.12.26	19:25:19.200		1.25185			4
2024.12.26	19:25:20.741	1.25183	1.25184			6
2024.12.26	19:25:23.819	1.25182				2
2024.12.26	19:25:25.661	1.25184	1.25185			6
2024.12.26	19:25:29.043	1.25183				2
2024.12.26	19:25:29.350		1.25184			4
2024.12.26	19:25:30.285	1.25184	1.25185			6
2024.12.26	19:25:30.899	1.25180	1.25182			6
2024.12.26	19:25:31.211	1.25174	1.25177			6
2024.12.26	19:25:31.821	1.25173				2
2024.12.26	19:25:32.435	1.25174				2
2024.12.26	19:25:33.059	1.25182	1.25183			6
2024.12.26	19:25:33.366	1.25183	1.25184			6
2024.12.26	19:25:34.904	1.25180	1.25182			6
2024.12.26	19:25:35.522	1.25181				2
2024.12.26	19:25:35.829		1.25183			4
2024.12.26	19:25:38.591	1.25182				2
2024.12.26	19:25:38.900	1.25184	1.25186			6
2024.12.26	19:25:39.208	1.25182	1.25184			6
2024.12.26	19:25:39.517		1.25185			4
2024.12.26	19:25:39.823	1.25183	1.25186			6
2024.12.26	19:25:40.130	1.25182	1.25184			6
2024.12.26	19:25:41.366	1.25181				2
2024.12.26	19:25:47.212	1.25182				2
2024.12.26	19:25:53.678		1.25185			4
2024.12.26	19:25:53.983	1.25181	1.25184			6
2024.12.26	19:25:54.601		1.25182			4
2024.12.26	19:25:56.126	1.25182	1.25183			6
2024.12.26	19:25:58.600	1.25181	1.25182			6
2024.12.26	19:25:58.906	1.25180				2
2024.12.26	19:26:00.145	1.25180				2
2024.12.26	19:26:00.454	1.25179				2
2024.12.26	19:26:03.214	1.25178	1.25179			6
2024.12.26	19:26:03.521	1.25176	1.25178			6
2024.12.26	19:26:06.586	1.25177	1.25179			6
2024.12.26	19:26:06.887	1.25174	1.25175			6
2024.12.26	19:26:07.193	1.25169	1.25172			6
2024.12.26	19:26:07.500		1.25171			4
2024.12.26	19:26:08.722	1.25172	1.25173			6
2024.12.26	19:26:14.563	1.25171	1.25172			6
2024.12.26	19:26:14.873	1.25172	1.25173			6
2024.12.26	19:26:17.636	1.25171				2
2024.12.26	19:26:21.329	1.25172				2
2024.12.26	19:26:21.638	1.25171				2
2024.12.26	19:26:29.910	1.25169	1.25172			6
2024.12.26	19:26:30.825	1.25170				2
2024.12.26	19:26:31.139	1.25169				2
2024.12.26	19:26:33.590	1.25171				2
2024.12.26	19:26:42.485	1.25169	1.25171			6
2024.12.26	19:26:49.239	1.25168				2
2024.12.26	19:26:54.142	1.25169	1.25172			6
2024.12.26	19:26:57.213	1.25170				2
2024.12.26	19:26:58.437	1.25172	1.25173			6
2024.12.26	19:27:00.005	1.25172				2
2024.12.26	19:27:00.312	1.25177	1.25179			6
2024.12.26	19:27:00.621	1.25178				2
2024.12.26	19:27:01.238	1.25175	1.25177			6
2024.12.26	19:27:01.853	1.25176				2
2024.12.26	19:27:02.469	1.25175				2
2024.12.26	19:27:08.008	1.25176				2
2024.12.26	19:27:09.232	1.25174				2
2024.12.26	19:27:09.537	1.25172	1.25174			6
2024.12.26	19:27:09.842		1.25175			4
2024.12.26	19:27:12.612	1.25171	1.25174			6
2024.12.26	19:27:14.156	1.25172				2
2024.12.26	19:27:20.011		1.25173			4
2024.12.26	19:27:24.322	1.25171	1.25172			6
2024.12.26	19:27:25.245	1.25172	1.25173			6
2024.12.26	19:27:30.134	1.25173	1.25174			6
2024.12.26	19:27:30.437	1.25172				2
2024.12.26	19:27:31.050		1.25173			4
2024.12.26	19:27:32.278	1.25170				2
2024.12.26	19:27:32.584	1.25168	1.25171			6
2024.12.26	19:27:33.195	1.25170	1.25172			6
2024.12.26	19:27:33.807	1.25169				2
2024.12.26	19:27:37.172	1.25160	1.25162			6
2024.12.26	19:27:37.479	1.25159	1.25161			6
2024.12.26	19:27:41.176	1.25162	1.25163			6
2024.12.26	19:27:42.407	1.25161	1.25162			6
2024.12.26	19:27:42.717	1.25162	1.25163			6
2024.12.26	19:27:47.947	1.25160	1.25162			6
2024.12.26	19:27:48.862	1.25159				2
2024.12.26	19:27:49.175	1.25160				2
2024.12.26	19:27:49.783	1.25159				2
2024.12.26	19:27:51.628	1.25161				2
2024.12.26	19:28:00.295	1.25161				2
2024.12.26	19:28:06.738	1.25159				2
2024.12.26	19:28:07.984	1.25160				2
2024.12.26	19:28:08.289	1.25159				2
2024.12.26	19:28:08.901	1.25160				2
2024.12.26	19:28:09.204	1.25162	1.25163			6
2024.12.26	19:28:11.683	1.25161	1.25162			6
2024.12.26	19:28:11.990	1.25162	1.25163			6
2024.12.26	19:28:13.837		1.25164			4
2024.12.26	19:28:14.142		1.25165			4
2024.12.26	19:28:16.291		1.25164			4
2024.12.26	19:28:16.601	1.25161	1.25163			6
2024.12.26	19:28:16.907	1.25160				2
2024.12.26	19:28:18.757	1.25162	1.25164			6
2024.12.26	19:28:19.059	1.25161	1.25163			6
2024.12.26	19:28:24.608	1.25162				2
2024.12.26	19:28:24.910	1.25161				2
2024.12.26	19:28:27.057	1.25162				2
2024.12.26	19:28:27.669	1.25161				2
2024.12.26	19:28:28.905	1.25160				2
2024.12.26	19:28:29.206	1.25161				2
2024.12.26	19:28:30.423		1.25162			4
2024.12.26	19:28:31.343	1.25160				2
2024.12.26	19:28:35.322	1.25162	1.25163			6
2024.12.26	19:28:35.633	1.25161	1.25162			6
2024.12.26	19:28:37.775	1.25162	1.25163			6
2024.12.26	19:28:46.649	1.25161	1.25162			6
2024.12.26	19:28:47.871	1.25160	1.25161			6
2024.12.26	19:28:48.179	1.25159				2
2024.12.26	19:28:49.709	1.25153	1.25156			6
2024.12.26	19:28:50.019		1.25155			4
2024.12.26	19:28:50.328		1.25154			4
2024.12.26	19:28:55.250	1.25152				2
2024.12.26	19:28:58.319		1.25153			4
2024.12.26	19:29:00.155	1.25152				2
2024.12.26	19:29:12.726	1.25143	1.25144			6
2024.12.26	19:29:16.093	1.25142	1.25143			6
2024.12.26	19:29:17.012	1.25143	1.25146			6
2024.12.26	19:29:17.318		1.25144			4
2024.12.26	19:29:18.240	1.25142				2
2024.12.26	19:29:22.241		1.25143			4
2024.12.26	19:29:32.980		1.25144			4
2024.12.26	19:29:39.115		1.25143			4
2024.12.26	19:29:50.143	1.25144	1.25145			6
2024.12.26	19:29:50.451		1.25146			4
2024.12.26	19:29:50.753	1.25145				2
2024.12.26	19:29:54.118		1.25147			4
2024.12.26	19:29:55.352	1.25146	1.25148			6
2024.12.26	19:29:55.660	1.25148	1.25149			6
2024.12.26	19:29:55.967	1.25146				2
2024.12.26	19:29:56.273	1.25147				2
2024.12.26	19:30:00.271	1.25150	1.25151			6
2024.12.26	19:30:00.581	1.25145	1.25146			6
2024.12.26	19:30:00.886	1.25146	1.25148			6
2024.12.26	19:30:01.807	1.25143	1.25144			6
2024.12.26	19:30:02.429	1.25144	1.25145			6
2024.12.26	19:30:11.392	1.25142	1.25143			6
2024.12.26	19:30:11.702	1.25137	1.25138			6
2024.12.26	19:30:12.004	1.25138	1.25140			6
2024.12.26	19:30:12.305	1.25139	1.25141			6
2024.12.26	19:30:12.615	1.25138				2
2024.12.26	19:30:13.548	1.25136	1.25139			6
2024.12.26	19:30:15.087	1.25137	1.25138			6
2024.12.26	19:30:15.397	1.25136	1.25137			6
2024.12.26	19:30:16.020		1.25139			4
2024.12.26	19:30:18.167	1.25138	1.25141			6
2024.12.26	19:30:19.092	1.25141	1.25142			6
2024.12.26	19:30:20.633	1.25140				2
2024.12.26	19:30:20.940	1.25137	1.25141			6
2024.12.26	19:30:21.555	1.25138				2
2024.12.26	19:30:21.864	1.25137				2
2024.12.26	19:30:23.098	1.25140				2
2024.12.26	19:30:23.406	1.25141	1.25142			6
2024.12.26	19:30:36.324	1.25140				2
2024.12.26	19:30:37.244	1.25138				2
2024.12.26	19:30:38.164	1.25137	1.25139			6
2024.12.26	19:30:38.467	1.25135				2
2024.12.26	19:30:38.770		1.25136			4
2024.12.26	19:30:40.916	1.25133	1.25135			6
2024.12.26	19:30:44.611	1.25132	1.25134			6
2024.12.26	19:30:50.155	1.25131	1.25133			6
2024.12.26	19:30:51.075	1.25132				2
2024.12.26	19:30:51.693	1.25131				2
2024.12.26	19:30:52.614	1.25130				2
2024.12.26	19:30:52.924	1.25129	1.25134			6
2024.12.26	19:30:53.542	1.25128	1.25133			6
2024.12.26	19:30:54.157	1.25129	1.25134			6
2024.12.26	19:30:55.075		1.25133			4
2024.12.26	19:30:55.689	1.25128				2
2024.12.26	19:30:55.996	1.25130				2
2024.12.26	19:30:59.990	1.25132				2
2024.12.26	19:31:00.296	1.25131				2
2024.12.26	19:31:00.604		1.25134			4
2024.12.26	19:31:00.909	1.25134	1.25137			6
2024.12.26	19:31:01.216	1.25135	1.25139			6
2024.12.26	19:31:02.135	1.25134	1.25138			6
2024.12.26	19:31:03.367	1.25130	1.25134			6
2024.12.26	19:31:04.292		1.25135			4
2024.12.26	19:31:06.444	1.25129	1.25134			6
2024.12.26	19:31:08.293	1.25130	1.25135			6
2024.12.26	19:31:09.221	1.25131				2
2024.12.26	19:31:09.837	1.25132				2
2024.12.26	19:31:10.143	1.25131				2
2024.12.26	19:31:11.990	1.25133				2
2024.12.26	19:31:12.299	1.25132				2
2024.12.26	19:31:12.607	1.25131				2
2024.12.26	19:31:14.147	1.25132	1.25136			6
2024.12.26	19:31:16.307	1.25131	1.25135			6
2024.12.26	19:31:18.463	1.25130	1.25134			6
2024.12.26	19:31:19.384		1.25135			4
2024.12.26	19:31:19.687		1.25134			4
2024.12.26	19:31:20.913		1.25135			4
2024.12.26	19:31:21.220	1.25131				2
2024.12.26	19:31:21.527	1.25130	1.25134			6
2024.12.26	19:31:21.833	1.25131	1.25135			6
2024.12.26	19:31:25.202	1.25130	1.25134			6
2024.12.26	19:31:30.104	1.25131				2
2024.12.26	19:31:30.413		1.25135			4
2024.12.26	19:31:32.251	1.25132				2
2024.12.26	19:31:32.553	1.25131	1.25134			6
2024.12.26	19:31:34.713	1.25130				2
2024.12.26	19:31:35.023	1.25131				2
2024.12.26	19:31:35.324	1.25132				2
2024.12.26	19:31:52.812		1.25135			4
2024.12.26	19:31:57.716	1.25131	1.25134			6
2024.12.26	19:31:58.021	1.25130				2
2024.12.26	19:32:00.164	1.25130				2
2024.12.26	19:32:02.013	1.25132	1.25135			6
2024.12.26	19:32:02.319	1.25133	1.25136			6
2024.12.26	19:32:02.628		1.25137			4
2024.12.26	19:32:02.935		1.25136			4
2024.12.26	19:32:03.243		1.25137			4
2024.12.26	19:32:03.551	1.25134	1.25138			6
2024.12.26	19:32:03.858		1.25137			4
2024.12.26	19:32:04.160		1.25138			4
2024.12.26	19:32:04.478	1.25133	1.25137			6
2024.12.26	19:32:05.707	1.25141	1.25143			6
2024.12.26	19:32:06.010	1.25138	1.25142			6
2024.12.26	19:32:10.024	1.25133	1.25137			6
2024.12.26	19:32:10.335	1.25132	1.25136			6
2024.12.26	19:32:10.639	1.25133	1.25137			6
2024.12.26	19:32:11.254	1.25132				2
2024.12.26	19:32:12.788	1.25131	1.25135			6
2024.12.26	19:32:13.099		1.25136			4
2024.12.26	19:32:13.403	1.25132	1.25137			6
2024.12.26	19:32:14.629	1.25131	1.25136			6
2024.12.26	19:32:15.848	1.25133	1.25137			6
2024.12.26	19:32:16.155	1.25138	1.25142			6
2024.12.26	19:32:16.464	1.25139	1.25143			6
2024.12.26	19:32:18.009	1.25137	1.25142			6
2024.12.26	19:32:18.624	1.25138				2
2024.12.26	19:32:18.929	1.25139				2
2024.12.26	19:32:20.153	1.25140	1.25143			6
2024.12.26	19:32:20.459	1.25139				2
2024.12.26	19:32:20.764	1.25143	1.25145			6
2024.12.26	19:32:21.069	1.25142				2
2024.12.26	19:32:23.215		1.25146			4
2024.12.26	19:32:23.827	1.25141	1.25144			6
2024.12.26	19:32:26.900		1.25145			4
2024.12.26	19:32:28.119	1.25140	1.25144			6
2024.12.26	19:32:28.733	1.25139				2
2024.12.26	19:32:29.041		1.25143			4
2024.12.26	19:32:29.655	1.25141	1.25145			6
2024.12.26	19:32:30.269	1.25140				2
2024.12.26	19:32:33.629	1.25141				2
2024.12.26	19:32:37.007	1.25142	1.25146			6
2024.12.26	19:32:37.626	1.25143				2
2024.12.26	19:32:38.240	1.25142	1.25145			6
2024.12.26	19:32:40.083		1.25146			4
2024.12.26	19:32:40.390		1.25145			4
2024.12.26	19:32:40.697		1.25146			4
2024.12.26	19:32:41.621		1.25145			4
2024.12.26	19:32:43.152	1.25143	1.25146			6
2024.12.26	19:32:44.065	1.25147	1.25150			6
2024.12.26	19:32:44.367		1.25149			4
2024.12.26	19:32:45.291	1.25146				2
2024.12.26	19:32:45.601	1.25148	1.25151			6
2024.12.26	19:32:46.213	1.25147	1.25150			6
2024.12.26	19:32:47.743	1.25146	1.25149			6
2024.12.26	19:32:48.352	1.25147				2
2024.12.26	19:32:49.274	1.25146				2
2024.12.26	19:32:49.579		1.25150			4
2024.12.26	19:32:49.888	1.25147	1.25149			6
2024.12.26	19:32:50.199		1.25150			4
2024.12.26	19:32:52.048	1.25148				2
2024.12.26	19:32:52.360	1.25149	1.25153			6
2024.12.26	19:32:52.665		1.25152			4
2024.12.26	19:32:54.821	1.25148				2
2024.12.26	19:32:55.738		1.25151			4
2024.12.26	19:32:56.042	1.25150	1.25154			6
2024.12.26	19:33:00.026	1.25150				2
2024.12.26	19:33:01.565	1.25147	1.25151			6
2024.12.26	19:33:02.799		1.25152			4
2024.12.26	19:33:03.106	1.25148	1.25153			6
2024.12.26	19:33:03.713	1.25146	1.25150			6
2024.12.26	19:33:04.635	1.25145	1.25148			6
2024.12.26	19:33:04.938		1.25149			4
2024.12.26	19:33:05.246	1.25144	1.25148			6
2024.12.26	19:33:05.560	1.25145	1.25149			6
2024.12.26	19:33:09.247		1.25148			4
2024.12.26	19:33:09.554		1.25149			4
2024.12.26	19:33:14.801	1.25146				2
2024.12.26	19:33:16.028	1.25145				2
2024.12.26	19:33:16.335	1.25146				2
2024.12.26	19:33:23.077	1.25147	1.25151			6
2024.12.26	19:33:24.306		1.25150			4
2024.12.26	19:33:24.610	1.25148	1.25151			6
2024.12.26	19:33:25.228	1.25149	1.25153			6
2024.12.26	19:33:27.377	1.25148	1.25152			6
2024.12.26	19:33:27.684	1.25149	1.25153			6
2024.12.26	19:33:27.996	1.25148	1.25152			6
2024.12.26	19:33:29.220	1.25151	1.25154			6
2024.12.26	19:33:29.524	1.25162	1.25163			6
2024.12.26	19:33:29.825	1.25163	1.25165			6
2024.12.26	19:33:30.127	1.25167	1.25168			6
2024.12.26	19:33:33.201	1.25173	1.25176			6
2024.12.26	19:33:33.820	1.25176	1.25178			6
2024.12.26	19:33:34.127	1.25173	1.25176			6
2024.12.26	19:33:34.742	1.25179	1.25182			6
2024.12.26	19:33:35.045	1.25181	1.25183			6
2024.12.26	19:33:38.441	1.25182	1.25184			6
2024.12.26	19:33:38.746		1.25185			4
2024.12.26	19:33:39.967		1.25183			4
2024.12.26	19:33:40.271	1.25180	1.25181			6
2024.12.26	19:33:40.580	1.25182	1.25185			6
2024.12.26	19:33:43.946		1.25186			4
2024.12.26	19:33:45.469		1.25188			4
2024.12.26	19:33:45.775	1.25183	1.25186			6
2024.12.26	19:33:46.383	1.25184	1.25188			6
2024.12.26	19:33:46.689	1.25183	1.25186			6
2024.12.26	19:33:46.996	1.25184	1.25187			6
2024.12.26	19:33:47.298	1.25183	1.25186			6
2024.12.26	19:33:50.034		1.25187			4
2024.12.26	19:33:50.643	1.25184	1.25188			6
2024.12.26	19:33:51.251	1.25183	1.25185			6
2024.12.26	19:33:51.556		1.25187			4
2024.12.26	19:33:55.223	1.25184				2
2024.12.26	19:33:55.526	1.25183	1.25185			6
2024.12.26	19:33:56.141		1.25187			4
2024.12.26	19:34:00.112	1.25183				2
2024.12.26	19:34:01.030		1.25186			4
2024.12.26	19:34:01.337		1.25187			4
2024.12.26	19:34:08.381	1.25184	1.25188			6
2024.12.26	19:34:08.997	1.25183	1.25187			6
2024.12.26	19:34:09.302		1.25184			4
2024.12.26	19:34:09.608	1.25182				2
2024.12.26	19:34:11.443	1.25183				2
2024.12.26	19:34:12.685		1.25187			4
2024.12.26	19:34:14.527		1.25188			4
2024.12.26	19:34:15.445		1.25185			4
2024.12.26	19:34:16.980		1.25184			4
2024.12.26	19:34:17.290		1.25185			4
2024.12.26	19:34:18.206		1.25184			4
2024.12.26	19:34:22.194		1.25185			4
2024.12.26	19:34:22.501		1.25186			4
2024.12.26	19:34:22.803		1.25185			4
2024.12.26	19:34:30.487		1.25184			4
2024.12.26	19:34:30.792		1.25185			4
2024.12.26	19:34:31.100		1.25184			4
2024.12.26	19:34:31.402		1.25185			4
2024.12.26	19:34:33.857		1.25184			4
2024.12.26	19:34:35.393		1.25185			4
2024.12.26	19:34:37.224	1.25185	1.25188			6
2024.12.26	19:34:41.509	1.25186				2
2024.12.26	19:34:50.087	1.25185	1.25186			6
2024.12.26	19:34:51.006	1.25186	1.25187			6
2024.12.26	19:34:51.311	1.25184	1.25185			6
2024.12.26	19:34:51.925	1.25183	1.25184			6
2024.12.26	19:34:54.093	1.25185	1.25186			6
2024.12.26	19:34:54.401	1.25186	1.25187			6
2024.12.26	19:34:55.326		1.25188			4
2024.12.26	19:35:00.251	1.25186				2
2024.12.26	19:35:01.174	1.25210	1.25212			6
2024.12.26	19:35:01.484	1.25209	1.25210			6
2024.12.26	19:35:01.786		1.25211			4
2024.12.26	19:35:02.714		1.25210			4
2024.12.26	19:35:03.025	1.25210	1.25211			6
2024.12.26	19:35:03.327	1.25209	1.25213			6
2024.12.26	19:35:03.637	1.25211				2
2024.12.26	19:35:06.101		1.25212			4
2024.12.26	19:35:06.403	1.25209	1.25211			6
2024.12.26	19:35:06.710		1.25213			4
2024.12.26	19:35:09.798		1.25211			4
2024.12.26	19:35:10.105		1.25213			4
2024.12.26	19:35:12.565		1.25210			4
2024.12.26	19:35:12.868	1.25201	1.25202			6
2024.12.26	19:35:13.491	1.25198	1.25201			6
2024.12.26	19:35:15.336		1.25203			4
2024.12.26	19:35:17.797	1.25201				2
2024.12.26	19:35:19.650		1.25202			4
2024.12.26	19:35:21.181	1.25202	1.25204			6
2024.12.26	19:35:21.484		1.25207			4
2024.12.26	19:35:22.102	1.25203				2
2024.12.26	19:35:22.714		1.25206			4
2024.12.26	19:35:23.021	1.25202	1.25205			6
2024.12.26	19:35:23.632		1.25207			4
2024.12.26	19:35:23.936	1.25203				2
2024.12.26	19:35:25.159	1.25202				2
2024.12.26	19:35:26.383	1.25195	1.25196			6
2024.12.26	19:35:26.684	1.25193	1.25197			6
2024.12.26	19:35:29.147		1.25196			4
2024.12.26	19:35:29.452		1.25197			4
2024.12.26	19:35:34.676		1.25198			4
2024.12.26	19:35:35.904	1.25194				2
2024.12.26	19:35:37.749		1.25197			4
2024.12.26	19:35:41.733		1.25199			4
2024.12.26	19:35:42.041		1.25198			4
2024.12.26	19:35:42.653		1.25197			4
2024.12.26	19:35:45.116		1.25198			4
2024.12.26	19:35:46.350		1.25197			4
2024.12.26	19:35:49.732		1.25198			4
2024.12.26	19:35:50.351		1.25197			4
2024.12.26	19:35:51.888		1.25196			4
2024.12.26	19:35:52.202		1.25197			4
2024.12.26	19:35:52.507		1.25196			4
2024.12.26	19:35:55.891	1.25190	1.25193			6
2024.12.26	19:35:56.194	1.25189	1.25192			6
2024.12.26	19:35:56.812	1.25188				2
2024.12.26	19:35:57.118		1.25193			4
2024.12.26	19:35:57.731		1.25192			4
2024.12.26	19:35:58.038	1.25184	1.25187			6
2024.12.26	19:35:58.352		1.25188			4
2024.12.26	19:36:00.190	1.25184				2
2024.12.26	19:36:02.640		1.25187			4
2024.12.26	19:36:02.944		1.25186			4
2024.12.26	19:36:03.559	1.25183	1.25185			6
2024.12.26	19:36:03.866		1.25186			4
2024.12.26	19:36:04.479	1.25184	1.25188			6
2024.12.26	19:36:10.588	1.25186	1.25190			6
2024.12.26	19:36:10.892	1.25185	1.25188			6
2024.12.26	19:36:11.505	1.25186	1.25189			6
2024.12.26	19:36:13.955	1.25187				2
2024.12.26	19:36:22.528	1.25183	1.25185			6
2024.12.26	19:36:28.368	1.25180	1.25183			6
2024.12.26	19:36:28.671	1.25176	1.25180			6
2024.12.26	19:36:29.288	1.25175				2
2024.12.26	19:36:29.905	1.25174	1.25178			6
2024.12.26	19:36:31.749		1.25177			4
2024.12.26	19:36:34.820	1.25176	1.25179			6
2024.12.26	19:36:35.431	1.25175	1.25180			6
2024.12.26	19:36:40.343	1.25176				2
2024.12.26	19:36:41.266	1.25175	1.25178			6
2024.12.26	19:36:47.724	1.25174	1.25177			6
2024.12.26	19:36:48.030	1.25175				2
2024.12.26	19:36:48.950	1.25174	1.25175			6
2024.12.26	19:36:49.256	1.25173				2
2024.12.26	19:36:50.480	1.25171	1.25172			6
2024.12.26	19:36:50.785	1.25170				2
2024.12.26	19:36:51.100	1.25169				2
2024.12.26	19:36:51.711	1.25171	1.25173			6
2024.12.26	19:36:52.328		1.25172			4
2024.12.26	19:36:52.636		1.25173			4
2024.12.26	19:36:53.866	1.25170				2
2024.12.26	19:36:54.787	1.25164	1.25166			6
2024.12.26	19:36:57.860		1.25167			4
2024.12.26	19:36:58.778		1.25166			4
2024.12.26	19:37:00.011	1.25164				2
2024.12.26	19:37:00.929		1.25168			4
2024.12.26	19:37:01.235	1.25165				2
2024.12.26	19:37:03.689	1.25166	1.25170			6
2024.12.26	19:37:03.997		1.25169			4
2024.12.26	19:37:21.150	1.25163	1.25168			6
2024.12.26	19:37:25.744	1.25164	1.25169			6
2024.12.26	19:37:29.107		1.25168			4
2024.12.26	19:37:30.020		1.25167			4
2024.12.26	19:37:30.322		1.25168			4
2024.12.26	19:37:31.844	1.25163	1.25167			6
2024.12.26	19:37:32.147	1.25162	1.25166			6
2024.12.26	19:37:32.758	1.25163				2
2024.12.26	19:37:39.762		1.25167			4
2024.12.26	19:37:40.069	1.25161	1.25165			6
2024.12.26	19:37:41.300	1.25160	1.25161			6
2024.12.26	19:37:41.606	1.25156	1.25159			6
2024.12.26	19:37:42.221		1.25160			4
2024.12.26	19:37:42.522		1.25159			4
2024.12.26	19:37:42.829	1.25154	1.25157			6
2024.12.26	19:37:51.988	1.25155	1.25159			6
2024.12.26	19:37:53.199	1.25154	1.25157			6
2024.12.26	19:37:53.508		1.25158			4
2024.12.26	19:37:58.693	1.25155	1.25159			6
2024.12.26	19:38:00.228	1.25155	1.25158			6
2024.12.26	19:38:03.585		1.25157			4
2024.12.26	19:38:05.103	1.25156	1.25158			6
2024.12.26	19:38:05.412	1.25155				2
2024.12.26	19:38:07.242	1.25156	1.25159			6
2024.12.26	19:38:07.545	1.25155	1.25158			6
2024.12.26	19:38:07.848		1.25157			4
2024.12.26	19:38:08.158	1.25153	1.25154			6
2024.12.26	19:38:08.461		1.25156			4
2024.12.26	19:38:08.774	1.25152	1.25155			6
2024.12.26	19:38:09.395	1.25153				2
2024.12.26	19:38:09.700	1.25152				2
2024.12.26	19:38:10.005	1.25153				2
2024.12.26	19:38:10.311		1.25156			4
2024.12.26	19:38:12.761	1.25154	1.25157			6
2024.12.26	19:38:13.373	1.25152	1.25154			6
2024.12.26	19:38:13.677	1.25150	1.25153			6
2024.12.26	19:38:14.290		1.25154			4
2024.12.26	19:38:15.211		1.25153			4
2024.12.26	19:38:15.517	1.25146	1.25148			6
2024.12.26	19:38:15.824	1.25144	1.25147			6
2024.12.26	19:38:16.741		1.25146			4
2024.12.26	19:38:17.042		1.25147			4
2024.12.26	19:38:17.654		1.25148			4
2024.12.26	19:38:21.029		1.25147			4
2024.12.26	19:38:21.644		1.25148			4
2024.12.26	19:38:21.949	1.25145	1.25149			6
2024.12.26	19:38:25.962	1.25146	1.25150			6
2024.12.26	19:38:27.804	1.25147				2
2024.12.26	19:38:28.420	1.25148				2
2024.12.26	19:38:28.729	1.25147				2
2024.12.26	19:38:30.573	1.25149	1.25153			6
2024.12.26	19:38:30.877	1.25154	1.25158			6
2024.12.26	19:38:32.100		1.25159			4
2024.12.26	19:38:36.092	1.25158	1.25161			6
2024.12.26	19:38:36.399	1.25157	1.25160			6
2024.12.26	19:38:37.014	1.25161	1.25164			6
2024.12.26	19:38:37.321	1.25160				2
2024.12.26	19:38:39.482		1.25163			4
2024.12.26	19:38:39.784	1.25155	1.25157			6
2024.12.26	19:38:40.719	1.25153				2
2024.12.26	19:38:41.022	1.25149	1.25153			6
2024.12.26	19:38:41.323	1.25150	1.25154			6
2024.12.26	19:38:41.943	1.25151	1.25155			6
2024.12.26	19:38:44.102	1.25150	1.25154			6
2024.12.26	19:38:44.411	1.25149	1.25152			6
2024.12.26	19:38:45.638	1.25148	1.25153			6
2024.12.26	19:38:45.946	1.25150				2
2024.12.26	19:38:46.255	1.25149				2
2024.12.26	19:38:47.477	1.25148	1.25152			6
2024.12.26	19:38:47.779	1.25149	1.25153			6
2024.12.26	19:38:49.623	1.25150				2
2024.12.26	19:39:00.076	1.25149				2
2024.12.26	19:39:01.299		1.25152			4
2024.12.26	19:39:02.222	1.25148	1.25153			6
2024.12.26	19:39:03.448	1.25149	1.25154			6
2024.12.26	19:39:04.671	1.25150				2
2024.12.26	19:39:06.506	1.25149				2
2024.12.26	19:39:08.341	1.25150				2
2024.12.26	19:39:10.551	1.25151				2
2024.12.26	19:39:10.862		1.25155			4
2024.12.26	19:39:11.169	1.25152				2
2024.12.26	19:39:11.777	1.25151				2
2024.12.26	19:39:12.991	1.25152	1.25156			6
2024.12.26	19:39:14.519		1.25155			4
2024.12.26	19:39:16.981	1.25151				2
2024.12.26	19:39:17.284	1.25152	1.25156			6
2024.12.26	19:39:18.201		1.25155			4
2024.12.26	19:39:20.028		1.25156			4
2024.12.26	19:39:23.070		1.25155			4
2024.12.26	19:39:28.564		1.25154			4
2024.12.26	19:39:28.874		1.25155			4
2024.12.26	19:39:29.177	1.25151	1.25154			6
2024.12.26	19:39:29.483	1.25152	1.25155			6
2024.12.26	19:39:29.788	1.25148	1.25151			6
2024.12.26	19:39:30.095	1.25149	1.25152			6
2024.12.26	19:39:32.851	1.25150	1.25153			6
2024.12.26	19:39:33.764		1.25152			4
2024.12.26	19:39:37.729		1.25153			4
2024.12.26	19:39:38.041		1.25152			4
2024.12.26	19:39:39.261		1.25153			4
2024.12.26	19:39:42.924	1.25149	1.25152			6
2024.12.26	19:39:43.230	1.25150	1.25153			6
2024.12.26	19:39:43.840	1.25151	1.25154			6
2024.12.26	19:39:44.144	1.25150	1.25153			6
2024.12.26	19:39:44.758	1.25151	1.25154			6
2024.12.26	19:39:45.679	1.25153				2
2024.12.26	19:39:45.983	1.25151				2
2024.12.26	19:39:52.670	1.25150	1.25153			6
2024.12.26	19:39:54.196	1.25151	1.25154			6
2024.12.26	19:39:56.637	1.25154	1.25157			6
2024.12.26	19:40:00.286	1.25154				2
2024.12.26	19:40:01.196	1.25152	1.25155			6
2024.12.26	19:40:01.501	1.25153	1.25156			6
2024.12.26	19:40:02.420	1.25152	1.25155			6
2024.12.26	19:40:02.727	1.25153				2
2024.12.26	19:40:04.867	1.25152	1.25154			6
2024.12.26	19:40:05.175	1.25153				2
2024.12.26	19:40:10.961	1.25152				2
2024.12.26	19:40:11.264	1.25153				2
2024.12.26	19:40:11.573	1.25152				2
2024.12.26	19:40:13.415	1.25150	1.25152			6
2024.12.26	19:40:14.334	1.25151	1.25153			6
2024.12.26	19:40:15.256		1.25152			4
2024.12.26	19:40:15.566	1.25146	1.25148			6
2024.12.26	19:40:15.869	1.25144	1.25145			6
2024.12.26	19:40:16.175		1.25147			4
2024.12.26	19:40:17.708	1.25145	1.25148			6
2024.12.26	19:40:18.015	1.25144	1.25147			6
2024.12.26	19:40:21.076	1.25145				2
2024.12.26	19:40:21.383	1.25144				2
2024.12.26	19:40:25.061	1.25143	1.25146			6
2024.12.26	19:40:25.364	1.25144				2
2024.12.26	19:40:25.674		1.25147			4
2024.12.26	19:40:26.594	1.25145				2
2024.12.26	19:40:30.263	1.25146				2
2024.12.26	19:40:31.491		1.25148			4
2024.12.26	19:40:32.105		1.25147			4
2024.12.26	19:40:33.027		1.25148			4
2024.12.26	19:40:33.328		1.25149			4
2024.12.26	19:40:33.643		1.25148			4
2024.12.26	19:40:33.953	1.25145				2
2024.12.26	19:40:43.794	1.25137	1.25139			6
2024.12.26	19:40:44.101	1.25144	1.25145			6
2024.12.26	19:40:44.408	1.25145	1.25148			6
2024.12.26	19:40:45.021	1.25143				2
2024.12.26	19:40:45.324	1.25142				2
2024.12.26	19:40:45.635	1.25143				2
2024.12.26	19:40:46.252	1.25142				2
2024.12.26	19:40:46.556	1.25140	1.25143			6
2024.12.26	19:40:46.863		1.25144			4
2024.12.26	19:40:47.165	1.25143	1.25146			6
2024.12.26	19:40:47.785	1.25142	1.25145			6
2024.12.26	19:40:50.558	1.25141	1.25143			6
2024.12.26	19:40:54.244		1.25144			4
2024.12.26	19:40:54.552		1.25143			4
2024.12.26	19:40:54.862		1.25144			4
2024.12.26	19:41:00.092	1.25141				2
2024.12.26	19:41:13.894	1.25142	1.25145			6
2024.12.26	19:41:19.083		1.25144			4
2024.12.26	19:41:20.907		1.25145			4
2024.12.26	19:41:21.219	1.25143				2
2024.12.26	19:41:22.749		1.25144			4
2024.12.26	19:41:23.370	1.25141				2
2024.12.26	19:41:24.292	1.25142	1.25145			6
2024.12.26	19:41:25.215	1.25141	1.25144			6
2024.12.26	19:41:25.827	1.25142				2
2024.12.26	19:41:26.133		1.25145			4
2024.12.26	19:41:33.205	1.25143				2
2024.12.26	19:41:34.117	1.25142				2
2024.12.26	19:41:34.418	1.25143				2
2024.12.26	19:41:35.345	1.25142				2
2024.12.26	19:41:36.262	1.25143				2
2024.12.26	19:41:37.482	1.25141	1.25143			6
2024.12.26	19:41:39.926	1.25142	1.25144			6
2024.12.26	19:41:40.534	1.25141	1.25143			6
2024.12.26	19:41:43.290		1.25144			4
2024.12.26	19:41:43.602	1.25142				2
2024.12.26	19:41:44.210	1.25141				2
2024.12.26	19:41:48.505		1.25143			4
2024.12.26	19:41:49.420		1.25144			4
2024.12.26	19:41:49.728		1.25143			4
2024.12.26	19:41:50.341		1.25144			4
2024.12.26	19:41:50.948		1.25143			4
2024.12.26	19:41:51.564		1.25144			4
2024.12.26	19:41:51.866	1.25140	1.25143			6
2024.12.26	19:41:52.482	1.25138	1.25140			6
2024.12.26	19:41:52.788	1.25135	1.25138			6
2024.12.26	19:41:53.092	1.25136				2
2024.12.26	19:41:53.398		1.25139			4
2024.12.26	19:41:53.700		1.25138			4
2024.12.26	19:41:54.003	1.25135	1.25137			6
2024.12.26	19:41:54.613	1.25129	1.25132			6
2024.12.26	19:41:54.919	1.25132	1.25135			6
2024.12.26	19:41:55.527	1.25133	1.25136			6
2024.12.26	19:41:56.134	1.25132	1.25135			6
2024.12.26	19:41:56.740	1.25135	1.25138			6
2024.12.26	19:41:57.351		1.25137			4
2024.12.26	19:41:58.277		1.25138			4
2024.12.26	19:42:00.111	1.25134	1.25137			6
2024.12.26	19:42:00.418	1.25135	1.25138			6
2024.12.26	19:42:00.725	1.25134	1.25137			6
2024.12.26	19:42:01.031		1.25136			4
2024.12.26	19:42:01.343		1.25137			4
2024.12.26	19:42:01.648	1.25135	1.25138			6
2024.12.26	19:42:02.555		1.25137			4
2024.12.26	19:42:02.859		1.25138			4
2024.12.26	19:42:04.986	1.25131	1.25133			6
2024.12.26	19:42:05.288	1.25130	1.25132			6
2024.12.26	19:42:06.831		1.25133			4
2024.12.26	19:42:07.452		1.25134			4
2024.12.26	19:42:11.796		1.25133			4
2024.12.26	19:42:18.240	1.25133	1.25135			6
2024.12.26	19:42:18.548	1.25131	1.25134			6
2024.12.26	19:42:19.460		1.25133			4
2024.12.26	19:42:19.766	1.25130				2
2024.12.26	19:42:24.686	1.25131	1.25134			6
2024.12.26	19:42:25.304		1.25133			4
2024.12.26	19:42:25.612		1.25134			4
2024.12.26	19:42:38.178		1.25133			4
2024.12.26	19:42:38.791	1.25130	1.25132			6
2024.12.26	19:42:44.608	1.25125	1.25127			6
2024.12.26	19:42:45.225	1.25126	1.25128			6
2024.12.26	19:42:45.528	1.25125	1.25127			6
2024.12.26	19:42:45.833		1.25126			4
2024.12.26	19:42:47.984	1.25119	1.25122			6
2024.12.26	19:42:48.290	1.25122	1.25124			6
2024.12.26	19:42:49.215	1.25124	1.25127			6
2024.12.26	19:42:50.141		1.25128			4
2024.12.26	19:42:50.452	1.25123	1.25127			6
2024.12.26	19:42:51.068	1.25124				2
2024.12.26	19:42:51.372	1.25123	1.25126			6
2024.12.26	19:42:52.300	1.25124	1.25128			6
2024.12.26	19:42:52.601	1.25125				2
2024.12.26	19:42:54.758	1.25126	1.25129			6
2024.12.26	19:42:55.060	1.25130	1.25133			6
2024.12.26	19:42:56.603	1.25129	1.25132			6
2024.12.26	19:42:56.915		1.25133			4
2024.12.26	19:42:57.837	1.25130				2
2024.12.26	19:42:59.051	1.25129				2
2024.12.26	19:42:59.362		1.25132			4
2024.12.26	19:42:59.665	1.25130	1.25133			6
2024.12.26	19:42:59.974	1.25129	1.25132			6
2024.12.26	19:43:00.283	1.25133	1.25134			6
2024.12.26	19:43:00.588		1.25136			4
2024.12.26	19:43:03.050	1.25137	1.25140			6
2024.12.26	19:43:04.270	1.25136	1.25139			6
2024.12.26	19:43:07.654		1.25138			4
2024.12.26	19:43:08.582	1.25137	1.25140			6
2024.12.26	19:43:09.195	1.25140	1.25143			6
2024.12.26	19:43:09.506	1.25142	1.25146			6
2024.12.26	19:43:10.735	1.25143				2
2024.12.26	19:43:11.042		1.25144			4
2024.12.26	19:43:12.279		1.25146			4
2024.12.26	19:43:12.586		1.25148			4
2024.12.26	19:43:22.410		1.25147			4
2024.12.26	19:43:26.081	1.25144	1.25148			6
2024.12.26	19:43:27.303	1.25141	1.25144			6
2024.12.26	19:43:47.916		1.25145			4
2024.12.26	19:43:49.756	1.25142				2
2024.12.26	19:43:52.812	1.25143	1.25146			6
2024.12.26	19:43:53.118	1.25142	1.25144			6
2024.12.26	19:43:54.960		1.25143			4
2024.12.26	19:44:00.158	1.25141				2
2024.12.26	19:44:00.464		1.25144			4
2024.12.26	19:44:00.767		1.25143			4
2024.12.26	19:44:05.045	1.25142	1.25144			6
2024.12.26	19:44:08.711	1.25141	1.25143			6
2024.12.26	19:44:16.969		1.25142			4
2024.12.26	19:44:17.881	1.25136	1.25138			6
2024.12.26	19:44:18.185		1.25139			4
2024.12.26	19:44:18.791		1.25138			4
2024.12.26	19:44:19.100		1.25137			4
2024.12.26	19:44:19.409	1.25135	1.25138			6
2024.12.26	19:44:19.714		1.25137			4
2024.12.26	19:44:33.178	1.25143	1.25146			6
2024.12.26	19:44:34.094		1.25147			4
2024.12.26	19:44:34.400		1.25148			4
2024.12.26	19:44:34.704	1.25144				2
2024.12.26	19:44:36.234		1.25147			4
2024.12.26	19:44:36.849	1.25143	1.25148			6
2024.12.26	19:44:37.155		1.25147			4
2024.12.26	19:44:37.769		1.25148			4
2024.12.26	19:44:39.617	1.25144	1.25149			6
2024.12.26	19:44:46.382		1.25148			4
2024.12.26	19:44:56.507	1.25143	1.25147			6
2024.12.26	19:44:59.577	1.25154	1.25156			6
2024.12.26	19:44:59.886	1.25151	1.25154			6
2024.12.26	19:45:00.191	1.25151				2
2024.12.26	19:45:05.740		1.25152			4
2024.12.26	19:45:06.057		1.25153			4
2024.12.26	19:45:06.361		1.25152			4
2024.12.26	19:45:06.663	1.25149				2
2024.12.26	19:45:08.512		1.25151			4
2024.12.26	19:45:11.573	1.25147	1.25150			6
2024.12.26	19:45:11.880	1.25142	1.25145			6
2024.12.26	19:45:12.184		1.25146			4
2024.12.26	19:45:12.486		1.25147			4
2024.12.26	19:45:12.791	1.25141	1.25144			6
2024.12.26	19:45:13.407	1.25143	1.25146			6
2024.12.26	19:45:14.633	1.25142	1.25147			6
2024.12.26	19:45:16.177		1.25148			4
2024.12.26	19:45:18.326		1.25147			4
2024.12.26	19:45:22.940	1.25143				2
2024.12.26	19:45:23.249	1.25141	1.25146			6
2024.12.26	19:45:23.556	1.25142	1.25147			6
2024.12.26	19:45:24.782	1.25141	1.25146			6
2024.12.26	19:45:26.321	1.25143	1.25148			6
2024.12.26	19:45:29.704	1.25141	1.25146			6
2024.12.26	19:45:30.318	1.25140	1.25145			6
2024.12.26	19:45:30.930	1.25141	1.25146			6
2024.12.26	19:45:32.458	1.25140	1.25145			6
2024.12.26	19:45:34.310	1.25141				2
2024.12.26	19:45:39.838	1.25139	1.25143			6
2024.12.26	19:45:41.067	1.25142	1.25146			6
2024.12.26	19:45:41.373	1.25143	1.25147			6
2024.12.26	19:45:43.221	1.25142	1.25146			6
2024.12.26	19:45:44.142	1.25141	1.25145			6
2024.12.26	19:45:44.450	1.25142	1.25146			6
2024.12.26	19:45:48.764	1.25143	1.25147			6
2024.12.26	19:45:51.833	1.25144	1.25148			6
2024.12.26	19:45:59.195		1.25147			4
2024.12.26	19:46:00.111	1.25143	1.25146			6
2024.12.26	19:46:01.023		1.25145			4
2024.12.26	19:46:01.328	1.25142				2
2024.12.26	19:46:02.236	1.25138	1.25142			6
2024.12.26	19:46:04.703	1.25144	1.25146			6
2024.12.26	19:46:05.009	1.25142				2
2024.12.26	19:46:05.314		1.25147			4
2024.12.26	19:46:09.312		1.25146			4
2024.12.26	19:46:12.080	1.25139	1.25143			6
2024.12.26	19:46:12.386		1.25144			4
2024.12.26	19:46:13.619	1.25138	1.25143			6
2024.12.26	19:46:14.230	1.25139				2
2024.12.26	19:46:15.152		1.25141			4
2024.12.26	19:46:15.457	1.25135	1.25139			6
2024.12.26	19:46:16.380	1.25133	1.25137			6
2024.12.26	19:46:17.300		1.25138			4
2024.12.26	19:46:17.604	1.25134				2
2024.12.26	19:46:17.912	1.25133	1.25137			6
2024.12.26	19:46:18.836	1.25132				2
2024.12.26	19:46:20.669	1.25133	1.25138			6
2024.12.26	19:46:23.749	1.25132	1.25137			6
2024.12.26	19:46:25.283	1.25133				2
2024.12.26	19:46:28.356	1.25134	1.25138			6
2024.12.26	19:46:33.568	1.25133	1.25137			6
2024.12.26	19:46:36.015	1.25132	1.25136			6
2024.12.26	19:46:36.625	1.25126	1.25130			6
2024.12.26	19:46:37.854	1.25125	1.25129			6
2024.12.26	19:46:38.161		1.25130			4
2024.12.26	19:46:40.305	1.25124	1.25128			6
2024.12.26	19:46:41.838	1.25125	1.25130			6
2024.12.26	19:46:43.680		1.25129			4
2024.12.26	19:46:45.836	1.25126	1.25130			6
2024.12.26	19:46:46.449		1.25131			4
2024.12.26	19:46:46.759		1.25130			4
2024.12.26	19:46:48.301	1.25127				2
2024.12.26	19:46:49.527	1.25125	1.25129			6
2024.12.26	19:46:49.833	1.25127	1.25131			6
2024.12.26	19:46:52.902	1.25128				2
2024.12.26	19:46:53.208	1.25130	1.25133			6
2024.12.26	19:46:53.510	1.25131	1.25135			6
2024.12.26	19:46:55.963	1.25134	1.25138			6
2024.12.26	19:46:56.273	1.25135	1.25139			6
2024.12.26	19:46:57.183	1.25134				2
2024.12.26	19:46:57.496	1.25132	1.25137			6
2024.12.26	19:46:58.111	1.25131	1.25136			6
2024.12.26	19:46:58.413	1.25132	1.25137			6
2024.12.26	19:47:00.256	1.25132				2
2024.12.26	19:47:00.562	1.25134	1.25139			6
2024.12.26	19:47:07.921	1.25130	1.25134			6
2024.12.26	19:47:08.226	1.25129				2
2024.12.26	19:47:08.529	1.25130				2
2024.12.26	19:47:09.759		1.25135			4
2024.12.26	19:47:10.065		1.25134			4
2024.12.26	19:47:10.681	1.25131				2
2024.12.26	19:47:10.985	1.25130				2
2024.12.26	19:47:11.294	1.25129				2
2024.12.26	19:47:12.828	1.25130	1.25133			6
2024.12.26	19:47:13.138	1.25129				2
2024.12.26	19:47:15.596		1.25134			4
2024.12.26	19:47:16.518	1.25125	1.25130			6
2024.12.26	19:47:17.134	1.25126	1.25129			6
2024.12.26	19:47:18.357	1.25125				2
2024.12.26	19:47:19.267	1.25126				2
2024.12.26	19:47:19.580	1.25124	1.25127			6
2024.12.26	19:47:20.797	1.25125	1.25129			6
2024.12.26	19:47:22.029	1.25126				2
2024.12.26	19:47:23.568	1.25125	1.25128			6
2024.12.26	19:47:24.491	1.25124	1.25127			6
2024.12.26	19:47:25.407	1.25125	1.25128			6
2024.12.26	19:47:27.555	1.25124				2
2024.12.26	19:47:28.775	1.25126	1.25129			6
2024.12.26	19:47:29.084	1.25127	1.25130			6
2024.12.26	19:47:30.612		1.25131			4
2024.12.26	19:47:30.918	1.25125	1.25128			6
2024.12.26	19:47:31.525	1.25126	1.25130			6
2024.12.26	19:47:32.135	1.25127				2
2024.12.26	19:47:32.438	1.25130	1.25134			6
2024.12.26	19:47:33.350	1.25129				2
2024.12.26	19:47:33.969	1.25133	1.25139			6
2024.12.26	19:47:36.133	1.25128	1.25131			6
2024.12.26	19:47:36.440	1.25129	1.25134			6
2024.12.26	19:47:37.984	1.25128				2
2024.12.26	19:47:38.599	1.25125	1.25130			6
2024.12.26	19:47:39.217	1.25127				2
2024.12.26	19:47:39.528	1.25126	1.25129			6
2024.12.26	19:47:40.143	1.25128	1.25131			6
2024.12.26	19:47:40.761	1.25126	1.25129			6
2024.12.26	19:47:41.072	1.25128	1.25131			6
2024.12.26	19:47:41.380	1.25126	1.25129			6
2024.12.26	19:47:42.921	1.25127	1.25131			6
2024.12.26	19:47:44.154	1.25125	1.25128			6
2024.12.26	19:47:46.306	1.25126	1.25129			6
2024.12.26	19:47:46.613	1.25127	1.25130			6
2024.12.26	19:47:46.922	1.25126	1.25129			6
2024.12.26	19:47:49.699	1.25127	1.25130			6
2024.12.26	19:47:50.008		1.25129			4
2024.12.26	19:47:50.320	1.25126				2
2024.12.26	19:47:51.239		1.25128			4
2024.12.26	19:47:52.161	1.25125	1.25127			6
2024.12.26	19:47:52.470		1.25128			4
2024.12.26	19:47:53.382	1.25124	1.25127			6
2024.12.26	19:47:53.998	1.25125	1.25129			6
2024.12.26	19:47:54.305		1.25128			4
2024.12.26	19:47:56.768	1.25124				2
2024.12.26	19:48:00.152	1.25124	1.25127			6
2024.12.26	19:48:03.037	1.25125	1.25128			6
2024.12.26	19:48:03.344		1.25129			4
2024.12.26	19:48:03.648	1.25124	1.25127			6
2024.12.26	19:48:04.260	1.25120	1.25123			6
2024.12.26	19:48:05.795		1.25124			4
2024.12.26	19:48:07.019	1.25121				2
2024.12.26	19:48:10.070		1.25125			4
2024.12.26	19:48:10.379		1.25124			4
2024.12.26	19:48:10.680	1.25120				2
2024.12.26	19:48:12.208	1.25121				2
2024.12.26	19:48:13.434		1.25123			4
2024.12.26	19:48:14.350		1.25124			4
2024.12.26	19:48:15.271	1.25122	1.25125			6
2024.12.26	19:48:15.573		1.25126			4
2024.12.26	19:48:15.878	1.25123				2
2024.12.26	19:48:16.183	1.25122				2
2024.12.26	19:48:16.491	1.25123				2
2024.12.26	19:48:18.645	1.25124	1.25128			6
2024.12.26	19:48:24.157		1.25127			4
2024.12.26	19:48:24.465		1.25128			4
2024.12.26	19:48:24.768	1.25123	1.25127			6
2024.12.26	19:48:25.388	1.25124	1.25128			6
2024.12.26	19:48:26.302	1.25123	1.25127			6
2024.12.26	19:48:29.066	1.25124	1.25128			6
2024.12.26	19:48:31.211	1.25125				2
2024.12.26	19:48:34.262	1.25124	1.25127			6
2024.12.26	19:48:38.228	1.25123	1.25126			6
2024.12.26	19:48:38.531	1.25124	1.25127			6
2024.12.26	19:48:41.591	1.25123	1.25126			6
2024.12.26	19:48:41.896	1.25126	1.25129			6
2024.12.26	19:48:42.203	1.25125	1.25128			6
2024.12.26	19:48:42.510	1.25124	1.25127			6
2024.12.26	19:48:45.866	1.25123	1.25126			6
2024.12.26	19:48:47.387		1.25125			4
2024.12.26	19:48:48.002	1.25124	1.25127			6
2024.12.26	19:48:48.305	1.25123	1.25125			6
2024.12.26	19:48:48.608		1.25126			4
2024.12.26	19:48:49.221	1.25124				2
2024.12.26	19:48:50.434	1.25127	1.25129			6
2024.12.26	19:48:51.351		1.25130			4
2024.12.26	19:48:52.863	1.25128	1.25131			6
2024.12.26	19:48:53.169	1.25127	1.25130			6
2024.12.26	19:48:58.349		1.25129			4
2024.12.26	19:49:00.180	1.25127				2
2024.12.26	19:49:01.094	1.25129	1.25132			6
2024.12.26	19:49:01.396	1.25128	1.25131			6
2024.12.26	19:49:02.302		1.25130			4
2024.12.26	19:49:03.519	1.25127				2
2024.12.26	19:49:03.825	1.25129	1.25132			6
2024.12.26	19:49:06.582	1.25128	1.25131			6
2024.12.26	19:49:06.885	1.25129	1.25132			6
2024.12.26	19:49:08.711	1.25130	1.25133			6
2024.12.26	19:49:09.016	1.25129	1.25132			6
2024.12.26	19:49:11.144	1.25130				2
2024.12.26	19:49:22.458	1.25127	1.25129			6
2024.12.26	19:49:23.682	1.25126	1.25128			6
2024.12.26	19:49:23.989	1.25127	1.25129			6
2024.12.26	19:49:25.840	1.25125	1.25128			6
2024.12.26	19:49:27.680	1.25126	1.25129			6
2024.12.26	19:49:33.187		1.25128			4
2024.12.26	19:49:34.407	1.25127	1.25129			6
2024.12.26	19:49:34.716	1.25128				2
2024.12.26	19:49:35.021	1.25131	1.25133			6
2024.12.26	19:49:35.324		1.25134			4
2024.12.26	19:49:36.537	1.25136	1.25139			6
2024.12.26	19:49:36.847	1.25135	1.25138			6
2024.12.26	19:49:37.153		1.25139			4
2024.12.26	19:49:38.692	1.25136				2
2024.12.26	19:49:39.919	1.25137	1.25140			6
2024.12.26	19:49:41.762	1.25135	1.25138			6
2024.12.26	19:49:42.677		1.25137			4
2024.12.26	19:49:42.985		1.25138			4
2024.12.26	19:49:44.219	1.25137	1.25140			6
2024.12.26	19:49:46.684	1.25135	1.25138			6
2024.12.26	19:49:48.838	1.25134	1.25137			6
2024.12.26	19:49:49.455	1.25135	1.25138			6
2024.12.26	19:49:49.759	1.25134	1.25137			6
2024.12.26	19:49:50.376		1.25136			4
2024.12.26	19:49:50.683	1.25135	1.25138			6
2024.12.26	19:49:54.998	1.25133	1.25136			6
2024.12.26	19:49:55.305		1.25137			4
2024.12.26	19:49:55.616		1.25136			4
2024.12.26	19:49:56.229		1.25137			4
2024.12.26	19:49:56.534	1.25132	1.25136			6
2024.12.26	19:49:56.841	1.25133				2
2024.12.26	19:49:58.693	1.25132				2
2024.12.26	19:49:59.003	1.25133				2
2024.12.26	19:50:00.237	1.25133	1.25137			6
2024.12.26	19:50:00.544	1.25130	1.25133			6
2024.12.26	19:50:01.159	1.25132	1.25135			6
2024.12.26	19:50:01.463	1.25133				2
2024.12.26	19:50:01.773		1.25136			4
2024.12.26	19:50:02.081		1.25137			4
2024.12.26	19:50:02.390	1.25134	1.25138			6
2024.12.26	19:50:03.309	1.25133				2
2024.12.26	19:50:03.927		1.25136			4
2024.12.26	19:50:04.541	1.25134	1.25138			6
2024.12.26	19:50:06.391	1.25133	1.25136			6
2024.12.26	19:50:07.624	1.25134	1.25138			6
2024.12.26	19:50:08.241		1.25139			4
2024.12.26	19:50:10.388		1.25138			4
2024.12.26	19:50:11.916	1.25138	1.25141			6
2024.12.26	19:50:12.223	1.25141	1.25144			6
2024.12.26	19:50:12.527	1.25139				2
2024.12.26	19:50:19.256		1.25143			4
2024.12.26	19:50:20.481	1.25137	1.25141			6
2024.12.26	19:50:20.787		1.25139			4
2024.12.26	19:50:23.233	1.25135	1.25138			6
2024.12.26	19:50:23.540	1.25136	1.25139			6
2024.12.26	19:50:25.071	1.25137				2
2024.12.26	19:50:25.378	1.25136				2
2024.12.26	19:50:26.605	1.25135	1.25138			6
2024.12.26	19:50:28.453	1.25134	1.25137			6
2024.12.26	19:50:28.754	1.25133	1.25136			6
2024.12.26	19:50:30.913		1.25138			4
2024.12.26	19:50:31.221	1.25132	1.25135			6
2024.12.26	19:50:31.530	1.25133	1.25136			6
2024.12.26	19:50:31.833	1.25132	1.25137			6
2024.12.26	19:50:32.144	1.25135	1.25138			6
2024.12.26	19:50:39.843	1.25134	1.25137			6
2024.12.26	19:50:40.763	1.25135				2
2024.12.26	19:50:41.071	1.25133	1.25135			6
2024.12.26	19:50:41.380	1.25130	1.25134			6
2024.12.26	19:50:41.685	1.25127	1.25129			6
2024.12.26	19:50:41.989	1.25126				2
2024.12.26	19:50:42.608	1.25125	1.25128			6
2024.12.26	19:50:42.916	1.25124	1.25127			6
2024.12.26	19:50:44.450	1.25125	1.25128			6
2024.12.26	19:50:45.070	1.25127	1.25130			6
2024.12.26	19:50:45.683	1.25125	1.25131			6
2024.12.26	19:50:47.221	1.25124	1.25130			6
2024.12.26	19:50:47.837	1.25125	1.25131			6
2024.12.26	19:50:49.377	1.25126				2
2024.12.26	19:50:49.684	1.25127	1.25133			6
2024.12.26	19:50:49.989	1.25128	1.25134			6
2024.12.26	19:50:50.297		1.25133			4
2024.12.26	19:50:50.605	1.25126	1.25132			6
2024.12.26	19:50:50.909	1.25128				2
2024.12.26	19:50:51.528	1.25127				2
2024.12.26	19:50:52.456		1.25133			4
2024.12.26	19:50:54.922		1.25132			4
2024.12.26	19:50:57.081		1.25133			4
2024.12.26	19:51:00.140	1.25127				2
2024.12.26	19:51:02.282		1.25132			4
2024.12.26	19:51:02.896	1.25128	1.25133			6
2024.12.26	19:51:03.814	1.25130	1.25135			6
2024.12.26	19:51:04.120	1.25133	1.25138			6
2024.12.26	19:51:04.430	1.25134	1.25139			6
2024.12.26	19:51:10.262	1.25135				2
2024.12.26	19:51:10.572	1.25134				2
2024.12.26	19:51:17.321		1.25138			4
2024.12.26	19:51:25.897	1.25136	1.25139			6
2024.12.26	19:51:26.202		1.25140			4
2024.12.26	19:51:27.732	1.25134	1.25138			6
2024.12.26	19:51:28.048		1.25139			4
2024.12.26	19:51:31.129		1.25138			4
2024.12.26	19:51:32.980	1.25135	1.25139			6
2024.12.26	19:51:33.282	1.25136	1.25140			6
2024.12.26	19:51:34.218	1.25137	1.25141			6
2024.12.26	19:51:36.073	1.25136	1.25140			6
2024.12.26	19:51:38.221	1.25137	1.25141			6
2024.12.26	19:51:38.531	1.25142	1.25145			6
2024.12.26	19:51:38.837	1.25143	1.25147			6
2024.12.26	19:51:39.142	1.25144	1.25148			6
2024.12.26	19:51:39.450	1.25142	1.25146			6
2024.12.26	19:51:39.755	1.25143	1.25147			6
2024.12.26	19:51:40.366	1.25142				2
2024.12.26	19:51:43.120	1.25144				2
2024.12.26	19:51:43.420		1.25148			4
2024.12.26	19:51:44.947	1.25143				2
2024.12.26	19:51:45.251	1.25144				2
2024.12.26	19:51:47.699	1.25145				2
2024.12.26	19:51:48.006	1.25144				2
2024.12.26	19:51:48.619	1.25143				2
2024.12.26	19:51:49.541	1.25144				2
2024.12.26	19:51:50.154	1.25143				2
2024.12.26	19:51:50.768	1.25144				2
2024.12.26	19:51:51.378		1.25149			4
2024.12.26	19:51:51.679	1.25143	1.25148			6
2024.12.26	19:51:53.216		1.25147			4
2024.12.26	19:51:54.133		1.25148			4
2024.12.26	19:51:55.052	1.25144				2
2024.12.26	19:51:55.359	1.25145				2
2024.12.26	19:51:58.426	1.25143	1.25147			6
2024.12.26	19:51:58.728	1.25144	1.25148			6
2024.12.26	19:51:59.034	1.25143	1.25147			6
2024.12.26	19:51:59.340	1.25144	1.25148			6
2024.12.26	19:52:00.256	1.25145				2
2024.12.26	19:52:00.560		1.25149			4
2024.12.26	19:52:01.480	1.25144	1.25148			6
2024.12.26	19:52:01.786	1.25146	1.25149			6
2024.12.26	19:52:02.708	1.25145	1.25148			6
2024.12.26	19:52:03.010	1.25144				2
2024.12.26	19:52:03.629		1.25146			4
2024.12.26	19:52:09.758	1.25143				2
2024.12.26	19:52:10.066		1.25147			4
2024.12.26	19:52:11.598	1.25144				2
2024.12.26	19:52:12.821	1.25143				2
2024.12.26	19:52:13.132	1.25144				2
2024.12.26	19:52:14.044		1.25148			4
2024.12.26	19:52:15.267		1.25147			4
2024.12.26	19:52:17.719		1.25148			4
2024.12.26	19:52:18.025		1.25147			4
2024.12.26	19:52:18.330		1.25148			4
2024.12.26	19:52:20.166		1.25147			4
2024.12.26	19:52:20.772	1.25145				2
2024.12.26	19:52:21.073	1.25144				2
2024.12.26	19:52:23.212		1.25146			4
2024.12.26	19:52:23.518	1.25143	1.25145			6
2024.12.26	19:52:24.438	1.25142				2
2024.12.26	19:52:24.740	1.25143	1.25146			6
2024.12.26	19:52:26.265	1.25142	1.25145			6
2024.12.26	19:52:26.570	1.25143	1.25146			6
2024.12.26	19:52:29.305	1.25142	1.25145			6
2024.12.26	19:52:32.060	1.25141	1.25144			6
2024.12.26	19:52:35.413	1.25144	1.25146			6
2024.12.26	19:52:35.725		1.25147			4
2024.12.26	19:52:36.648		1.25148			4
2024.12.26	19:52:36.955	1.25134	1.25138			6
2024.12.26	19:52:37.260		1.25137			4
2024.12.26	19:52:37.866		1.25136			4
2024.12.26	19:52:38.169		1.25138			4
2024.12.26	19:52:39.099	1.25133	1.25137			6
2024.12.26	19:52:39.402	1.25135	1.25138			6
2024.12.26	19:52:40.624	1.25136	1.25140			6
2024.12.26	19:52:41.537	1.25135	1.25139			6
2024.12.26	19:52:41.845	1.25136				2
2024.12.26	19:52:42.762	1.25135				2
2024.12.26	19:52:43.071	1.25136				2
2024.12.26	19:52:43.381	1.25135				2
2024.12.26	19:52:43.682		1.25138			4
2024.12.26	19:52:43.990	1.25136	1.25139			6
2024.12.26	19:52:44.292	1.25134	1.25138			6
2024.12.26	19:52:44.598	1.25136	1.25139			6
2024.12.26	19:52:45.212		1.25140			4
2024.12.26	19:52:46.435	1.25137				2
2024.12.26	19:52:46.739	1.25136				2
2024.12.26	19:52:47.045	1.25135	1.25139			6
2024.12.26	19:52:47.654	1.25136	1.25140			6
2024.12.26	19:52:49.486		1.25139			4
2024.12.26	19:52:51.927		1.25140			4
2024.12.26	19:52:52.540	1.25137	1.25141			6
2024.12.26	19:52:52.844	1.25138	1.25143			6
2024.12.26	19:52:53.147	1.25136	1.25140			6
2024.12.26	19:52:58.978	1.25140	1.25144			6
2024.12.26	19:52:59.285	1.25138	1.25143			6
2024.12.26	19:53:00.214	1.25138				2
2024.12.26	19:53:00.518	1.25137				2
2024.12.26	19:53:00.824	1.25135	1.25141			6
2024.12.26	19:53:02.053	1.25136	1.25142			6
2024.12.26	19:53:02.665		1.25141			4
2024.12.26	19:53:03.279		1.25142			4
2024.12.26	19:53:03.894		1.25141			4
2024.12.26	19:53:04.195	1.25135	1.25140			6
2024.12.26	19:53:09.111	1.25136				2
2024.12.26	19:53:11.558	1.25137	1.25141			6
2024.12.26	19:53:13.402	1.25141	1.25143			6
2024.12.26	19:53:13.704	1.25142	1.25146			6
2024.12.26	19:53:14.007		1.25147			4
2024.12.26	19:53:14.322	1.25143	1.25146			6
2024.12.26	19:53:15.241	1.25139	1.25144			6
2024.12.26	19:53:15.847		1.25143			4
2024.12.26	19:53:18.320	1.25136	1.25139			6
2024.12.26	19:53:18.935		1.25140			4
2024.12.26	19:53:19.862	1.25137				2
2024.12.26	19:53:30.023	1.25136				2
2024.12.26	19:53:37.961	1.25137				2
2024.12.26	19:53:38.266	1.25136				2
2024.12.26	19:53:39.488	1.25137				2
2024.12.26	19:53:46.526	1.25138	1.25141			6
2024.12.26	19:53:46.836		1.25140			4
2024.12.26	19:53:47.447	1.25139	1.25143			6
2024.12.26	19:53:48.967	1.25138				2
2024.12.26	19:53:52.325	1.25140	1.25144			6
2024.12.26	19:53:52.632	1.25143	1.25146			6
2024.12.26	19:53:54.163	1.25144				2
2024.12.26	19:53:54.464		1.25148			4
2024.12.26	19:54:00.019	1.25144				2
2024.12.26	19:54:00.940		1.25149			4
2024.12.26	19:54:01.250	1.25145				2
2024.12.26	19:54:01.555	1.25146				2
2024.12.26	19:54:02.163	1.25145	1.25148			6
2024.12.26	19:54:04.003	1.25146				2
2024.12.26	19:54:04.621		1.25149			4
2024.12.26	19:54:10.116	1.25147				2
2024.12.26	19:54:10.425	1.25148	1.25151			6
2024.12.26	19:54:17.162	1.25145	1.25147			6
2024.12.26	19:54:18.980		1.25148			4
2024.12.26	19:54:19.284		1.25147			4
2024.12.26	19:54:20.822		1.25148			4
2024.12.26	19:54:22.353	1.25146				2
2024.12.26	19:54:23.271	1.25145	1.25147			6
2024.12.26	19:54:23.577	1.25152	1.25154			6
2024.12.26	19:54:24.187	1.25149	1.25152			6
2024.12.26	19:54:24.490	1.25150	1.25153			6
2024.12.26	19:54:24.799	1.25149	1.25152			6
2024.12.26	19:54:26.022		1.25151			4
2024.12.26	19:54:26.630	1.25150	1.25152			6
2024.12.26	19:54:27.242	1.25149				2
2024.12.26	19:54:27.548	1.25151	1.25154			6
2024.12.26	19:54:28.160		1.25155			4
2024.12.26	19:54:28.468	1.25152				2
2024.12.26	19:54:29.080	1.25151	1.25154			6
2024.12.26	19:54:30.303	1.25152	1.25155			6
2024.12.26	19:54:30.605	1.25150	1.25153			6
2024.12.26	19:54:30.916	1.25151	1.25154			6
2024.12.26	19:54:32.448	1.25153	1.25156			6
2024.12.26	19:54:32.754	1.25152	1.25155			6
2024.12.26	19:54:33.673	1.25151	1.25154			6
2024.12.26	19:54:37.060	1.25146	1.25149			6
2024.12.26	19:54:40.441	1.25144	1.25147			6
2024.12.26	19:54:40.744	1.25146	1.25149			6
2024.12.26	19:54:41.045	1.25147	1.25150			6
2024.12.26	19:54:42.281	1.25146	1.25149			6
2024.12.26	19:54:42.583	1.25147				2
2024.12.26	19:54:43.200	1.25145	1.25148			6
2024.12.26	19:54:43.511	1.25146	1.25149			6
2024.12.26	19:54:45.061	1.25147	1.25150			6
2024.12.26	19:54:50.281	1.25146	1.25149			6
2024.12.26	19:54:51.811	1.25147	1.25150			6
2024.12.26	19:54:52.117	1.25146	1.25149			6
2024.12.26	19:54:53.037	1.25147				2
2024.12.26	19:54:53.345	1.25146				2
2024.12.26	19:54:53.652	1.25147				2
2024.12.26	19:54:53.958	1.25146				2
2024.12.26	19:54:57.324	1.25147				2
2024.12.26	19:55:00.081	1.25147				2
2024.12.26	19:55:00.387		1.25150			4
2024.12.26	19:55:01.304	1.25152	1.25154			6
2024.12.26	19:55:01.607	1.25150	1.25155			6
2024.12.26	19:55:02.210	1.25151	1.25154			6
2024.12.26	19:55:02.530	1.25150				2
2024.12.26	19:55:03.755	1.25149				2
2024.12.26	19:55:04.062	1.25150				2
2024.12.26	19:55:04.979	1.25149				2
2024.12.26	19:55:05.899	1.25151				2
2024.12.26	19:55:08.342	1.25153	1.25158			6
2024.12.26	19:55:09.563	1.25154	1.25159			6
2024.12.26	19:55:09.867	1.25155	1.25158			6
2024.12.26	19:55:10.197	1.25163	1.25165			6
2024.12.26	19:55:10.811		1.25164			4
2024.12.26	19:55:11.427	1.25164	1.25165			6
2024.12.26	19:55:11.735		1.25167			4
2024.12.26	19:55:12.041		1.25165			4
2024.12.26	19:55:12.348	1.25165	1.25169			6
2024.12.26	19:55:12.654	1.25166	1.25168			6
2024.12.26	19:55:14.197	1.25165				2
2024.12.26	19:55:14.504	1.25164	1.25166			6
2024.12.26	19:55:16.344	1.25161	1.25165			6
2024.12.26	19:55:16.654	1.25163	1.25166			6
2024.12.26	19:55:16.962	1.25156	1.25159			6
2024.12.26	19:55:18.189	1.25157	1.25160			6
2024.12.26	19:55:18.495		1.25159			4
2024.12.26	19:55:18.798	1.25156				2
2024.12.26	19:55:19.109	1.25157				2
2024.12.26	19:55:19.415	1.25156				2
2024.12.26	19:55:20.026		1.25157			4
2024.12.26	19:55:21.260		1.25158			4
2024.12.26	19:55:21.877		1.25159			4
2024.12.26	19:55:22.485	1.25157	1.25160			6
2024.12.26	19:55:25.250	1.25156	1.25159			6
2024.12.26	19:55:25.861	1.25157	1.25160			6
2024.12.26	19:55:27.706	1.25156	1.25159			6
2024.12.26	19:55:29.547	1.25157				2
2024.12.26	19:55:29.848	1.25156				2
2024.12.26	19:55:32.000	1.25157				2
2024.12.26	19:55:34.758	1.25156				2
2024.12.26	19:55:35.061	1.25157				2
2024.12.26	19:55:37.502	1.25156				2
2024.12.26	19:55:38.421	1.25157	1.25160			6
2024.12.26	19:55:40.264	1.25163	1.25168			6
2024.12.26	19:55:41.799		1.25166			4
2024.12.26	19:55:42.109		1.25168			4
2024.12.26	19:55:43.032	1.25164				2
2024.12.26	19:55:44.255	1.25165	1.25169			6
2024.12.26	19:55:46.088	1.25166				2
2024.12.26	19:55:47.921	1.25165	1.25168			6
2024.12.26	19:55:48.226	1.25166	1.25169			6
2024.12.26	19:55:50.058	1.25167				2
2024.12.26	19:55:50.363	1.25170	1.25174			6
2024.12.26	19:55:50.668	1.25169				2
2024.12.26	19:55:50.972	1.25170				2
2024.12.26	19:55:51.276	1.25166	1.25168			6
2024.12.26	19:55:51.889		1.25169			4
2024.12.26	19:55:54.341		1.25168			4
2024.12.26	19:56:00.250	1.25166				2
2024.12.26	19:56:01.472		1.25169			4
2024.12.26	19:56:02.395	1.25170	1.25174			6
2024.12.26	19:56:03.926		1.25173			4
2024.12.26	19:56:04.540	1.25167	1.25170			6
2024.12.26	19:56:05.759		1.25169			4
2024.12.26	19:56:07.283	1.25166				2
2024.12.26	19:56:08.515	1.25167				2
2024.12.26	19:56:08.821		1.25168			4
2024.12.26	19:56:09.437	1.25166				2
2024.12.26	19:56:09.744		1.25169			4
2024.12.26	19:56:10.349		1.25168			4
2024.12.26	19:56:11.266		1.25169			4
2024.12.26	19:56:11.881		1.25168			4
2024.12.26	19:56:18.001		1.25167			4
2024.12.26	19:56:18.605	1.25164				2
2024.12.26	19:56:19.833	1.25162	1.25163			6
2024.12.26	19:56:20.143	1.25160	1.25164			6
2024.12.26	19:56:20.451	1.25162				2
2024.12.26	19:56:20.762	1.25160				2
2024.12.26	19:56:21.070		1.25163			4
2024.12.26	19:56:24.447	1.25158				2
2024.12.26	19:56:28.112	1.25159				2
2024.12.26	19:56:28.417	1.25156	1.25159			6
2024.12.26	19:56:28.725		1.25157			4
2024.12.26	19:56:30.558	1.25155	1.25158			6
2024.12.26	19:56:32.402		1.25157			4
2024.12.26	19:56:33.324		1.25158			4
2024.12.26	19:56:34.861		1.25157			4
2024.12.26	19:56:36.096		1.25158			4
2024.12.26	19:56:38.247	1.25158	1.25161			6
2024.12.26	19:56:38.560		1.25160			4
2024.12.26	19:56:39.472	1.25156	1.25158			6
2024.12.26	19:56:39.775	1.25155				2
2024.12.26	19:56:40.090		1.25159			4
2024.12.26	19:56:40.397		1.25158			4
2024.12.26	19:56:41.316		1.25157			4
2024.12.26	19:56:44.677	1.25156	1.25159			6
2024.12.26	19:56:46.209	1.25155	1.25158			6
2024.12.26	19:56:48.353	1.25156	1.25159			6
2024.12.26	19:56:52.023		1.25158			4
2024.12.26	19:56:52.634	1.25155				2
2024.12.26	19:56:53.854		1.25157			4
2024.12.26	19:56:55.090	1.25154				2
2024.12.26	19:57:00.292	1.25154				2
2024.12.26	19:57:03.054	1.25148	1.25152			6
2024.12.26	19:57:04.270	1.25147	1.25153			6
2024.12.26	19:57:05.505	1.25148				2
2024.12.26	19:57:06.741	1.25149	1.25154			6
2024.12.26	19:57:07.654	1.25146	1.25150			6
2024.12.26	19:57:07.958		1.25151			4
2024.12.26	19:57:08.260	1.25147	1.25152			6
2024.12.26	19:57:08.562	1.25148	1.25153			6
2024.12.26	19:57:08.863	1.25150				2
2024.12.26	19:57:09.494	1.25149				2
2024.12.26	19:57:09.801	1.25150				2
2024.12.26	19:57:11.950	1.25155	1.25160			6
2024.12.26	19:57:12.263		1.25158			4
2024.12.26	19:57:13.799	1.25154				2
2024.12.26	19:57:14.104	1.25155				2
2024.12.26	19:57:14.419	1.25154	1.25157			6
2024.12.26	19:57:14.721	1.25153				2
2024.12.26	19:57:15.028		1.25156			4
2024.12.26	19:57:15.340		1.25158			4
2024.12.26	19:57:15.944	1.25152	1.25157			6
2024.12.26	19:57:16.251	1.25153	1.25158			6
2024.12.26	19:57:17.469		1.25159			4
2024.12.26	19:57:17.777	1.25154	1.25158			6
2024.12.26	19:57:24.194		1.25157			4
2024.12.26	19:57:26.023	1.25152	1.25156			6
2024.12.26	19:57:27.240	1.25151	1.25157			6
2024.12.26	19:57:28.160	1.25152				2
2024.12.26	19:57:28.466		1.25156			4
2024.12.26	19:57:29.081		1.25157			4
2024.12.26	19:57:30.308		1.25156			4
2024.12.26	19:57:30.613		1.25157			4
2024.12.26	19:57:31.224	1.25153				2
2024.12.26	19:57:31.532	1.25154	1.25158			6
2024.12.26	19:57:32.145		1.25159			4
2024.12.26	19:57:33.063		1.25158			4
2024.12.26	19:57:37.044		1.25157			4
2024.12.26	19:57:41.942	1.25155	1.25158			6
2024.12.26	19:57:50.813	1.25154	1.25157			6
2024.12.26	19:57:51.122	1.25155	1.25158			6
2024.12.26	19:57:55.109	1.25156	1.25159			6
2024.12.26	19:57:55.411	1.25155	1.25158			6
2024.12.26	19:57:58.171	1.25157				2
2024.12.26	19:57:58.477	1.25155				2
2024.12.26	19:57:59.394	1.25160	1.25162			6
2024.12.26	19:57:59.706	1.25159	1.25161			6
2024.12.26	19:58:00.012	1.25159				2
2024.12.26	19:58:00.319	1.25158				2
2024.12.26	19:58:03.680	1.25156	1.25159			6
2024.12.26	19:58:05.519		1.25160			4
2024.12.26	19:58:05.825	1.25158	1.25161			6
2024.12.26	19:58:07.363		1.25162			4
2024.12.26	19:58:07.664	1.25159				2
2024.12.26	19:58:07.971	1.25158				2
2024.12.26	19:58:08.587		1.25159			4
2024.12.26	19:58:08.889	1.25156				2
2024.12.26	19:58:09.505	1.25158	1.25160			6
2024.12.26	19:58:09.813	1.25159	1.25163			6
2024.12.26	19:58:10.116	1.25161				2
2024.12.26	19:58:10.427	1.25160				2
2024.12.26	19:58:12.892	1.25158	1.25160			6
2024.12.26	19:58:13.197		1.25163			4
2024.12.26	19:58:13.511	1.25159				2
2024.12.26	19:58:14.432		1.25162			4
2024.12.26	19:58:15.049	1.25158	1.25161			6
2024.12.26	19:58:15.354	1.25159	1.25163			6
2024.12.26	19:58:19.663	1.25160	1.25164			6
2024.12.26	19:58:19.978	1.25156	1.25160			6
2024.12.26	19:58:20.282	1.25157	1.25162			6
2024.12.26	19:58:20.585	1.25159	1.25163			6
2024.12.26	19:58:20.900	1.25163	1.25166			6
2024.12.26	19:58:21.208	1.25159	1.25163			6
2024.12.26	19:58:21.509	1.25158				2
2024.12.26	19:58:21.826		1.25162			4
2024.12.26	19:58:22.751		1.25163			4
2024.12.26	19:58:23.971	1.25159				2
2024.12.26	19:58:25.502	1.25160				2
2024.12.26	19:58:25.811	1.25159				2
2024.12.26	19:58:29.179	1.25160				2
2024.12.26	19:58:32.546	1.25161				2
2024.12.26	19:58:34.970		1.25164			4
2024.12.26	19:58:35.273	1.25160				2
2024.12.26	19:58:35.879	1.25161				2
2024.12.26	19:58:36.184		1.25165			4
2024.12.26	19:58:36.486	1.25162				2
2024.12.26	19:58:36.791	1.25161	1.25164			6
2024.12.26	19:58:37.092	1.25160				2
2024.12.26	19:58:37.395	1.25161				2
2024.12.26	19:58:37.700		1.25165			4
2024.12.26	19:58:38.003	1.25162				2
2024.12.26	19:58:38.619		1.25164			4
2024.12.26	19:58:40.149	1.25163				2
2024.12.26	19:58:41.059	1.25157	1.25160			6
2024.12.26	19:58:41.366	1.25158	1.25162			6
2024.12.26	19:58:43.817	1.25159	1.25163			6
2024.12.26	19:58:44.729	1.25158	1.25162			6
2024.12.26	19:58:45.039	1.25159	1.25163			6
2024.12.26	19:58:47.190	1.25158	1.25162			6
2024.12.26	19:58:47.496	1.25157	1.25161			6
2024.12.26	19:58:48.416	1.25158				2
2024.12.26	19:58:51.187	1.25157				2
2024.12.26	19:58:51.498	1.25158				2
2024.12.26	19:58:52.108	1.25157				2
2024.12.26	19:58:53.032	1.25158	1.25162			6
2024.12.26	19:58:55.805	1.25157	1.25161			6
2024.12.26	19:58:59.187		1.25160			4
2024.12.26	19:59:00.106	1.25157				2
2024.12.26	19:59:01.632	1.25158	1.25161			6
2024.12.26	19:59:01.933	1.25159	1.25162			6
2024.12.26	19:59:02.242	1.25158	1.25161			6
2024.12.26	19:59:02.857	1.25159	1.25162			6
2024.12.26	19:59:03.771	1.25158	1.25161			6
2024.12.26	19:59:04.999	1.25159	1.25162			6
2024.12.26	19:59:06.221	1.25158	1.25161			6
2024.12.26	19:59:06.525	1.25159	1.25162			6
2024.12.26	19:59:14.160	1.25160				2
2024.12.26	19:59:15.081	1.25159	1.25161			6
2024.12.26	19:59:15.383	1.25160	1.25162			6
2024.12.26	19:59:16.002	1.25159	1.25161			6
2024.12.26	19:59:17.526	1.25160	1.25162			6
2024.12.26	19:59:18.141	1.25159	1.25161			6
2024.12.26	19:59:20.594	1.25160	1.25162			6
2024.12.26	19:59:21.515	1.25159	1.25161			6
2024.12.26	19:59:22.124	1.25160	1.25162			6
2024.12.26	19:59:23.649	1.25159	1.25161			6
2024.12.26	19:59:26.413	1.25155	1.25157			6
2024.12.26	19:59:26.716	1.25154	1.25156			6
2024.12.26	19:59:27.018	1.25155	1.25157			6
2024.12.26	19:59:27.325	1.25154				2
2024.12.26	19:59:27.630	1.25157	1.25160			6
2024.12.26	19:59:28.238	1.25156	1.25159			6
2024.12.26	19:59:29.465	1.25155	1.25158			6
2024.12.26	19:59:29.781	1.25156	1.25159			6
2024.12.26	19:59:30.698	1.25155	1.25158			6
2024.12.26	19:59:32.822	1.25156	1.25159			6
2024.12.26	19:59:34.652	1.25158	1.25160			6
2024.12.26	19:59:35.567	1.25156	1.25159			6
2024.12.26	19:59:35.875	1.25153	1.25156			6
2024.12.26	19:59:36.182	1.25152				2
2024.12.26	19:59:36.790	1.25153				2
2024.12.26	19:59:37.103	1.25154	1.25158			6
2024.12.26	19:59:37.714	1.25155	1.25159			6
2024.12.26	19:59:38.636	1.25154				2
2024.12.26	19:59:39.252		1.25158			4
2024.12.26	19:59:43.259	1.25155	1.25159			6
2024.12.26	19:59:43.562	1.25156	1.25160			6
2024.12.26	19:59:44.488	1.25155	1.25159			6
2024.12.26	19:59:45.407		1.25158			4
2024.12.26	19:59:46.024		1.25159			4
2024.12.26	19:59:46.638	1.25156				2
2024.12.26	19:59:46.943	1.25155				2
2024.12.26	19:59:47.256		1.25158			4
2024.12.26	19:59:50.319		1.25159			4
2024.12.26	19:59:50.622	1.25156				2
2024.12.26	19:59:50.929	1.25155	1.25158			6
2024.12.26	19:59:51.845	1.25156	1.25159			6
2024.12.26	19:59:52.150	1.25155	1.25158			6
2024.12.26	19:59:53.069	1.25156	1.25159			6
2024.12.26	19:59:53.985	1.25158	1.25161			6
2024.12.26	19:59:54.907	1.25157				2
2024.12.26	19:59:57.059	1.25158	1.25162			6
2024.12.26	19:59:57.671	1.25159	1.25163			6
2024.12.26	19:59:57.981	1.25158	1.25162			6
2024.12.26	19:59:58.285	1.25159	1.25163			6
2024.12.26	19:59:59.200	1.25158	1.25162			6
2024.12.26	19:59:59.509	1.25159	1.25163			6
2024.12.26	20:00:00.120	1.25156	1.25160			6
2024.12.26	20:00:00.432	1.25155	1.25159			6
2024.12.26	20:00:01.354	1.25156	1.25160			6
2024.12.26	20:00:01.661	1.25158	1.25162			6
2024.12.26	20:00:01.964	1.25159	1.25163			6
2024.12.26	20:00:03.511		1.25164			4
2024.12.26	20:00:05.668	1.25160				2
2024.12.26	20:00:05.973	1.25161				2
2024.12.26	20:00:06.284	1.25165	1.25169			6
2024.12.26	20:00:06.590	1.25166	1.25170			6
2024.12.26	20:00:06.899	1.25167				2
2024.12.26	20:00:08.129	1.25166				2
2024.12.26	20:00:08.747	1.25165	1.25169			6
2024.12.26	20:00:09.673		1.25168			4
2024.12.26	20:00:09.978	1.25166	1.25169			6
2024.12.26	20:00:10.291	1.25165				2
2024.12.26	20:00:10.901		1.25168			4
2024.12.26	20:00:11.823		1.25169			4
2024.12.26	20:00:12.441	1.25169	1.25170			6
2024.12.26	20:00:12.743	1.25165	1.25169			6
2024.12.26	20:00:13.369	1.25164				2
2024.12.26	20:00:20.146		1.25168			4
2024.12.26	20:00:21.991	1.25165				2
2024.12.26	20:00:23.220		1.25169			4
2024.12.26	20:00:23.532		1.25168			4
2024.12.26	20:00:24.452	1.25166				2
2024.12.26	20:00:25.370	1.25167	1.25169			6
2024.12.26	20:00:26.291		1.25168			4
2024.12.26	20:00:27.208	1.25166				2
2024.12.26	20:00:31.199	1.25165				2
2024.12.26	20:00:31.504	1.25164				2
2024.12.26	20:00:32.421	1.25165	1.25169			6
2024.12.26	20:00:33.648	1.25164	1.25168			6
2024.12.26	20:00:38.561	1.25165	1.25169			6
2024.12.26	20:00:38.864	1.25166				2
2024.12.26	20:00:48.632	1.25164	1.25167			6
2024.12.26	20:00:51.694	1.25165	1.25168			6
2024.12.26	20:00:52.009	1.25164	1.25167			6
2024.12.26	20:00:52.309	1.25165	1.25168			6
2024.12.26	20:00:54.759	1.25164	1.25167			6
2024.12.26	20:00:57.521	1.25165	1.25168			6
2024.12.26	20:00:57.826	1.25164	1.25167			6
2024.12.26	20:00:58.441	1.25165	1.25168			6
2024.12.26	20:00:58.748	1.25166	1.25169			6
2024.12.26	20:01:00.293	1.25167				2
2024.12.26	20:01:01.529		1.25170			4
2024.12.26	20:01:05.193		1.25169			4
2024.12.26	20:01:06.406	1.25166	1.25168			6
2024.12.26	20:01:07.016	1.25165	1.25167			6
2024.12.26	20:01:14.646	1.25166	1.25168			6
2024.12.26	20:01:16.169	1.25168	1.25170			6
2024.12.26	20:01:17.704	1.25167	1.25169			6
2024.12.26	20:01:27.830		1.25168			4
2024.12.26	20:01:28.136	1.25166				2
2024.12.26	20:01:28.444	1.25167	1.25169			6
2024.12.26	20:01:33.340	1.25176	1.25178			6
2024.12.26	20:01:34.248	1.25173				2
2024.12.26	20:01:34.857		1.25175			4
2024.12.26	20:01:35.164		1.25178			4
2024.12.26	20:01:37.320	1.25174				2
2024.12.26	20:01:42.852	1.25175	1.25177			6
2024.12.26	20:01:43.772	1.25173				2
2024.12.26	20:01:51.170	1.25174				2
2024.12.26	20:01:51.480	1.25173				2
2024.12.26	20:01:51.787	1.25174				2
2024.12.26	20:01:55.795	1.25173				2
2024.12.26	20:01:56.720	1.25174				2
2024.12.26	20:01:58.873		1.25178			4
2024.12.26	20:02:00.111	1.25174				2
2024.12.26	20:02:00.415		1.25177			4
2024.12.26	20:02:01.641		1.25178			4
2024.12.26	20:02:04.094	1.25187	1.25188			6
2024.12.26	20:02:04.403	1.25188	1.25189			6
2024.12.26	20:02:04.704		1.25190			4
2024.12.26	20:02:05.017	1.25180	1.25183			6
2024.12.26	20:02:05.319	1.25179				2
2024.12.26	20:02:06.246	1.25182	1.25188			6
2024.12.26	20:02:06.558	1.25189	1.25194			6
2024.12.26	20:02:06.868	1.25194	1.25199			6
2024.12.26	20:02:08.112	1.25191	1.25195			6
2024.12.26	20:02:08.427	1.25190				2
2024.12.26	20:02:09.653		1.25196			4
2024.12.26	20:02:09.961	1.25196	1.25201			6
2024.12.26	20:02:10.264	1.25199	1.25204			6
2024.12.26	20:02:10.882	1.25200				2
2024.12.26	20:02:11.188	1.25201	1.25205			6
2024.12.26	20:02:11.496	1.25200	1.25204			6
2024.12.26	20:02:11.806		1.25203			4
2024.12.26	20:02:12.107	1.25205	1.25210			6
2024.12.26	20:02:12.424	1.25210	1.25213			6
2024.12.26	20:02:12.733	1.25209				2
2024.12.26	20:02:13.041	1.25208	1.25211			6
2024.12.26	20:02:13.352	1.25210	1.25213			6
2024.12.26	20:02:13.655	1.25220	1.25224			6
2024.12.26	20:02:14.264	1.25228	1.25231			6
2024.12.26	20:02:14.567	1.25226	1.25229			6
2024.12.26	20:02:14.869	1.25220	1.25222			6
2024.12.26	20:02:15.485		1.25224			4
2024.12.26	20:02:16.102	1.25225	1.25230			6
2024.12.26	20:02:16.403	1.25224	1.25231			6
2024.12.26	20:02:16.706	1.25223	1.25228			6
2024.12.26	20:02:17.008	1.25221	1.25226			6
2024.12.26	20:02:17.315	1.25219	1.25222			6
2024.12.26	20:02:17.928	1.25220	1.25224			6
2024.12.26	20:02:18.229		1.25222			4
2024.12.26	20:02:18.851	1.25222	1.25226			6
2024.12.26	20:02:19.153	1.25218	1.25219			6
2024.12.26	20:02:19.466	1.25215	1.25218			6
2024.12.26	20:02:19.771	1.25220	1.25223			6
2024.12.26	20:02:20.076		1.25226			4
2024.12.26	20:02:20.383	1.25227	1.25229			6
2024.12.26	20:02:20.691	1.25229	1.25234			6
2024.12.26	20:02:21.000	1.25237	1.25238			6
2024.12.26	20:02:21.308	1.25236	1.25237			6
2024.12.26	20:02:21.611	1.25238	1.25241			6
2024.12.26	20:02:21.927	1.25240				2
2024.12.26	20:02:22.228	1.25244	1.25245			6
2024.12.26	20:02:22.540	1.25238	1.25244			6
2024.12.26	20:02:22.849	1.25239				2
2024.12.26	20:02:23.461	1.25237	1.25243			6
2024.12.26	20:02:24.071		1.25244			4
2024.12.26	20:02:24.692	1.25241	1.25247			6
2024.12.26	20:02:25.308	1.25239	1.25245			6
2024.12.26	20:02:25.619	1.25238	1.25243			6
2024.12.26	20:02:25.923	1.25241	1.25245			6
2024.12.26	20:02:26.225	1.25240	1.25247			6
2024.12.26	20:02:26.530		1.25245			4
2024.12.26	20:02:27.142	1.25236	1.25242			6
2024.12.26	20:02:27.447	1.25239	1.25244			6
2024.12.26	20:02:27.756	1.25235	1.25240			6
2024.12.26	20:02:28.065		1.25239			4
2024.12.26	20:02:28.370	1.25232	1.25238			6
2024.12.26	20:02:28.676	1.25233				2
2024.12.26	20:02:29.300	1.25239	1.25244			6
2024.12.26	20:02:29.602	1.25234	1.25238			6
2024.12.26	20:02:31.434	1.25236	1.25241			6
2024.12.26	20:02:31.749	1.25247	1.25250			6
2024.12.26	20:02:32.053	1.25252	1.25258			6
2024.12.26	20:02:32.363	1.25261	1.25263			6
2024.12.26	20:02:32.665	1.25259	1.25265			6
2024.12.26	20:02:32.980	1.25258	1.25264			6
2024.12.26	20:02:33.282	1.25254	1.25259			6
2024.12.26	20:02:34.209	1.25253	1.25255			6
2024.12.26	20:02:34.516		1.25259			4
2024.12.26	20:02:35.124	1.25252	1.25258			6
2024.12.26	20:02:35.736	1.25251				2
2024.12.26	20:02:36.358		1.25254			4
2024.12.26	20:02:36.669	1.25249				2
2024.12.26	20:02:37.584	1.25248	1.25253			6
2024.12.26	20:02:37.885	1.25250	1.25258			6
2024.12.26	20:02:38.189		1.25255			4
2024.12.26	20:02:38.491	1.25258	1.25263			6
2024.12.26	20:02:38.797		1.25264			4
2024.12.26	20:02:39.720	1.25257				2
2024.12.26	20:02:40.024		1.25262			4
2024.12.26	20:02:40.339	1.25256	1.25261			6
2024.12.26	20:02:40.943	1.25259	1.25264			6
2024.12.26	20:02:41.546	1.25264	1.25270			6
2024.12.26	20:02:42.158	1.25262	1.25269			6
2024.12.26	20:02:42.465		1.25268			4
2024.12.26	20:02:43.069	1.25263	1.25270			6
2024.12.26	20:02:43.372	1.25264				2
2024.12.26	20:02:43.984	1.25262	1.25269			6
2024.12.26	20:02:44.602	1.25261				2
2024.12.26	20:02:44.907	1.25262				2
2024.12.26	20:02:45.214	1.25264	1.25270			6
2024.12.26	20:02:45.519	1.25262	1.25269			6
2024.12.26	20:02:45.827	1.25259	1.25266			6
2024.12.26	20:02:46.130	1.25260				2
2024.12.26	20:02:46.432	1.25256	1.25263			6
2024.12.26	20:02:46.738	1.25254	1.25261			6
2024.12.26	20:02:47.656		1.25260			4
2024.12.26	20:02:48.272	1.25259	1.25265			6
2024.12.26	20:02:48.581	1.25257	1.25264			6
2024.12.26	20:02:48.888	1.25265	1.25271			6
2024.12.26	20:02:49.191	1.25263	1.25270			6
2024.12.26	20:02:50.120		1.25269			4
2024.12.26	20:02:50.737	1.25259	1.25265			6
2024.12.26	20:02:51.040	1.25260	1.25266			6
2024.12.26	20:02:51.349		1.25264			4
2024.12.26	20:02:51.659		1.25266			4
2024.12.26	20:02:51.966	1.25253	1.25258			6
2024.12.26	20:02:52.274	1.25254				2
2024.12.26	20:02:52.581		1.25259			4
2024.12.26	20:02:52.894		1.25258			4
2024.12.26	20:02:53.196		1.25259			4
2024.12.26	20:02:53.499	1.25250	1.25257			6
2024.12.26	20:02:53.805	1.25255	1.25261			6
2024.12.26	20:02:55.038	1.25258	1.25264			6
2024.12.26	20:02:55.345	1.25257	1.25262			6
2024.12.26	20:02:55.652	1.25262	1.25268			6
2024.12.26	20:02:55.960	1.25264				2
2024.12.26	20:02:57.499	1.25267	1.25272			6
2024.12.26	20:02:57.806	1.25268	1.25273			6
2024.12.26	20:02:58.115	1.25267	1.25271			6
2024.12.26	20:02:58.421	1.25269	1.25274			6
2024.12.26	20:02:58.725	1.25268	1.25273			6
2024.12.26	20:02:59.029	1.25263	1.25267			6
2024.12.26	20:02:59.347		1.25268			4
2024.12.26	20:02:59.960	1.25262				2
2024.12.26	20:03:00.268	1.25258	1.25261			6
2024.12.26	20:03:00.569	1.25260	1.25262			6
2024.12.26	20:03:00.884	1.25259	1.25263			6
2024.12.26	20:03:02.111	1.25258	1.25261			6
2024.12.26	20:03:02.417		1.25263			4
2024.12.26	20:03:03.340	1.25260	1.25267			6
2024.12.26	20:03:03.954	1.25261	1.25266			6
2024.12.26	20:03:04.260	1.25262	1.25267			6
2024.12.26	20:03:04.562	1.25261				2
2024.12.26	20:03:05.484		1.25266			4
2024.12.26	20:03:05.794		1.25268			4
2024.12.26	20:03:06.103	1.25260	1.25264			6
2024.12.26	20:03:06.404	1.25259	1.25263			6
2024.12.26	20:03:06.708		1.25264			4
2024.12.26	20:03:07.021	1.25262	1.25266			6
2024.12.26	20:03:07.326		1.25268			4
2024.12.26	20:03:07.634	1.25263				2
2024.12.26	20:03:07.950		1.25269			4
2024.12.26	20:03:08.566	1.25262	1.25263			6
2024.12.26	20:03:08.867	1.25260	1.25265			6
2024.12.26	20:03:09.182	1.25259	1.25262			6
2024.12.26	20:03:09.484	1.25263	1.25268			6
2024.12.26	20:03:09.785	1.25264				2
2024.12.26	20:03:10.719		1.25269			4
2024.12.26	20:03:11.022		1.25268			4
2024.12.26	20:03:11.643	1.25266	1.25271			6
2024.12.26	20:03:11.952	1.25264	1.25267			6
2024.12.26	20:03:12.256	1.25263				2
2024.12.26	20:03:13.175	1.25266	1.25270			6
2024.12.26	20:03:13.488		1.25269			4
2024.12.26	20:03:14.105	1.25267	1.25271			6
2024.12.26	20:03:15.642	1.25266	1.25270			6
2024.12.26	20:03:16.257	1.25263	1.25267			6
2024.12.26	20:03:16.563	1.25265	1.25269			6
2024.12.26	20:03:17.480	1.25266	1.25270			6
2024.12.26	20:03:20.248	1.25267				2
2024.12.26	20:03:20.555	1.25272	1.25276			6
2024.12.26	20:03:21.167	1.25273	1.25277			6
2024.12.26	20:03:25.153	1.25276	1.25279			6
2024.12.26	20:03:26.382	1.25275				2
2024.12.26	20:03:26.995	1.25274	1.25277			6
2024.12.26	20:03:27.610	1.25273	1.25275			6
2024.12.26	20:03:27.916	1.25264	1.25267			6
2024.12.26	20:03:28.227	1.25263				2
2024.12.26	20:03:28.536	1.25264				2
2024.12.26	20:03:28.841	1.25263				2
2024.12.26	20:03:29.146	1.25264				2
2024.12.26	20:03:29.454	1.25263				2
2024.12.26	20:03:30.683	1.25266	1.25273			6
2024.12.26	20:03:30.989		1.25274			4
2024.12.26	20:03:31.292	1.25267	1.25273			6
2024.12.26	20:03:32.526	1.25275	1.25278			6
2024.12.26	20:03:32.835	1.25274				2
2024.12.26	20:03:33.144	1.25275				2
2024.12.26	20:03:33.759	1.25274				2
2024.12.26	20:03:34.682	1.25275				2
2024.12.26	20:03:35.605	1.25274	1.25277			6
2024.12.26	20:03:35.910	1.25273	1.25276			6
2024.12.26	20:03:36.221	1.25274	1.25280			6
2024.12.26	20:03:36.525		1.25277			4
2024.12.26	20:03:37.762	1.25273				2
2024.12.26	20:03:38.067	1.25274				2
2024.12.26	20:03:38.993		1.25278			4
2024.12.26	20:03:39.610	1.25273	1.25276			6
2024.12.26	20:03:40.221	1.25275	1.25278			6
2024.12.26	20:03:42.365		1.25279			4
2024.12.26	20:03:42.680		1.25278			4
2024.12.26	20:03:42.984	1.25274	1.25277			6
2024.12.26	20:03:43.293	1.25272	1.25275			6
2024.12.26	20:03:43.904		1.25277			4
2024.12.26	20:03:44.210	1.25273	1.25276			6
2024.12.26	20:03:44.520		1.25278			4
2024.12.26	20:03:44.822	1.25276	1.25279			6
2024.12.26	20:03:46.351	1.25269	1.25272			6
2024.12.26	20:03:46.657	1.25264	1.25268			6
2024.12.26	20:03:46.963	1.25265	1.25269			6
2024.12.26	20:03:47.265	1.25266	1.25270			6
2024.12.26	20:03:47.567	1.25267	1.25271			6
2024.12.26	20:03:48.195	1.25265	1.25269			6
2024.12.26	20:03:48.499	1.25266	1.25270			6
2024.12.26	20:03:48.808	1.25265	1.25269			6
2024.12.26	20:03:50.032	1.25267	1.25270			6
2024.12.26	20:03:50.339		1.25271			4
2024.12.26	20:03:51.261	1.25266	1.25270			6
2024.12.26	20:03:51.569	1.25269	1.25274			6
2024.12.26	20:03:51.879	1.25268				2
2024.12.26	20:03:52.181	1.25274	1.25277			6
2024.12.26	20:03:52.791	1.25272	1.25274			6
2024.12.26	20:03:53.097	1.25270				2
2024.12.26	20:03:53.405	1.25271				2
2024.12.26	20:03:53.710	1.25268	1.25273			6
2024.12.26	20:03:55.242	1.25265	1.25268			6
2024.12.26	20:03:55.548		1.25269			4
2024.12.26	20:03:56.165		1.25268			4
2024.12.26	20:03:56.774		1.25269			4
2024.12.26	20:03:58.621	1.25266	1.25270			6
2024.12.26	20:03:58.924	1.25265	1.25268			6
2024.12.26	20:03:59.232		1.25269			4
2024.12.26	20:03:59.537		1.25268			4
2024.12.26	20:04:00.151	1.25265				2
2024.12.26	20:04:00.455	1.25264	1.25267			6
2024.12.26	20:04:01.071		1.25268			4
2024.12.26	20:04:01.377	1.25265				2
2024.12.26	20:04:01.679	1.25264				2
2024.12.26	20:04:02.601	1.25266	1.25270			6
2024.12.26	20:04:02.903	1.25267	1.25272			6
2024.12.26	20:04:03.215	1.25268	1.25274			6
2024.12.26	20:04:03.521	1.25277	1.25281			6
2024.12.26	20:04:04.137	1.25274	1.25277			6
2024.12.26	20:04:04.444	1.25273				2
2024.12.26	20:04:04.753	1.25271				2
2024.12.26	20:04:06.599	1.25270	1.25276			6
2024.12.26	20:04:06.906		1.25275			4
2024.12.26	20:04:07.214	1.25268	1.25274			6
2024.12.26	20:04:07.832	1.25267	1.25273			6
2024.12.26	20:04:08.140	1.25268	1.25274			6
2024.12.26	20:04:08.448	1.25273	1.25278			6
2024.12.26	20:04:09.064	1.25272	1.25274			6
2024.12.26	20:04:09.366	1.25267	1.25272			6
2024.12.26	20:04:09.679	1.25268	1.25273			6
2024.12.26	20:04:10.291	1.25269	1.25274			6
2024.12.26	20:04:10.896	1.25268	1.25273			6
2024.12.26	20:04:11.825	1.25270	1.25275			6
2024.12.26	20:04:12.132	1.25275	1.25276			6
2024.12.26	20:04:12.445	1.25274	1.25279			6
2024.12.26	20:04:13.670	1.25273	1.25278			6
2024.12.26	20:04:14.602		1.25279			4
2024.12.26	20:04:15.213	1.25271	1.25277			6
2024.12.26	20:04:15.817	1.25273				2
2024.12.26	20:04:16.122	1.25272				2
2024.12.26	20:04:17.344	1.25271				2
2024.12.26	20:04:18.585	1.25273	1.25278			6
2024.12.26	20:04:20.122	1.25269	1.25276			6
2024.12.26	20:04:20.422	1.25267	1.25272			6
2024.12.26	20:04:20.726	1.25268	1.25273			6
2024.12.26	20:04:21.959	1.25267	1.25271			6
2024.12.26	20:04:22.264	1.25264	1.25269			6
2024.12.26	20:04:22.568	1.25263	1.25267			6
2024.12.26	20:04:22.870	1.25257	1.25262			6
2024.12.26	20:04:23.182	1.25253	1.25258			6
2024.12.26	20:04:23.801	1.25254	1.25259			6
2024.12.26	20:04:25.026	1.25255	1.25260			6
2024.12.26	20:04:26.250	1.25254	1.25259			6
2024.12.26	20:04:29.635	1.25255	1.25260			6
2024.12.26	20:04:30.877	1.25257	1.25262			6
2024.12.26	20:04:33.949	1.25256	1.25261			6
2024.12.26	20:04:34.259	1.25257	1.25262			6
2024.12.26	20:04:34.873	1.25256	1.25261			6
2024.12.26	20:04:35.180	1.25260	1.25265			6
2024.12.26	20:04:35.485		1.25264			4
2024.12.26	20:04:35.796	1.25259	1.25265			6
2024.12.26	20:04:36.101	1.25260				2
2024.12.26	20:04:36.419		1.25266			4
2024.12.26	20:04:36.723	1.25262				2
2024.12.26	20:04:37.026	1.25269	1.25273			6
2024.12.26	20:04:37.327		1.25274			4
2024.12.26	20:04:38.251		1.25275			4
2024.12.26	20:04:38.558		1.25274			4
2024.12.26	20:04:39.171	1.25267	1.25272			6
2024.12.26	20:04:39.481	1.25266	1.25271			6
2024.12.26	20:04:39.790		1.25273			4
2024.12.26	20:04:40.097	1.25267				2
2024.12.26	20:04:40.714	1.25268	1.25274			6
2024.12.26	20:04:41.638	1.25273	1.25279			6
2024.12.26	20:04:45.019	1.25274				2
2024.12.26	20:04:45.324	1.25273				2
2024.12.26	20:04:46.249	1.25272				2
2024.12.26	20:04:47.778		1.25276			4
2024.12.26	20:04:48.084	1.25269	1.25275			6
2024.12.26	20:04:48.389	1.25271	1.25276			6
2024.12.26	20:04:48.695	1.25272	1.25277			6
2024.12.26	20:04:49.312	1.25275	1.25280			6
2024.12.26	20:04:49.619	1.25277	1.25282			6
2024.12.26	20:04:49.921		1.25283			4
2024.12.26	20:04:51.750	1.25276	1.25282			6
2024.12.26	20:04:52.054	1.25277	1.25283			6
2024.12.26	20:04:52.964		1.25282			4
2024.12.26	20:04:55.096	1.25274	1.25280			6
2024.12.26	20:04:55.706	1.25275				2
2024.12.26	20:04:56.319	1.25272	1.25276			6
2024.12.26	20:04:56.630		1.25277			4
2024.12.26	20:04:56.937	1.25273	1.25278			6
2024.12.26	20:04:57.245	1.25274	1.25280			6
2024.12.26	20:04:57.551	1.25275				2
2024.12.26	20:04:57.859	1.25276				2
2024.12.26	20:04:58.165	1.25275				2
2024.12.26	20:04:58.787	1.25274	1.25279			6
2024.12.26	20:04:59.095	1.25273				2
2024.12.26	20:05:00.020	1.25273				2
2024.12.26	20:05:00.326	1.25276	1.25280			6
2024.12.26	20:05:00.634	1.25275				2
2024.12.26	20:05:01.558	1.25278	1.25283			6
2024.12.26	20:05:02.172	1.25280				2
2024.12.26	20:05:02.481	1.25279	1.25284			6
2024.12.26	20:05:02.785	1.25278	1.25283			6
2024.12.26	20:05:04.315	1.25277				2
2024.12.26	20:05:04.635	1.25278				2
2024.12.26	20:05:04.944	1.25277				2
2024.12.26	20:05:06.176	1.25278				2
2024.12.26	20:05:06.479	1.25277				2
2024.12.26	20:05:06.789	1.25278				2
2024.12.26	20:05:07.713	1.25275	1.25280			6
2024.12.26	20:05:08.017	1.25274				2
2024.12.26	20:05:09.256	1.25275				2
2024.12.26	20:05:09.569	1.25274				2
2024.12.26	20:05:11.414	1.25275				2
2024.12.26	20:05:12.342	1.25274				2
2024.12.26	20:05:12.650	1.25275				2
2024.12.26	20:05:12.958	1.25277	1.25282			6
2024.12.26	20:05:14.189		1.25281			4
2024.12.26	20:05:14.491	1.25273	1.25277			6
2024.12.26	20:05:15.103		1.25276			4
2024.12.26	20:05:15.404		1.25277			4
2024.12.26	20:05:16.031		1.25276			4
2024.12.26	20:05:16.342		1.25278			4
2024.12.26	20:05:16.650	1.25272				2
2024.12.26	20:05:17.573	1.25273				2
2024.12.26	20:05:20.347		1.25277			4
2024.12.26	20:05:20.655		1.25278			4
2024.12.26	20:05:20.962		1.25279			4
2024.12.26	20:05:21.270		1.25278			4
2024.12.26	20:05:21.581		1.25279			4
2024.12.26	20:05:22.499	1.25272	1.25276			6
2024.12.26	20:05:22.806	1.25273	1.25278			6
2024.12.26	20:05:23.114		1.25277			4
2024.12.26	20:05:24.028		1.25276			4
2024.12.26	20:05:24.334		1.25277			4
2024.12.26	20:05:24.640	1.25272				2
2024.12.26	20:05:24.944	1.25273				2
2024.12.26	20:05:26.175	1.25271	1.25273			6
2024.12.26	20:05:26.479	1.25262	1.25266			6
2024.12.26	20:05:26.786	1.25261	1.25265			6
2024.12.26	20:05:27.087		1.25266			4
2024.12.26	20:05:27.703	1.25258	1.25262			6
2024.12.26	20:05:28.010		1.25263			4
2024.12.26	20:05:28.316	1.25263	1.25268			6
2024.12.26	20:05:28.618	1.25260	1.25264			6
2024.12.26	20:05:28.930	1.25257	1.25263			6
2024.12.26	20:05:29.234	1.25255	1.25260			6
2024.12.26	20:05:29.542	1.25257	1.25263			6
2024.12.26	20:05:29.846		1.25262			4
2024.12.26	20:05:30.467	1.25256				2
2024.12.26	20:05:30.773	1.25254	1.25260			6
2024.12.26	20:05:31.392	1.25253	1.25259			6
2024.12.26	20:05:32.319		1.25258			4
2024.12.26	20:05:32.625		1.25259			4
2024.12.26	20:05:32.935		1.25258			4
2024.12.26	20:05:33.551	1.25250	1.25256			6
2024.12.26	20:05:34.477	1.25254	1.25259			6
2024.12.26	20:05:34.778	1.25253				2
2024.12.26	20:05:35.707	1.25254				2
2024.12.26	20:05:36.019	1.25253	1.25258			6
2024.12.26	20:05:37.865	1.25254	1.25259			6
2024.12.26	20:05:38.166		1.25260			4
2024.12.26	20:05:38.790		1.25259			4
2024.12.26	20:05:39.711		1.25260			4
2024.12.26	20:05:40.012		1.25259			4
2024.12.26	20:05:43.401	1.25255	1.25260			6
2024.12.26	20:05:43.709	1.25259	1.25264			6
2024.12.26	20:05:44.020	1.25258				2
2024.12.26	20:05:44.636		1.25263			4
2024.12.26	20:05:44.942	1.25257				2
2024.12.26	20:05:45.245		1.25262			4
2024.12.26	20:05:45.864	1.25256				2
2024.12.26	20:05:46.165	1.25260	1.25264			6
2024.12.26	20:05:46.468	1.25254	1.25259			6
2024.12.26	20:05:46.770	1.25253	1.25258			6
2024.12.26	20:05:48.001		1.25257			4
2024.12.26	20:05:48.663		1.25258			4
2024.12.26	20:05:49.904		1.25259			4
2024.12.26	20:05:50.828	1.25265	1.25266			6
2024.12.26	20:05:51.132	1.25266	1.25270			6
2024.12.26	20:05:51.439	1.25269	1.25273			6
2024.12.26	20:05:52.353	1.25268				2
2024.12.26	20:05:56.058	1.25266				2
2024.12.26	20:05:56.672	1.25267	1.25272			6
2024.12.26	20:05:56.982		1.25274			4
2024.12.26	20:05:57.284	1.25268				2
2024.12.26	20:05:57.899	1.25270	1.25275			6
2024.12.26	20:05:58.204		1.25276			4
2024.12.26	20:05:58.518		1.25275			4
2024.12.26	20:05:58.824		1.25276			4
2024.12.26	20:05:59.126	1.25271				2
2024.12.26	20:05:59.747	1.25273	1.25277			6
2024.12.26	20:06:00.050	1.25274	1.25280			6
2024.12.26	20:06:00.362	1.25273				2
2024.12.26	20:06:01.285	1.25274				2
2024.12.26	20:06:02.212	1.25273	1.25279			6
2024.12.26	20:06:02.823		1.25278			4
2024.12.26	20:06:03.441	1.25272	1.25277			6
2024.12.26	20:06:04.669	1.25273	1.25278			6
2024.12.26	20:06:07.436		1.25280			4
2024.12.26	20:06:08.661	1.25274				2
2024.12.26	20:06:10.503	1.25273				2
2024.12.26	20:06:11.425	1.25274	1.25279			6
2024.12.26	20:06:13.581	1.25273				2
2024.12.26	20:06:13.888	1.25272	1.25277			6
2024.12.26	20:06:14.191	1.25273	1.25278			6
2024.12.26	20:06:17.263	1.25279	1.25284			6
2024.12.26	20:06:17.567	1.25273	1.25279			6
2024.12.26	20:06:18.185	1.25279	1.25283			6
2024.12.26	20:06:18.489	1.25283	1.25284			6
2024.12.26	20:06:18.793		1.25289			4
2024.12.26	20:06:19.099		1.25290			4
2024.12.26	20:06:20.023	1.25284				2
2024.12.26	20:06:20.327	1.25285	1.25291			6
2024.12.26	20:06:21.560		1.25292			4
2024.12.26	20:06:21.863	1.25286				2
2024.12.26	20:06:22.174	1.25285	1.25291			6
2024.12.26	20:06:22.488		1.25292			4
2024.12.26	20:06:22.789	1.25283	1.25290			6
2024.12.26	20:06:23.403	1.25284	1.25291			6
2024.12.26	20:06:24.008		1.25290			4
2024.12.26	20:06:24.619	1.25283				2
2024.12.26	20:06:25.232	1.25284				2
2024.12.26	20:06:26.459	1.25287	1.25293			6
2024.12.26	20:06:27.380	1.25293	1.25295			6
2024.12.26	20:06:27.690	1.25291	1.25297			6
2024.12.26	20:06:28.915	1.25292	1.25298			6
2024.12.26	20:06:29.836	1.25291	1.25296			6
2024.12.26	20:06:30.137	1.25287	1.25292			6
2024.12.26	20:06:30.443	1.25286				2
2024.12.26	20:06:30.752	1.25284	1.25290			6
2024.12.26	20:06:31.068		1.25289			4
2024.12.26	20:06:31.689	1.25283				2
2024.12.26	20:06:33.221	1.25284				2
2024.12.26	20:06:33.527	1.25283				2
2024.12.26	20:06:33.834	1.25287	1.25291			6
2024.12.26	20:06:34.445	1.25283	1.25288			6
2024.12.26	20:06:34.756		1.25289			4
2024.12.26	20:06:37.200	1.25284				2
2024.12.26	20:06:38.121	1.25283	1.25288			6
2024.12.26	20:06:39.043	1.25284	1.25290			6
2024.12.26	20:06:39.346		1.25289			4
2024.12.26	20:06:40.881	1.25282	1.25286			6
2024.12.26	20:06:41.191		1.25288			4
2024.12.26	20:06:43.430	1.25283	1.25289			6
2024.12.26	20:06:44.050		1.25288			4
2024.12.26	20:06:47.713	1.25282	1.25287			6
2024.12.26	20:06:49.551	1.25283	1.25288			6
2024.12.26	20:06:50.467	1.25290	1.25292			6
2024.12.26	20:06:50.772		1.25295			4
2024.12.26	20:06:51.079	1.25288	1.25294			6
2024.12.26	20:06:52.309	1.25289	1.25295			6
2024.12.26	20:06:54.767	1.25290				2
2024.12.26	20:06:55.384	1.25291	1.25296			6
2024.12.26	20:06:56.001	1.25292	1.25297			6
2024.12.26	20:06:56.308	1.25293				2
2024.12.26	20:06:58.457	1.25292				2
2024.12.26	20:07:00.305	1.25292				2
2024.12.26	20:07:00.615		1.25296			4
2024.12.26	20:07:03.065		1.25297			4
2024.12.26	20:07:03.985	1.25293	1.25296			6
2024.12.26	20:07:04.292		1.25297			4
2024.12.26	20:07:05.809	1.25296	1.25301			6
2024.12.26	20:07:06.111	1.25302	1.25306			6
2024.12.26	20:07:06.418	1.25300	1.25305			6
2024.12.26	20:07:09.182	1.25299				2
2024.12.26	20:07:09.797	1.25300				2
2024.12.26	20:07:10.102	1.25298	1.25300			6
2024.12.26	20:07:10.411	1.25296	1.25301			6
2024.12.26	20:07:11.021	1.25300	1.25305			6
2024.12.26	20:07:11.325	1.25299				2
2024.12.26	20:07:11.632		1.25304			4
2024.12.26	20:07:13.170		1.25305			4
2024.12.26	20:07:13.783	1.25298	1.25304			6
2024.12.26	20:07:14.387	1.25297	1.25301			6
2024.12.26	20:07:14.691	1.25291	1.25295			6
2024.12.26	20:07:14.996		1.25294			4
2024.12.26	20:07:15.297		1.25295			4
2024.12.26	20:07:15.914	1.25292	1.25296			6
2024.12.26	20:07:16.216	1.25293				2
2024.12.26	20:07:16.837	1.25291	1.25295			6
2024.12.26	20:07:18.375	1.25292				2
2024.12.26	20:07:18.987	1.25291				2
2024.12.26	20:07:19.294		1.25296			4
2024.12.26	20:07:19.602		1.25295			4
2024.12.26	20:07:20.216	1.25293	1.25298			6
2024.12.26	20:07:20.823		1.25297			4
2024.12.26	20:07:24.819	1.25292				2
2024.12.26	20:07:27.289	1.25293				2
2024.12.26	20:07:33.412	1.25284	1.25287			6
2024.12.26	20:07:33.720		1.25288			4
2024.12.26	20:07:34.024	1.25286	1.25291			6
2024.12.26	20:07:34.640		1.25292			4
2024.12.26	20:07:34.945		1.25291			4
2024.12.26	20:07:35.557	1.25284	1.25289			6
2024.12.26	20:07:35.859		1.25288			4
2024.12.26	20:07:36.172	1.25283				2
2024.12.26	20:07:36.475		1.25287			4
2024.12.26	20:07:41.705		1.25288			4
2024.12.26	20:07:42.325	1.25284				2
2024.12.26	20:07:42.930		1.25289			4
2024.12.26	20:07:43.868	1.25282	1.25287			6
2024.12.26	20:07:44.791	1.25283				2
2024.12.26	20:07:45.097		1.25288			4
2024.12.26	20:07:45.405		1.25287			4
2024.12.26	20:07:46.012	1.25282				2
2024.12.26	20:07:46.926	1.25283				2
2024.12.26	20:07:48.460		1.25288			4
2024.12.26	20:07:48.769		1.25287			4
2024.12.26	20:07:49.072		1.25288			4
2024.12.26	20:07:49.682	1.25284				2
2024.12.26	20:07:49.985	1.25285	1.25289			6
2024.12.26	20:07:50.288	1.25291	1.25295			6
2024.12.26	20:07:50.596	1.25292	1.25296			6
2024.12.26	20:07:50.904	1.25291				2
2024.12.26	20:07:51.210	1.25294	1.25299			6
2024.12.26	20:07:52.126	1.25293				2
2024.12.26	20:07:52.738		1.25297			4
2024.12.26	20:07:54.283	1.25294	1.25300			6
2024.12.26	20:07:54.591		1.25299			4
2024.12.26	20:07:55.211	1.25293				2
2024.12.26	20:07:55.518	1.25294	1.25300			6
2024.12.26	20:07:57.981	1.25293	1.25299			6
2024.12.26	20:07:59.836	1.25294				2
2024.12.26	20:08:00.141	1.25294				2
2024.12.26	20:08:00.446	1.25295	1.25300			6
2024.12.26	20:08:01.681	1.25294				2
2024.12.26	20:08:02.601	1.25292	1.25295			6
2024.12.26	20:08:02.906		1.25297			4
2024.12.26	20:08:03.519	1.25291	1.25296			6
2024.12.26	20:08:04.126	1.25290	1.25295			6
2024.12.26	20:08:04.431	1.25292	1.25297			6
2024.12.26	20:08:06.279		1.25296			4
2024.12.26	20:08:09.961	1.25291				2
2024.12.26	20:08:10.267	1.25292				2
2024.12.26	20:08:11.190	1.25291	1.25295			6
2024.12.26	20:08:11.495		1.25296			4
2024.12.26	20:08:12.729	1.25292	1.25297			6
2024.12.26	20:08:13.037	1.25293				2
2024.12.26	20:08:17.336	1.25291	1.25296			6
2024.12.26	20:08:18.864		1.25295			4
2024.12.26	20:08:19.173		1.25296			4
2024.12.26	20:08:20.406	1.25292				2
2024.12.26	20:08:22.242	1.25293	1.25297			6
2024.12.26	20:08:22.551	1.25297	1.25302			6
2024.12.26	20:08:23.461	1.25296	1.25301			6
2024.12.26	20:08:23.772	1.25295	1.25300			6
2024.12.26	20:08:24.386	1.25296				2
2024.12.26	20:08:24.690	1.25295				2
2024.12.26	20:08:25.308		1.25299			4
2024.12.26	20:08:25.921		1.25300			4
2024.12.26	20:08:26.840		1.25299			4
2024.12.26	20:08:27.146		1.25300			4
2024.12.26	20:08:27.452	1.25296				2
2024.12.26	20:08:28.369		1.25299			4
2024.12.26	20:08:28.676		1.25300			4
2024.12.26	20:08:28.980		1.25299			4
2024.12.26	20:08:29.292	1.25295				2
2024.12.26	20:08:29.903		1.25300			4
2024.12.26	20:08:30.824	1.25294	1.25298			6
2024.12.26	20:08:31.135	1.25296	1.25301			6
2024.12.26	20:08:32.055	1.25311	1.25312			6
2024.12.26	20:08:32.366	1.25312	1.25315			6
2024.12.26	20:08:32.670		1.25316			4
2024.12.26	20:08:32.979	1.25311				2
2024.12.26	20:08:33.286	1.25309	1.25314			6
2024.12.26	20:08:33.588	1.25308	1.25313			6
2024.12.26	20:08:33.900	1.25310	1.25315			6
2024.12.26	20:08:34.203	1.25311	1.25316			6
2024.12.26	20:08:35.127	1.25309	1.25314			6
2024.12.26	20:08:36.356		1.25313			4
2024.12.26	20:08:36.662	1.25310	1.25315			6
2024.12.26	20:08:36.972	1.25311	1.25316			6
2024.12.26	20:08:38.201	1.25309	1.25314			6
2024.12.26	20:08:38.817	1.25308	1.25313			6
2024.12.26	20:08:39.119	1.25309	1.25314			6
2024.12.26	20:08:39.434	1.25308	1.25313			6
2024.12.26	20:08:41.281	1.25310	1.25315			6
2024.12.26	20:08:45.579	1.25309				2
2024.12.26	20:08:50.166	1.25311				2
2024.12.26	20:08:50.478	1.25310				2
2024.12.26	20:08:50.783	1.25311				2
2024.12.26	20:08:52.932	1.25309	1.25313			6
2024.12.26	20:08:53.235	1.25308				2
2024.12.26	20:08:53.541	1.25310	1.25315			6
2024.12.26	20:08:53.844		1.25314			4
2024.12.26	20:08:54.156		1.25315			4
2024.12.26	20:08:54.458	1.25309	1.25314			6
2024.12.26	20:08:54.762	1.25310	1.25315			6
2024.12.26	20:08:57.823	1.25309	1.25314			6
2024.12.26	20:08:58.433	1.25307	1.25312			6
2024.12.26	20:08:58.739	1.25306	1.25310			6
2024.12.26	20:08:59.044		1.25311			4
2024.12.26	20:08:59.657	1.25301	1.25305			6
2024.12.26	20:08:59.966		1.25306			4
2024.12.26	20:09:00.267	1.25301				2
2024.12.26	20:09:02.418		1.25305			4
2024.12.26	20:09:03.026		1.25306			4
2024.12.26	20:09:04.267	1.25302				2
2024.12.26	20:09:08.579	1.25297	1.25301			6
2024.12.26	20:09:08.882	1.25292	1.25295			6
2024.12.26	20:09:09.192		1.25297			4
2024.12.26	20:09:09.498	1.25291	1.25296			6
2024.12.26	20:09:09.804	1.25290	1.25295			6
2024.12.26	20:09:10.112	1.25289				2
2024.12.26	20:09:10.420	1.25290				2
2024.12.26	20:09:11.962	1.25287	1.25291			6
2024.12.26	20:09:16.274		1.25292			4
2024.12.26	20:09:23.642	1.25293	1.25298			6
2024.12.26	20:09:24.261		1.25297			4
2024.12.26	20:09:24.574		1.25298			4
2024.12.26	20:09:24.876	1.25294				2
2024.12.26	20:09:30.111	1.25295				2
2024.12.26	20:09:30.420	1.25294				2
2024.12.26	20:09:31.955	1.25295				2
2024.12.26	20:09:33.498	1.25294				2
2024.12.26	20:09:35.342	1.25293				2
2024.12.26	20:09:36.563	1.25294	1.25297			6
2024.12.26	20:09:39.030	1.25295				2
2024.12.26	20:09:42.714	1.25296				2
2024.12.26	20:09:45.469	1.25297	1.25302			6
2024.12.26	20:09:51.571	1.25296	1.25300			6
2024.12.26	20:09:51.877	1.25297	1.25302			6
2024.12.26	20:09:53.095		1.25301			4
2024.12.26	20:09:54.621	1.25296	1.25299			6
2024.12.26	20:09:54.924	1.25294	1.25298			6
2024.12.26	20:09:55.535	1.25298	1.25302			6
2024.12.26	20:09:56.761	1.25297	1.25301			6
2024.12.26	20:09:57.069	1.25301	1.25305			6
2024.12.26	20:09:57.378	1.25298	1.25303			6
2024.12.26	20:09:57.688	1.25297	1.25302			6
2024.12.26	20:09:57.995	1.25298				2
2024.12.26	20:10:00.138	1.25298				2
2024.12.26	20:10:03.541		1.25303			4
2024.12.26	20:10:06.919		1.25301			4
2024.12.26	20:10:07.226	1.25293	1.25295			6
2024.12.26	20:10:07.534		1.25296			4
2024.12.26	20:10:13.689	1.25292				2
2024.12.26	20:10:13.990	1.25293				2
2024.12.26	20:10:17.690	1.25295	1.25297			6
2024.12.26	20:10:17.992	1.25296	1.25301			6
2024.12.26	20:10:23.508	1.25293	1.25297			6
2024.12.26	20:10:26.599		1.25298			4
2024.12.26	20:10:26.907		1.25297			4
2024.12.26	20:10:27.210		1.25296			4
2024.12.26	20:10:27.514		1.25297			4
2024.12.26	20:10:32.116		1.25296			4
2024.12.26	20:10:38.533	1.25290	1.25294			6
2024.12.26	20:10:38.842	1.25291	1.25295			6
2024.12.26	20:10:39.146	1.25292				2
2024.12.26	20:10:39.451	1.25291	1.25294			6
2024.12.26	20:10:39.754	1.25292	1.25295			6
2024.12.26	20:10:40.662	1.25291				2
2024.12.26	20:10:41.280	1.25290	1.25294			6
2024.12.26	20:10:41.890	1.25291	1.25295			6
2024.12.26	20:10:42.194	1.25290	1.25294			6
2024.12.26	20:10:43.108	1.25289	1.25293			6
2024.12.26	20:10:44.016	1.25283	1.25287			6
2024.12.26	20:10:45.240	1.25284	1.25288			6
2024.12.26	20:10:48.003	1.25285				2
2024.12.26	20:10:49.226	1.25284				2
2024.12.26	20:10:49.837	1.25285				2
2024.12.26	20:10:50.450	1.25283	1.25287			6
2024.12.26	20:11:00.000	1.25283				2
2024.12.26	20:11:01.225	1.25292	1.25296			6
2024.12.26	20:11:01.528		1.25295			4
2024.12.26	20:11:02.147	1.25290	1.25294			6
2024.12.26	20:11:02.756	1.25289				2
2024.12.26	20:11:03.061	1.25290	1.25295			6
2024.12.26	20:11:03.369		1.25294			4
2024.12.26	20:11:03.676	1.25287	1.25291			6
2024.12.26	20:11:07.987	1.25282	1.25285			6
2024.12.26	20:11:08.300		1.25286			4
2024.12.26	20:11:09.228	1.25283	1.25287			6
2024.12.26	20:11:11.074	1.25284				2
2024.12.26	20:11:11.384		1.25288			4
2024.12.26	20:11:14.156		1.25287			4
2024.12.26	20:11:22.744	1.25274	1.25278			6
2024.12.26	20:11:23.355		1.25277			4
2024.12.26	20:11:23.972	1.25275	1.25278			6
2024.12.26	20:11:24.273	1.25274				2
2024.12.26	20:11:27.351	1.25279	1.25283			6
2024.12.26	20:11:30.430	1.25278				2
2024.12.26	20:11:34.129		1.25282			4
2024.12.26	20:11:34.743		1.25283			4
2024.12.26	20:11:35.975	1.25275	1.25278			6
2024.12.26	20:11:37.213	1.25274				2
2024.12.26	20:11:38.443	1.25277	1.25282			6
2024.12.26	20:11:38.744		1.25281			4
2024.12.26	20:11:39.672		1.25282			4
2024.12.26	20:11:39.985		1.25281			4
2024.12.26	20:11:40.600		1.25282			4
2024.12.26	20:11:43.375	1.25276	1.25281			6
2024.12.26	20:11:43.988	1.25277				2
2024.12.26	20:11:44.915		1.25282			4
2024.12.26	20:11:46.753	1.25276	1.25281			6
2024.12.26	20:11:48.903	1.25274	1.25278			6
2024.12.26	20:11:49.512	1.25275	1.25279			6
2024.12.26	20:11:49.817		1.25278			4
2024.12.26	20:11:50.433	1.25276	1.25279			6
2024.12.26	20:11:50.737		1.25280			4
2024.12.26	20:11:51.039		1.25279			4
2024.12.26	20:11:51.345		1.25280			4
2024.12.26	20:11:52.261	1.25274	1.25278			6
2024.12.26	20:11:53.182	1.25276	1.25279			6
2024.12.26	20:11:53.488		1.25281			4
2024.12.26	20:11:55.018	1.25275	1.25278			6
2024.12.26	20:11:58.372	1.25274				2
2024.12.26	20:12:00.207	1.25274				2
2024.12.26	20:12:01.432	1.25275				2
2024.12.26	20:12:01.739	1.25284	1.25288			6
2024.12.26	20:12:02.045	1.25283	1.25287			6
2024.12.26	20:12:08.499	1.25284				2
2024.12.26	20:12:14.629		1.25288			4
2024.12.26	20:12:25.674	1.25287	1.25289			6
2024.12.26	20:12:25.981		1.25291			4
2024.12.26	20:12:27.513	1.25286	1.25290			6
2024.12.26	20:12:28.121	1.25285	1.25288			6
2024.12.26	20:12:29.344	1.25286	1.25290			6
2024.12.26	20:12:30.879	1.25287				2
2024.12.26	20:12:32.721	1.25286				2
2024.12.26	20:12:34.549		1.25289			4
2024.12.26	20:12:35.458	1.25287	1.25290			6
2024.12.26	20:12:36.991	1.25288	1.25292			6
2024.12.26	20:12:40.051	1.25287	1.25291			6
2024.12.26	20:12:52.015	1.25285	1.25289			6
2024.12.26	20:12:52.325	1.25286				2
2024.12.26	20:12:55.405		1.25290			4
2024.12.26	20:12:55.707	1.25287	1.25291			6
2024.12.26	20:12:58.176		1.25290			4
2024.12.26	20:13:00.007	1.25287				2
2024.12.26	20:13:02.146	1.25288	1.25291			6
2024.12.26	20:13:02.453	1.25287	1.25290			6
2024.12.26	20:13:04.904	1.25286	1.25289			6
2024.12.26	20:13:05.819	1.25287	1.25290			6
2024.12.26	20:13:07.041	1.25292	1.25295			6
2024.12.26	20:13:11.943	1.25291	1.25293			6
2024.12.26	20:13:12.247	1.25287	1.25290			6
2024.12.26	20:13:13.169		1.25291			4
2024.12.26	20:13:16.246	1.25288	1.25292			6
2024.12.26	20:13:20.561	1.25292	1.25295			6
2024.12.26	20:13:23.946		1.25296			4
2024.12.26	20:13:25.800	1.25293				2
2024.12.26	20:13:26.725	1.25287	1.25290			6
2024.12.26	20:13:27.028		1.25291			4
2024.12.26	20:13:28.878	1.25288	1.25292			6
2024.12.26	20:13:30.106	1.25287	1.25290			6
2024.12.26	20:13:30.721	1.25286				2
2024.12.26	20:13:31.334	1.25287				2
2024.12.26	20:13:31.953	1.25286				2
2024.12.26	20:13:35.641	1.25287				2
2024.12.26	20:13:36.244	1.25286				2
2024.12.26	20:13:37.474	1.25287	1.25291			6
2024.12.26	20:13:38.706	1.25284	1.25288			6
2024.12.26	20:13:39.008		1.25287			4
2024.12.26	20:13:56.516	1.25285	1.25288			6
2024.12.26	20:13:56.827	1.25283	1.25286			6
2024.12.26	20:13:57.738	1.25284				2
2024.12.26	20:13:59.264		1.25287			4
2024.12.26	20:14:00.185	1.25284				2
2024.12.26	20:14:05.059	1.25286	1.25289			6
2024.12.26	20:14:06.595	1.25291	1.25292			6
2024.12.26	20:14:06.911	1.25293	1.25295			6
2024.12.26	20:14:07.520		1.25296			4
2024.12.26	20:14:07.833	1.25294	1.25297			6
2024.12.26	20:14:08.758	1.25296	1.25299			6
2024.12.26	20:14:09.062	1.25294	1.25297			6
2024.12.26	20:14:17.377	1.25292	1.25296			6
2024.12.26	20:14:17.681	1.25293				2
2024.12.26	20:14:22.923	1.25290	1.25294			6
2024.12.26	20:14:23.232	1.25291	1.25295			6
2024.12.26	20:14:23.536	1.25292				2
2024.12.26	20:14:23.848	1.25291				2
2024.12.26	20:14:24.157	1.25292				2
2024.12.26	20:14:25.082		1.25294			4
2024.12.26	20:14:26.003	1.25291				2
2024.12.26	20:14:28.146	1.25292				2
2024.12.26	20:14:28.453		1.25295			4
2024.12.26	20:14:28.761		1.25294			4
2024.12.26	20:14:29.993		1.25295			4
2024.12.26	20:14:30.947	1.25291	1.25294			6
2024.12.26	20:14:34.300	1.25290	1.25293			6
2024.12.26	20:14:39.526	1.25292	1.25294			6
2024.12.26	20:14:40.751	1.25277	1.25278			6
2024.12.26	20:14:41.059	1.25274	1.25276			6
2024.12.26	20:14:41.364		1.25277			4
2024.12.26	20:14:41.669		1.25276			4
2024.12.26	20:14:41.974	1.25273	1.25274			6
2024.12.26	20:14:42.279		1.25276			4
2024.12.26	20:14:43.507		1.25278			4
2024.12.26	20:14:46.270		1.25277			4
2024.12.26	20:14:47.190	1.25274	1.25278			6
2024.12.26	20:14:50.879	1.25275				2
2024.12.26	20:14:51.798	1.25274				2
2024.12.26	20:14:53.031	1.25278	1.25283			6
2024.12.26	20:14:53.341	1.25277	1.25282			6
2024.12.26	20:14:53.647		1.25281			4
2024.12.26	20:15:00.102	1.25277				2
2024.12.26	20:15:00.717	1.25276				2
2024.12.26	20:15:01.033	1.25277				2
2024.12.26	20:15:03.183	1.25274	1.25278			6
2024.12.26	20:15:03.802	1.25269	1.25274			6
2024.12.26	20:15:04.103	1.25270				2
2024.12.26	20:15:04.404	1.25269				2
2024.12.26	20:15:04.706	1.25272	1.25276			6
2024.12.26	20:15:07.781	1.25270	1.25275			6
2024.12.26	20:15:10.636	1.25269	1.25274			6
2024.12.26	20:15:10.946	1.25270	1.25275			6
2024.12.26	20:15:11.561	1.25269	1.25274			6
2024.12.26	20:15:11.866	1.25270				2
2024.12.26	20:15:12.474	1.25266	1.25270			6
2024.12.26	20:15:12.787		1.25269			4
2024.12.26	20:15:13.101	1.25267	1.25271			6
2024.12.26	20:15:16.486	1.25272	1.25275			6
2024.12.26	20:15:17.403	1.25275	1.25276			6
2024.12.26	20:15:17.710	1.25276	1.25280			6
2024.12.26	20:15:18.012	1.25275				2
2024.12.26	20:15:21.087	1.25274	1.25277			6
2024.12.26	20:15:22.003		1.25278			4
2024.12.26	20:15:22.310		1.25277			4
2024.12.26	20:15:28.137		1.25278			4
2024.12.26	20:15:28.439	1.25278	1.25283			6
2024.12.26	20:15:28.745	1.25277	1.25281			6
2024.12.26	20:15:29.057	1.25276				2
2024.12.26	20:15:29.666		1.25282			4
2024.12.26	20:15:30.588		1.25281			4
2024.12.26	20:15:30.896		1.25282			4
2024.12.26	20:15:31.817	1.25277				2
2024.12.26	20:15:33.672	1.25276				2
2024.12.26	20:15:34.593	1.25277				2
2024.12.26	20:15:35.200		1.25281			4
2024.12.26	20:15:37.664		1.25282			4
2024.12.26	20:15:39.195	1.25278				2
2024.12.26	20:15:39.500	1.25277				2
2024.12.26	20:15:40.732	1.25276	1.25281			6
2024.12.26	20:15:41.961	1.25277				2
2024.12.26	20:15:48.419		1.25282			4
2024.12.26	20:15:49.027	1.25278				2
2024.12.26	20:15:49.641	1.25277	1.25281			6
2024.12.26	20:15:50.254	1.25276				2
2024.12.26	20:15:51.487	1.25277				2
2024.12.26	20:15:55.492	1.25278	1.25283			6
2024.12.26	20:15:56.112	1.25277	1.25282			6
2024.12.26	20:15:58.266	1.25278				2
2024.12.26	20:16:00.107	1.25278				2
2024.12.26	20:16:01.637	1.25280	1.25284			6
2024.12.26	20:16:01.943	1.25279	1.25283			6
2024.12.26	20:16:02.252	1.25283	1.25287			6
2024.12.26	20:16:07.488	1.25282				2
2024.12.26	20:16:08.426	1.25283				2
2024.12.26	20:16:09.663	1.25286	1.25291			6
2024.12.26	20:16:09.969	1.25287				2
2024.12.26	20:16:13.125	1.25286				2
2024.12.26	20:16:14.968		1.25290			4
2024.12.26	20:16:15.902		1.25291			4
2024.12.26	20:16:17.136		1.25290			4
2024.12.26	20:16:22.993	1.25287				2
2024.12.26	20:16:23.295		1.25291			4
2024.12.26	20:16:24.218	1.25288	1.25292			6
2024.12.26	20:16:24.528	1.25291	1.25294			6
2024.12.26	20:16:25.758	1.25289	1.25293			6
2024.12.26	20:16:29.455	1.25291	1.25295			6
2024.12.26	20:16:31.311	1.25290	1.25294			6
2024.12.26	20:16:31.930	1.25292	1.25296			6
2024.12.26	20:16:32.240		1.25295			4
2024.12.26	20:16:35.325	1.25291				2
2024.12.26	20:16:39.032	1.25292	1.25296			6
2024.12.26	20:16:40.574	1.25293	1.25297			6
2024.12.26	20:16:40.882		1.25296			4
2024.12.26	20:16:43.960	1.25294				2
2024.12.26	20:16:45.501	1.25293				2
2024.12.26	20:16:52.299		1.25295			4
2024.12.26	20:16:56.283	1.25292				2
2024.12.26	20:16:56.589	1.25290	1.25293			6
2024.12.26	20:16:58.431	1.25291	1.25294			6
2024.12.26	20:17:00.267	1.25291				2
2024.12.26	20:17:03.629	1.25292	1.25295			6
2024.12.26	20:17:03.931	1.25293	1.25296			6
2024.12.26	20:17:04.854	1.25295	1.25298			6
2024.12.26	20:17:05.163	1.25297	1.25300			6
2024.12.26	20:17:06.082	1.25294	1.25296			6
2024.12.26	20:17:06.689	1.25296	1.25299			6
2024.12.26	20:17:08.519	1.25294	1.25296			6
2024.12.26	20:17:11.596		1.25297			4
2024.12.26	20:17:11.901		1.25296			4
2024.12.26	20:17:12.518	1.25293				2
2024.12.26	20:17:16.207		1.25295			4
2024.12.26	20:17:19.567	1.25294				2
2024.12.26	20:17:22.629		1.25296			4
2024.12.26	20:17:22.934		1.25295			4
2024.12.26	20:17:23.240	1.25291	1.25294			6
2024.12.26	20:17:23.550	1.25290	1.25293			6
2024.12.26	20:17:24.470	1.25289	1.25292			6
2024.12.26	20:17:25.689	1.25285	1.25287			6
2024.12.26	20:17:25.990		1.25288			4
2024.12.26	20:17:27.530		1.25289			4
2024.12.26	20:17:27.837		1.25288			4
2024.12.26	20:17:28.453		1.25289			4
2024.12.26	20:17:28.758	1.25287	1.25291			6
2024.12.26	20:17:29.375	1.25288	1.25292			6
2024.12.26	20:17:29.681	1.25287	1.25290			6
2024.12.26	20:17:31.211		1.25291			4
2024.12.26	20:17:34.289	1.25291	1.25294			6
2024.12.26	20:17:34.593	1.25288	1.25292			6
2024.12.26	20:17:34.901	1.25289	1.25293			6
2024.12.26	20:17:35.506	1.25288	1.25292			6
2024.12.26	20:17:36.127	1.25292	1.25295			6
2024.12.26	20:17:40.126	1.25293	1.25297			6
2024.12.26	20:17:40.436	1.25294	1.25298			6
2024.12.26	20:17:41.661	1.25293	1.25297			6
2024.12.26	20:17:43.201	1.25296	1.25300			6
2024.12.26	20:17:44.121	1.25295	1.25298			6
2024.12.26	20:17:44.425		1.25299			4
2024.12.26	20:17:45.966		1.25298			4
2024.12.26	20:17:46.586	1.25296	1.25300			6
2024.12.26	20:17:47.810		1.25299			4
2024.12.26	20:17:48.115	1.25295				2
2024.12.26	20:17:48.424	1.25296				2
2024.12.26	20:17:51.800	1.25295				2
2024.12.26	20:17:52.422	1.25296				2
2024.12.26	20:17:53.034	1.25295				2
2024.12.26	20:17:53.343	1.25296	1.25300			6
2024.12.26	20:17:54.265	1.25297	1.25301			6
2024.12.26	20:17:59.494	1.25295	1.25299			6
2024.12.26	20:17:59.804	1.25293	1.25297			6
2024.12.26	20:18:00.111	1.25293				2
2024.12.26	20:18:01.340	1.25297	1.25301			6
2024.12.26	20:18:01.653	1.25298	1.25302			6
2024.12.26	20:18:02.261	1.25297	1.25301			6
2024.12.26	20:18:03.494	1.25296	1.25300			6
2024.12.26	20:18:04.711	1.25297	1.25301			6
2024.12.26	20:18:07.173	1.25300	1.25304			6
2024.12.26	20:18:07.485	1.25302	1.25306			6
2024.12.26	20:18:08.101	1.25301				2
2024.12.26	20:18:10.257	1.25302				2
2024.12.26	20:18:10.570	1.25300	1.25304			6
2024.12.26	20:18:11.178	1.25299				2
2024.12.26	20:18:11.486	1.25296	1.25301			6
2024.12.26	20:18:12.716	1.25295	1.25300			6
2024.12.26	20:18:13.025	1.25296				2
2024.12.26	20:18:13.335	1.25295				2
2024.12.26	20:18:14.251	1.25296	1.25301			6
2024.12.26	20:18:17.327		1.25300			4
2024.12.26	20:18:21.015	1.25293	1.25297			6
2024.12.26	20:18:21.939	1.25291	1.25295			6
2024.12.26	20:18:22.249	1.25292	1.25296			6
2024.12.26	20:18:22.560	1.25291	1.25295			6
2024.12.26	20:18:23.786	1.25292	1.25296			6
2024.12.26	20:18:24.090	1.25293	1.25297			6
2024.12.26	20:18:33.640	1.25292	1.25296			6
2024.12.26	20:18:34.561	1.25293	1.25297			6
2024.12.26	20:18:35.178	1.25292	1.25296			6
2024.12.26	20:18:36.096	1.25293	1.25297			6
2024.12.26	20:18:37.032	1.25292	1.25296			6
2024.12.26	20:18:37.642	1.25293	1.25297			6
2024.12.26	20:18:37.953	1.25292	1.25296			6
2024.12.26	20:18:38.261	1.25294	1.25298			6
2024.12.26	20:18:38.568	1.25293	1.25297			6
2024.12.26	20:18:43.182	1.25294	1.25298			6
2024.12.26	20:18:44.728	1.25293	1.25297			6
2024.12.26	20:18:47.189	1.25292	1.25296			6
2024.12.26	20:18:48.111	1.25293				2
2024.12.26	20:19:00.048	1.25294	1.25297			6
2024.12.26	20:19:00.353	1.25287	1.25290			6
2024.12.26	20:19:00.653	1.25286	1.25289			6
2024.12.26	20:19:01.263		1.25290			4
2024.12.26	20:19:02.198	1.25285	1.25289			6
2024.12.26	20:19:02.503	1.25284	1.25288			6
2024.12.26	20:19:02.813	1.25285	1.25289			6
2024.12.26	20:19:03.120	1.25284	1.25288			6
2024.12.26	20:19:09.889	1.25286				2
2024.12.26	20:19:10.506	1.25285	1.25289			6
2024.12.26	20:19:10.813	1.25286	1.25290			6
2024.12.26	20:19:12.968	1.25285	1.25289			6
2024.12.26	20:19:18.497	1.25279	1.25283			6
2024.12.26	20:19:18.798	1.25281	1.25284			6
2024.12.26	20:19:19.101	1.25279	1.25283			6
2024.12.26	20:19:19.404	1.25280	1.25284			6
2024.12.26	20:19:20.326	1.25277	1.25281			6
2024.12.26	20:19:21.559	1.25275	1.25277			6
2024.12.26	20:19:21.870		1.25278			4
2024.12.26	20:19:23.709	1.25274				2
2024.12.26	20:19:24.016	1.25275	1.25280			6
2024.12.26	20:19:24.631	1.25276				2
2024.12.26	20:19:37.850	1.25275	1.25277			6
2024.12.26	20:19:38.468	1.25274				2
2024.12.26	20:19:38.776	1.25275	1.25279			6
2024.12.26	20:19:39.388	1.25276				2
2024.12.26	20:19:39.693	1.25277	1.25281			6
2024.12.26	20:19:42.764	1.25278	1.25282			6
2024.12.26	20:19:43.066	1.25277	1.25281			6
2024.12.26	20:19:43.378	1.25278	1.25282			6
2024.12.26	20:19:44.606	1.25277	1.25281			6
2024.12.26	20:19:56.862	1.25278				2
2024.12.26	20:19:57.168	1.25277				2
2024.12.26	20:19:58.693	1.25278				2
2024.12.26	20:19:59.912	1.25277				2
2024.12.26	20:20:00.218	1.25277				2
2024.12.26	20:20:02.049	1.25278	1.25282			6
2024.12.26	20:20:03.271	1.25279	1.25283			6
2024.12.26	20:20:03.883	1.25277	1.25281			6
2024.12.26	20:20:04.500	1.25278	1.25282			6
2024.12.26	20:20:04.803	1.25277	1.25281			6
2024.12.26	20:20:06.026	1.25278	1.25282			6
2024.12.26	20:20:06.330	1.25277	1.25281			6
2024.12.26	20:20:08.171	1.25279				2
2024.12.26	20:20:09.083	1.25278				2
2024.12.26	20:20:09.693	1.25277	1.25280			6
2024.12.26	20:20:11.238	1.25275	1.25277			6
2024.12.26	20:20:12.151		1.25278			4
2024.12.26	20:20:12.779		1.25279			4
2024.12.26	20:20:16.159		1.25278			4
2024.12.26	20:20:17.075	1.25276	1.25279			6
2024.12.26	20:20:17.687	1.25275	1.25278			6
2024.12.26	20:20:22.869	1.25274	1.25277			6
2024.12.26	20:20:24.703	1.25271	1.25274			6
2024.12.26	20:20:25.007	1.25272	1.25275			6
2024.12.26	20:20:25.932	1.25273	1.25276			6
2024.12.26	20:20:27.459	1.25272	1.25275			6
2024.12.26	20:20:27.764	1.25271	1.25274			6
2024.12.26	20:20:29.604		1.25273			4
2024.12.26	20:20:29.910		1.25274			4
2024.12.26	20:20:33.587	1.25272	1.25275			6
2024.12.26	20:20:33.895	1.25271	1.25274			6
2024.12.26	20:20:39.746	1.25272	1.25275			6
2024.12.26	20:20:41.290	1.25273	1.25276			6
2024.12.26	20:20:41.596	1.25274	1.25277			6
2024.12.26	20:20:43.139	1.25278	1.25281			6
2024.12.26	20:20:43.445	1.25274	1.25277			6
2024.12.26	20:20:43.748	1.25273	1.25276			6
2024.12.26	20:20:44.054	1.25274	1.25277			6
2024.12.26	20:20:46.220	1.25273	1.25276			6
2024.12.26	20:20:55.439	1.25274	1.25277			6
2024.12.26	20:20:58.509	1.25275	1.25278			6
2024.12.26	20:20:58.819	1.25274	1.25277			6
2024.12.26	20:21:00.043	1.25274				2
2024.12.26	20:21:00.352	1.25275	1.25278			6
2024.12.26	20:21:00.659	1.25273	1.25276			6
2024.12.26	20:21:08.374	1.25274	1.25277			6
2024.12.26	20:21:12.055	1.25272	1.25275			6
2024.12.26	20:21:12.369	1.25273				2
2024.12.26	20:21:12.674	1.25271	1.25274			6
2024.12.26	20:21:13.901	1.25272	1.25275			6
2024.12.26	20:21:14.205	1.25271	1.25274			6
2024.12.26	20:21:18.203	1.25273	1.25276			6
2024.12.26	20:21:18.508	1.25271	1.25274			6
2024.12.26	20:21:20.042	1.25272	1.25275			6
2024.12.26	20:21:20.653	1.25271	1.25274			6
2024.12.26	20:21:21.267	1.25272	1.25275			6
2024.12.26	20:21:23.412	1.25271	1.25274			6
2024.12.26	20:21:23.721	1.25272	1.25275			6
2024.12.26	20:21:25.870	1.25273	1.25276			6
2024.12.26	20:21:30.456	1.25272	1.25275			6
2024.12.26	20:21:31.683	1.25268	1.25271			6
2024.12.26	20:21:32.301	1.25265	1.25267			6
2024.12.26	20:21:33.222	1.25264				2
2024.12.26	20:21:37.529	1.25263	1.25265			6
2024.12.26	20:21:41.214	1.25258	1.25261			6
2024.12.26	20:21:41.525	1.25261	1.25265			6
2024.12.26	20:21:41.826	1.25262	1.25264			6
2024.12.26	20:21:42.441	1.25261				2
2024.12.26	20:21:42.742	1.25260	1.25263			6
2024.12.26	20:21:47.675	1.25259	1.25262			6
2024.12.26	20:21:48.589	1.25258	1.25261			6
2024.12.26	20:21:49.519	1.25257	1.25260			6
2024.12.26	20:21:49.824	1.25256	1.25259			6
2024.12.26	20:21:52.601	1.25254	1.25257			6
2024.12.26	20:21:54.753	1.25255	1.25258			6
2024.12.26	20:21:57.209	1.25254	1.25257			6
2024.12.26	20:21:57.826		1.25256			4
2024.12.26	20:21:59.057		1.25257			4
2024.12.26	20:21:59.366	1.25253	1.25255			6
2024.12.26	20:22:00.284	1.25253				2
2024.12.26	20:22:02.141	1.25252				2
2024.12.26	20:22:02.444	1.25254	1.25257			6
2024.12.26	20:22:02.757	1.25255	1.25258			6
2024.12.26	20:22:03.364	1.25254	1.25257			6
2024.12.26	20:22:05.214	1.25257	1.25261			6
2024.12.26	20:22:05.521	1.25256	1.25260			6
2024.12.26	20:22:06.133	1.25257				2
2024.12.26	20:22:07.051		1.25261			4
2024.12.26	20:22:08.589		1.25260			4
2024.12.26	20:22:08.892		1.25261			4
2024.12.26	20:22:09.201	1.25260	1.25264			6
2024.12.26	20:22:11.654	1.25259	1.25263			6
2024.12.26	20:22:12.881	1.25256	1.25260			6
2024.12.26	20:22:13.187	1.25257	1.25261			6
2024.12.26	20:22:14.115	1.25259	1.25263			6
2024.12.26	20:22:15.034	1.25257	1.25261			6
2024.12.26	20:22:18.723	1.25260	1.25263			6
2024.12.26	20:22:19.029		1.25264			4
2024.12.26	20:22:19.953	1.25259	1.25263			6
2024.12.26	20:22:21.493	1.25260	1.25264			6
2024.12.26	20:22:21.802	1.25259	1.25263			6
2024.12.26	20:22:22.409	1.25260				2
2024.12.26	20:22:22.721	1.25259				2
2024.12.26	20:22:29.769	1.25256	1.25260			6
2024.12.26	20:22:30.694	1.25257	1.25261			6
2024.12.26	20:22:38.055	1.25259	1.25262			6
2024.12.26	20:22:38.358		1.25263			4
2024.12.26	20:22:39.274	1.25257	1.25261			6
2024.12.26	20:22:42.954	1.25258				2
2024.12.26	20:22:43.877	1.25257				2
2024.12.26	20:22:49.702	1.25258	1.25262			6
2024.12.26	20:22:51.547	1.25260	1.25263			6
2024.12.26	20:22:51.857	1.25259				2
2024.12.26	20:22:52.473		1.25262			4
2024.12.26	20:22:53.082		1.25263			4
2024.12.26	20:22:53.386		1.25262			4
2024.12.26	20:22:53.700		1.25263			4
2024.12.26	20:22:54.623	1.25258	1.25262			6
2024.12.26	20:22:55.848		1.25261			4
2024.12.26	20:22:56.156	1.25259				2
2024.12.26	20:22:56.468	1.25258				2
2024.12.26	20:23:00.156	1.25258				2
2024.12.26	20:23:00.462	1.25259	1.25262			6
2024.12.26	20:23:00.770	1.25260	1.25263			6
2024.12.26	20:23:01.076	1.25259	1.25261			6
2024.12.26	20:23:01.382	1.25260	1.25263			6
2024.12.26	20:23:01.691	1.25259	1.25262			6
2024.12.26	20:23:02.608	1.25260	1.25263			6
2024.12.26	20:23:02.920	1.25259	1.25262			6
2024.12.26	20:23:05.985	1.25258	1.25261			6
2024.12.26	20:23:07.515	1.25261	1.25262			6
2024.12.26	20:23:08.127	1.25258	1.25261			6
2024.12.26	20:23:08.738	1.25261	1.25262			6
2024.12.26	20:23:09.045	1.25260	1.25261			6
2024.12.26	20:23:09.350	1.25261	1.25262			6
2024.12.26	20:23:09.971	1.25258	1.25261			6
2024.12.26	20:23:16.405	1.25257	1.25260			6
2024.12.26	20:23:16.710	1.25256	1.25259			6
2024.12.26	20:23:17.626	1.25262	1.25265			6
2024.12.26	20:23:17.929	1.25263	1.25266			6
2024.12.26	20:23:18.236	1.25262				2
2024.12.26	20:23:23.771	1.25270	1.25273			6
2024.12.26	20:23:24.076	1.25273	1.25276			6
2024.12.26	20:23:24.377		1.25277			4
2024.12.26	20:23:25.000		1.25276			4
2024.12.26	20:23:25.311		1.25277			4
2024.12.26	20:23:27.768	1.25271	1.25274			6
2024.12.26	20:23:28.388		1.25275			4
2024.12.26	20:23:28.688		1.25274			4
2024.12.26	20:23:29.921		1.25273			4
2024.12.26	20:23:32.075	1.25269	1.25272			6
2024.12.26	20:23:32.383		1.25273			4
2024.12.26	20:23:39.146	1.25266	1.25271			6
2024.12.26	20:23:39.449	1.25267				2
2024.12.26	20:23:42.227	1.25266				2
2024.12.26	20:23:44.994		1.25270			4
2024.12.26	20:23:46.225		1.25271			4
2024.12.26	20:23:46.531	1.25260	1.25265			6
2024.12.26	20:23:46.839		1.25264			4
2024.12.26	20:23:47.149	1.25262	1.25266			6
2024.12.26	20:23:52.374		1.25267			4
2024.12.26	20:23:58.827	1.25263				2
2024.12.26	20:23:59.136	1.25266	1.25270			6
2024.12.26	20:24:00.060	1.25266				2
2024.12.26	20:24:00.369	1.25265	1.25269			6
2024.12.26	20:24:05.894		1.25270			4
2024.12.26	20:24:09.574	1.25266				2
2024.12.26	20:24:17.222	1.25267	1.25271			6
2024.12.26	20:24:17.524	1.25266				2
2024.12.26	20:24:18.449	1.25268	1.25272			6
2024.12.26	20:24:18.758	1.25267				2
2024.12.26	20:24:23.066	1.25268	1.25273			6
2024.12.26	20:24:23.376	1.25269	1.25274			6
2024.12.26	20:24:23.683	1.25268	1.25273			6
2024.12.26	20:24:25.522	1.25272	1.25275			6
2024.12.26	20:24:27.990	1.25271	1.25274			6
2024.12.26	20:24:28.913	1.25272	1.25275			6
2024.12.26	20:24:29.535	1.25271				2
2024.12.26	20:24:30.149	1.25272				2
2024.12.26	20:24:30.770	1.25271	1.25274			6
2024.12.26	20:24:32.614		1.25275			4
2024.12.26	20:24:35.079	1.25272				2
2024.12.26	20:24:36.008	1.25271				2
2024.12.26	20:24:36.932	1.25272				2
2024.12.26	20:24:41.546	1.25273	1.25277			6
2024.12.26	20:24:43.081		1.25276			4
2024.12.26	20:24:44.009		1.25277			4
2024.12.26	20:24:46.171		1.25276			4
2024.12.26	20:24:47.711		1.25277			4
2024.12.26	20:24:48.324		1.25276			4
2024.12.26	20:24:48.937	1.25272				2
2024.12.26	20:24:52.624		1.25275			4
2024.12.26	20:24:54.455	1.25273	1.25276			6
2024.12.26	20:24:54.762	1.25271	1.25275			6
2024.12.26	20:24:55.069	1.25273	1.25277			6
2024.12.26	20:24:55.680	1.25278	1.25282			6
2024.12.26	20:24:57.207	1.25277				2
2024.12.26	20:24:57.828		1.25281			4
2024.12.26	20:24:58.137		1.25282			4
2024.12.26	20:24:59.980		1.25281			4
2024.12.26	20:25:00.287	1.25277	1.25282			6
2024.12.26	20:25:02.444		1.25281			4
2024.12.26	20:25:02.750	1.25282	1.25286			6
2024.12.26	20:25:03.061	1.25283	1.25287			6
2024.12.26	20:25:05.209	1.25284	1.25289			6
2024.12.26	20:25:05.516	1.25285				2
2024.12.26	20:25:06.752	1.25286	1.25290			6
2024.12.26	20:25:07.061	1.25288	1.25292			6
2024.12.26	20:25:07.370	1.25289	1.25293			6
2024.12.26	20:25:08.293	1.25288				2
2024.12.26	20:25:09.520	1.25287	1.25292			6
2024.12.26	20:25:11.066		1.25289			4
2024.12.26	20:25:11.369	1.25288				2
2024.12.26	20:25:12.598		1.25290			4
2024.12.26	20:25:12.906		1.25289			4
2024.12.26	20:25:13.213		1.25292			4
2024.12.26	20:25:16.284	1.25287				2
2024.12.26	20:25:16.895	1.25292	1.25296			6
2024.12.26	20:25:17.507	1.25290	1.25295			6
2024.12.26	20:25:17.814	1.25291	1.25296			6
2024.12.26	20:25:21.481	1.25292	1.25297			6
2024.12.26	20:25:21.789	1.25294	1.25298			6
2024.12.26	20:25:22.090		1.25299			4
2024.12.26	20:25:22.403	1.25293	1.25297			6
2024.12.26	20:25:22.711	1.25292				2
2024.12.26	20:25:24.563	1.25293				2
2024.12.26	20:25:25.483	1.25292				2
2024.12.26	20:25:31.628	1.25293				2
2024.12.26	20:25:32.546		1.25298			4
2024.12.26	20:25:32.851	1.25294				2
2024.12.26	20:25:33.155	1.25293	1.25297			6
2024.12.26	20:25:34.680		1.25298			4
2024.12.26	20:25:38.663	1.25295	1.25300			6
2024.12.26	20:25:38.968	1.25300	1.25305			6
2024.12.26	20:25:39.276	1.25299	1.25304			6
2024.12.26	20:25:40.500	1.25298	1.25303			6
2024.12.26	20:25:41.722	1.25299	1.25304			6
2024.12.26	20:25:42.331	1.25301	1.25306			6
2024.12.26	20:25:44.160	1.25302				2
2024.12.26	20:25:44.473	1.25301				2
2024.12.26	20:25:45.687	1.25302				2
2024.12.26	20:25:47.221	1.25301				2
2024.12.26	20:25:48.441	1.25302	1.25307			6
2024.12.26	20:25:51.200		1.25306			4
2024.12.26	20:25:51.502	1.25301				2
2024.12.26	20:25:51.808	1.25302				2
2024.12.26	20:25:55.472	1.25300	1.25304			6
2024.12.26	20:25:55.779	1.25299				2
2024.12.26	20:25:57.311	1.25301	1.25306			6
2024.12.26	20:26:00.068	1.25301				2
2024.12.26	20:26:01.297	1.25303				2
2024.12.26	20:26:01.601	1.25309	1.25312			6
2024.12.26	20:26:01.905	1.25312	1.25316			6
2024.12.26	20:26:02.823	1.25311	1.25315			6
2024.12.26	20:26:04.051	1.25306	1.25311			6
2024.12.26	20:26:04.977	1.25307				2
2024.12.26	20:26:05.287	1.25311	1.25316			6
2024.12.26	20:26:05.597	1.25310	1.25315			6
2024.12.26	20:26:06.508	1.25308	1.25314			6
2024.12.26	20:26:06.823	1.25311	1.25316			6
2024.12.26	20:26:08.973	1.25309	1.25315			6
2024.12.26	20:26:10.202	1.25311				2
2024.12.26	20:26:11.435	1.25313	1.25318			6
2024.12.26	20:26:15.426	1.25312	1.25317			6
2024.12.26	20:26:17.278	1.25313	1.25318			6
2024.12.26	20:26:19.127	1.25318	1.25323			6
2024.12.26	20:26:20.358	1.25317	1.25322			6
2024.12.26	20:26:21.280	1.25318	1.25323			6
2024.12.26	20:26:21.587	1.25317	1.25322			6
2024.12.26	20:26:22.201	1.25318				2
2024.12.26	20:26:22.504	1.25322	1.25327			6
2024.12.26	20:26:22.807	1.25321	1.25326			6
2024.12.26	20:26:23.743		1.25325			4
2024.12.26	20:26:24.661		1.25326			4
2024.12.26	20:26:25.275	1.25323	1.25327			6
2024.12.26	20:26:25.584		1.25328			4
2024.12.26	20:26:26.506		1.25327			4
2024.12.26	20:26:27.737	1.25321	1.25325			6
2024.12.26	20:26:28.046		1.25326			4
2024.12.26	20:26:28.654	1.25319	1.25325			6
2024.12.26	20:26:28.963		1.25323			4
2024.12.26	20:26:29.887	1.25321	1.25326			6
2024.12.26	20:26:30.195		1.25325			4
2024.12.26	20:26:30.804	1.25320				2
2024.12.26	20:26:31.426	1.25322	1.25328			6
2024.12.26	20:26:33.579	1.25323				2
2024.12.26	20:26:35.110	1.25324				2
2024.12.26	20:26:35.417	1.25323				2
2024.12.26	20:26:37.572	1.25324	1.25329			6
2024.12.26	20:26:43.154		1.25328			4
2024.12.26	20:26:48.067	1.25323	1.25327			6
2024.12.26	20:26:48.374		1.25328			4
2024.12.26	20:26:54.789		1.25327			4
2024.12.26	20:26:55.401	1.25321	1.25326			6
2024.12.26	20:26:56.325	1.25322	1.25327			6
2024.12.26	20:26:58.464	1.25321	1.25326			6
2024.12.26	20:26:59.074	1.25322				2
2024.12.26	20:26:59.381	1.25321				2
2024.12.26	20:26:59.681		1.25325			4
2024.12.26	20:26:59.992		1.25326			4
2024.12.26	20:27:00.295	1.25321				2
2024.12.26	20:27:01.202		1.25324			4
2024.12.26	20:27:01.508		1.25326			4
2024.12.26	20:27:01.815	1.25322	1.25327			6
2024.12.26	20:27:02.123	1.25321	1.25326			6
2024.12.26	20:27:02.426	1.25322				2
2024.12.26	20:27:03.333	1.25321				2
2024.12.26	20:27:03.941	1.25320	1.25325			6
2024.12.26	20:27:05.770	1.25321	1.25326			6
2024.12.26	20:27:08.839	1.25322	1.25327			6
2024.12.26	20:27:09.147		1.25326			4
2024.12.26	20:27:10.993	1.25321				2
2024.12.26	20:27:13.126		1.25325			4
2024.12.26	20:27:15.273	1.25323	1.25327			6
2024.12.26	20:27:16.190	1.25326	1.25330			6
2024.12.26	20:27:17.421		1.25331			4
2024.12.26	20:27:20.526	1.25327				2
2024.12.26	20:27:22.681	1.25326				2
2024.12.26	20:27:22.993	1.25327				2
2024.12.26	20:27:23.299	1.25326				2
2024.12.26	20:27:23.607	1.25327				2
2024.12.26	20:27:24.831	1.25326				2
2024.12.26	20:27:28.207		1.25330			4
2024.12.26	20:27:28.515	1.25325	1.25329			6
2024.12.26	20:27:34.009	1.25324	1.25328			6
2024.12.26	20:27:36.468	1.25326	1.25330			6
2024.12.26	20:27:37.989	1.25331	1.25335			6
2024.12.26	20:27:38.295		1.25334			4
2024.12.26	20:27:38.913	1.25329	1.25333			6
2024.12.26	20:27:39.217	1.25331	1.25334			6
2024.12.26	20:27:44.732	1.25323	1.25327			6
2024.12.26	20:27:48.458		1.25328			4
2024.12.26	20:27:51.223	1.25324				2
2024.12.26	20:27:54.291		1.25327			4
2024.12.26	20:27:56.435	1.25323	1.25326			6
2024.12.26	20:27:56.743		1.25327			4
2024.12.26	20:27:57.352		1.25328			4
2024.12.26	20:27:58.579		1.25327			4
2024.12.26	20:27:59.808	1.25320	1.25325			6
2024.12.26	20:28:00.114	1.25320	1.25324			6
2024.12.26	20:28:01.343	1.25318	1.25322			6
2024.12.26	20:28:01.649	1.25319	1.25323			6
2024.12.26	20:28:02.565	1.25320	1.25325			6
2024.12.26	20:28:02.876	1.25319	1.25324			6
2024.12.26	20:28:05.026	1.25320				2
2024.12.26	20:28:05.336	1.25319				2
2024.12.26	20:28:07.489		1.25323			4
2024.12.26	20:28:08.712	1.25318				2
2024.12.26	20:28:11.182	1.25321	1.25326			6
2024.12.26	20:28:11.492	1.25320	1.25325			6
2024.12.26	20:28:12.418	1.25322	1.25327			6
2024.12.26	20:28:13.642	1.25323				2
2024.12.26	20:28:15.798	1.25321	1.25326			6
2024.12.26	20:28:16.107	1.25323				2
2024.12.26	20:28:16.415		1.25328			4
2024.12.26	20:28:17.341	1.25325	1.25330			6
2024.12.26	20:28:17.643		1.25329			4
2024.12.26	20:28:17.956		1.25330			4
2024.12.26	20:28:20.109	1.25323	1.25327			6
2024.12.26	20:28:20.411	1.25325	1.25329			6
2024.12.26	20:28:25.341	1.25324				2
2024.12.26	20:28:28.726		1.25328			4
2024.12.26	20:28:29.041	1.25323	1.25327			6
2024.12.26	20:28:30.581	1.25322				2
2024.12.26	20:28:31.195	1.25323				2
2024.12.26	20:28:32.427	1.25324	1.25328			6
2024.12.26	20:28:32.735	1.25321	1.25325			6
2024.12.26	20:28:33.040	1.25320				2
2024.12.26	20:28:33.356	1.25319	1.25324			6
2024.12.26	20:28:33.658	1.25318	1.25323			6
2024.12.26	20:28:38.589	1.25320	1.25324			6
2024.12.26	20:28:42.573	1.25322	1.25325			6
2024.12.26	20:28:45.962		1.25326			4
2024.12.26	20:28:46.272	1.25324	1.25328			6
2024.12.26	20:28:50.581	1.25330	1.25334			6
2024.12.26	20:28:51.812	1.25328	1.25332			6
2024.12.26	20:28:53.665		1.25333			4
2024.12.26	20:28:53.968	1.25327	1.25332			6
2024.12.26	20:28:56.129		1.25333			4
2024.12.26	20:28:56.436	1.25328				2
2024.12.26	20:28:57.361	1.25329	1.25335			6
2024.12.26	20:28:57.670	1.25328	1.25334			6
2024.12.26	20:28:59.210	1.25324	1.25328			6
2024.12.26	20:28:59.521	1.25323				2
2024.12.26	20:29:00.133	1.25323				2
2024.12.26	20:29:00.439	1.25324				2
2024.12.26	20:29:00.753		1.25330			4
2024.12.26	20:29:01.365	1.25325				2
2024.12.26	20:29:01.672	1.25329	1.25334			6
2024.12.26	20:29:02.286	1.25328	1.25332			6
2024.12.26	20:29:02.590	1.25327	1.25333			6
2024.12.26	20:29:02.901	1.25328	1.25332			6
2024.12.26	20:29:03.206	1.25326	1.25331			6
2024.12.26	20:29:03.510	1.25324	1.25330			6
2024.12.26	20:29:03.821	1.25325	1.25329			6
2024.12.26	20:29:04.740		1.25330			4
2024.12.26	20:29:05.042		1.25329			4
2024.12.26	20:29:05.669	1.25324				2
2024.12.26	20:29:08.130	1.25325	1.25330			6
2024.12.26	20:29:08.442		1.25329			4
2024.12.26	20:29:09.978	1.25324	1.25328			6
2024.12.26	20:29:10.284		1.25329			4
2024.12.26	20:29:11.828	1.25325				2
2024.12.26	20:29:13.058	1.25324				2
2024.12.26	20:29:17.368	1.25325				2
2024.12.26	20:29:18.598		1.25330			4
2024.12.26	20:29:18.901	1.25324	1.25329			6
2024.12.26	20:29:19.515	1.25323	1.25326			6
2024.12.26	20:29:19.822		1.25327			4
2024.12.26	20:29:20.437	1.25324	1.25329			6
2024.12.26	20:29:22.275	1.25325				2
2024.12.26	20:29:22.582		1.25330			4
2024.12.26	20:29:23.192		1.25329			4
2024.12.26	20:29:25.948	1.25329	1.25333			6
2024.12.26	20:29:26.258		1.25334			4
2024.12.26	20:29:27.178	1.25330				2
2024.12.26	20:29:29.637		1.25335			4
2024.12.26	20:29:30.253		1.25334			4
2024.12.26	20:29:32.394	1.25329				2
2024.12.26	20:29:34.532		1.25332			4
2024.12.26	20:29:34.835	1.25322	1.25326			6
2024.12.26	20:29:35.144	1.25321	1.25325			6
2024.12.26	20:29:36.369	1.25320				2
2024.12.26	20:29:36.984	1.25321	1.25326			6
2024.12.26	20:29:40.363	1.25319	1.25324			6
2024.12.26	20:29:40.667	1.25318	1.25323			6
2024.12.26	20:29:42.214	1.25314	1.25320			6
2024.12.26	20:29:44.367	1.25312	1.25317			6
2024.12.26	20:29:44.668	1.25317	1.25323			6
2024.12.26	20:29:44.977	1.25318				2
2024.12.26	20:29:47.741	1.25319	1.25324			6
2024.12.26	20:29:52.653		1.25323			4
2024.12.26	20:29:55.116		1.25324			4
2024.12.26	20:29:56.041		1.25323			4
2024.12.26	20:29:56.647		1.25324			4
2024.12.26	20:29:59.104	1.25321				2
2024.12.26	20:29:59.407		1.25326			4
2024.12.26	20:29:59.720	1.25320	1.25325			6
2024.12.26	20:30:00.026	1.25321	1.25326			6
2024.12.26	20:30:04.912	1.25320				2
2024.12.26	20:30:05.221	1.25321				2
2024.12.26	20:30:07.369		1.25324			4
2024.12.26	20:30:07.674	1.25320				2
2024.12.26	20:30:10.418	1.25322	1.25327			6
2024.12.26	20:30:15.006		1.25326			4
2024.12.26	20:30:15.617	1.25323	1.25327			6
2024.12.26	20:30:15.921		1.25328			4
2024.12.26	20:30:16.226	1.25324	1.25329			6
2024.12.26	20:30:16.527	1.25326	1.25330			6
2024.12.26	20:30:17.147	1.25325				2
2024.12.26	20:30:18.676	1.25328	1.25332			6
2024.12.26	20:30:18.983	1.25326	1.25331			6
2024.12.26	20:30:20.206	1.25324	1.25327			6
2024.12.26	20:30:21.735	1.25323	1.25326			6
2024.12.26	20:30:22.041	1.25320	1.25324			6
2024.12.26	20:30:22.350	1.25318	1.25322			6
2024.12.26	20:30:24.807	1.25317				2
2024.12.26	20:30:30.031	1.25320	1.25325			6
2024.12.26	20:30:30.331	1.25321				2
2024.12.26	20:30:30.634	1.25320				2
2024.12.26	20:30:33.408	1.25321	1.25324			6
2024.12.26	20:30:34.330	1.25320				2
2024.12.26	20:30:36.479		1.25323			4
2024.12.26	20:30:38.321	1.25319	1.25324			6
2024.12.26	20:30:38.623		1.25323			4
2024.12.26	20:30:41.671		1.25322			4
2024.12.26	20:30:43.196	1.25323	1.25327			6
2024.12.26	20:30:44.118	1.25324	1.25328			6
2024.12.26	20:30:44.423	1.25326	1.25331			6
2024.12.26	20:30:44.730		1.25330			4
2024.12.26	20:30:45.345	1.25325				2
2024.12.26	20:30:50.585	1.25326				2
2024.12.26	20:30:50.892	1.25332	1.25336			6
2024.12.26	20:30:51.201	1.25331				2
2024.12.26	20:30:52.428	1.25330	1.25334			6
2024.12.26	20:30:52.732		1.25335			4
2024.12.26	20:30:53.970		1.25334			4
2024.12.26	20:30:54.890		1.25335			4
2024.12.26	20:30:57.044	1.25331	1.25336			6
2024.12.26	20:30:58.891		1.25335			4
2024.12.26	20:30:59.197		1.25336			4
2024.12.26	20:31:00.118	1.25331				2
2024.12.26	20:31:01.037	1.25340	1.25345			6
2024.12.26	20:31:01.344		1.25344			4
2024.12.26	20:31:01.959	1.25335	1.25340			6
2024.12.26	20:31:02.571		1.25339			4
2024.12.26	20:31:03.187		1.25340			4
2024.12.26	20:31:08.100	1.25336	1.25341			6
2024.12.26	20:31:08.404	1.25335	1.25340			6
2024.12.26	20:31:11.159	1.25330	1.25335			6
2024.12.26	20:31:11.464	1.25328	1.25333			6
2024.12.26	20:31:11.767	1.25325	1.25330			6
2024.12.26	20:31:12.076		1.25331			4
2024.12.26	20:31:14.233		1.25330			4
2024.12.26	20:31:15.768		1.25331			4
2024.12.26	20:31:20.059	1.25326				2
2024.12.26	20:31:20.366	1.25325				2
2024.12.26	20:31:24.345	1.25330	1.25335			6
2024.12.26	20:31:24.951	1.25325	1.25330			6
2024.12.26	20:31:25.257	1.25326	1.25331			6
2024.12.26	20:31:25.559	1.25324	1.25330			6
2024.12.26	20:31:25.866	1.25325				2
2024.12.26	20:31:28.315	1.25324				2
2024.12.26	20:31:32.284	1.25329	1.25333			6
2024.12.26	20:31:32.588	1.25331	1.25336			6
2024.12.26	20:31:32.892	1.25333	1.25338			6
2024.12.26	20:31:33.195	1.25335	1.25340			6
2024.12.26	20:31:34.733	1.25336	1.25341			6
2024.12.26	20:31:36.582	1.25334	1.25340			6
2024.12.26	20:31:37.198	1.25336	1.25341			6
2024.12.26	20:31:38.428	1.25335				2
2024.12.26	20:31:38.733	1.25334	1.25339			6
2024.12.26	20:31:39.655		1.25340			4
2024.12.26	20:31:42.726	1.25335				2
2024.12.26	20:31:43.028	1.25334	1.25339			6
2024.12.26	20:31:43.650		1.25340			4
2024.12.26	20:31:45.485		1.25339			4
2024.12.26	20:31:49.764		1.25340			4
2024.12.26	20:31:51.617	1.25335	1.25341			6
2024.12.26	20:31:52.229	1.25334	1.25340			6
2024.12.26	20:31:52.535	1.25336				2
2024.12.26	20:31:52.845	1.25337	1.25343			6
2024.12.26	20:31:54.068	1.25336	1.25342			6
2024.12.26	20:31:54.379	1.25337				2
2024.12.26	20:31:54.987	1.25339	1.25344			6
2024.12.26	20:31:55.296	1.25338	1.25343			6
2024.12.26	20:31:56.209	1.25337	1.25342			6
2024.12.26	20:31:56.514	1.25336	1.25341			6
2024.12.26	20:31:57.740	1.25334	1.25340			6
2024.12.26	20:31:58.352	1.25335				2
2024.12.26	20:32:00.191	1.25335				2
2024.12.26	20:32:02.331	1.25336	1.25341			6
2024.12.26	20:32:02.949	1.25338	1.25344			6
2024.12.26	20:32:04.173	1.25341				2
2024.12.26	20:32:06.316	1.25338	1.25342			6
2024.12.26	20:32:06.627		1.25343			4
2024.12.26	20:32:11.817	1.25337	1.25342			6
2024.12.26	20:32:12.735	1.25336	1.25339			6
2024.12.26	20:32:13.042	1.25334				2
2024.12.26	20:32:14.572		1.25340			4
2024.12.26	20:32:16.716		1.25339			4
2024.12.26	20:32:17.025	1.25335	1.25340			6
2024.12.26	20:32:18.550		1.25339			4
2024.12.26	20:32:18.855		1.25340			4
2024.12.26	20:32:19.465	1.25334				2
2024.12.26	20:32:19.772		1.25339			4
2024.12.26	20:32:21.605		1.25338			4
2024.12.26	20:32:25.279		1.25339			4
2024.12.26	20:32:25.887		1.25338			4
2024.12.26	20:32:26.801		1.25339			4
2024.12.26	20:32:30.767		1.25338			4
2024.12.26	20:32:32.300		1.25337			4
2024.12.26	20:32:32.601	1.25333				2
2024.12.26	20:32:33.812	1.25332	1.25336			6
2024.12.26	20:32:34.418	1.25331				2
2024.12.26	20:32:35.334	1.25332	1.25337			6
2024.12.26	20:32:36.561	1.25331	1.25336			6
2024.12.26	20:32:37.483	1.25332	1.25337			6
2024.12.26	20:32:37.790	1.25333				2
2024.12.26	20:32:38.095		1.25338			4
2024.12.26	20:32:38.399	1.25334	1.25339			6
2024.12.26	20:32:38.705	1.25335	1.25340			6
2024.12.26	20:32:39.013	1.25334	1.25339			6
2024.12.26	20:32:44.864	1.25335				2
2024.12.26	20:32:45.167	1.25330	1.25331			6
2024.12.26	20:32:45.477	1.25325	1.25328			6
2024.12.26	20:32:45.789		1.25330			4
2024.12.26	20:32:46.098	1.25324				2
2024.12.26	20:32:48.250		1.25328			4
2024.12.26	20:32:51.638		1.25329			4
2024.12.26	20:32:51.944		1.25330			4
2024.12.26	20:32:55.005	1.25325	1.25331			6
2024.12.26	20:32:55.632		1.25330			4
2024.12.26	20:32:56.551	1.25324				2
2024.12.26	20:32:58.088		1.25329			4
2024.12.26	20:32:58.702	1.25327	1.25330			6
2024.12.26	20:32:59.011	1.25330	1.25335			6
2024.12.26	20:33:00.233	1.25329	1.25334			6
2024.12.26	20:33:02.079		1.25335			4
2024.12.26	20:33:02.385	1.25330	1.25336			6
2024.12.26	20:33:03.313	1.25328	1.25334			6
2024.12.26	20:33:04.235	1.25330	1.25335			6
2024.12.26	20:33:04.548		1.25334			4
2024.12.26	20:33:05.467	1.25331	1.25336			6
2024.12.26	20:33:06.084	1.25330	1.25335			6
2024.12.26	20:33:06.706	1.25332	1.25337			6
2024.12.26	20:33:08.858		1.25338			4
2024.12.26	20:33:09.168		1.25337			4
2024.12.26	20:33:09.475		1.25338			4
2024.12.26	20:33:10.089		1.25337			4
2024.12.26	20:33:11.910	1.25333	1.25338			6
2024.12.26	20:33:12.526		1.25337			4
2024.12.26	20:33:12.826		1.25338			4
2024.12.26	20:33:13.133	1.25334	1.25339			6
2024.12.26	20:33:18.961		1.25340			4
2024.12.26	20:33:19.262	1.25335				2
2024.12.26	20:33:19.581	1.25334				2
2024.12.26	20:33:21.118	1.25335				2
2024.12.26	20:33:24.804	1.25334	1.25339			6
2024.12.26	20:33:25.112		1.25340			4
2024.12.26	20:33:25.720	1.25333	1.25338			6
2024.12.26	20:33:26.022	1.25334	1.25339			6
2024.12.26	20:33:26.940	1.25333	1.25338			6
2024.12.26	20:33:27.246	1.25334	1.25339			6
2024.12.26	20:33:27.551		1.25340			4
2024.12.26	20:33:28.772		1.25339			4
2024.12.26	20:33:33.357	1.25333	1.25338			6
2024.12.26	20:33:33.664	1.25332	1.25336			6
2024.12.26	20:33:33.967	1.25331	1.25335			6
2024.12.26	20:33:34.282	1.25332	1.25337			6
2024.12.26	20:33:34.590	1.25331	1.25336			6
2024.12.26	20:33:36.744	1.25332	1.25337			6
2024.12.26	20:33:37.055		1.25336			4
2024.12.26	20:33:37.663	1.25330	1.25335			6
2024.12.26	20:33:39.203	1.25332				2
2024.12.26	20:33:39.507	1.25331				2
2024.12.26	20:33:41.653	1.25330	1.25334			6
2024.12.26	20:33:45.042	1.25329	1.25333			6
2024.12.26	20:33:47.183	1.25330	1.25334			6
2024.12.26	20:33:47.490	1.25334	1.25339			6
2024.12.26	20:33:48.098		1.25340			4
2024.12.26	20:33:48.716		1.25339			4
2024.12.26	20:33:50.248		1.25338			4
2024.12.26	20:33:50.562		1.25339			4
2024.12.26	20:33:52.098		1.25338			4
2024.12.26	20:33:52.712		1.25339			4
2024.12.26	20:33:54.252		1.25340			4
2024.12.26	20:33:54.560	1.25335				2
2024.12.26	20:33:56.717	1.25340	1.25345			6
2024.12.26	20:33:57.033	1.25339				2
2024.12.26	20:33:57.335		1.25344			4
2024.12.26	20:33:58.258	1.25337	1.25342			6
2024.12.26	20:33:58.562	1.25338	1.25343			6
2024.12.26	20:34:00.105	1.25340	1.25344			6
2024.12.26	20:34:00.722	1.25339				2
2024.12.26	20:34:02.262		1.25343			4
2024.12.26	20:34:02.569		1.25344			4
2024.12.26	20:34:03.179	1.25338	1.25343			6
2024.12.26	20:34:09.322		1.25342			4
2024.12.26	20:34:10.231	1.25337				2
2024.12.26	20:34:11.148	1.25338	1.25343			6
2024.12.26	20:34:12.679	1.25339	1.25344			6
2024.12.26	20:34:13.286	1.25340	1.25345			6
2024.12.26	20:34:13.605		1.25344			4
2024.12.26	20:34:14.832	1.25338	1.25342			6
2024.12.26	20:34:15.140	1.25335	1.25340			6
2024.12.26	20:34:16.676	1.25336	1.25341			6
2024.12.26	20:34:16.983	1.25334	1.25337			6
2024.12.26	20:34:17.286	1.25333				2
2024.12.26	20:34:17.904	1.25334				2
2024.12.26	20:34:18.218		1.25339			4
2024.12.26	20:34:18.834		1.25338			4
2024.12.26	20:34:19.449		1.25337			4
2024.12.26	20:34:19.758		1.25338			4
2024.12.26	20:34:20.065		1.25337			4
2024.12.26	20:34:20.672	1.25333	1.25336			6
2024.12.26	20:34:20.985	1.25331				2
2024.12.26	20:34:21.601	1.25332				2
2024.12.26	20:34:22.519	1.25333	1.25338			6
2024.12.26	20:34:27.752		1.25337			4
2024.12.26	20:34:29.912	1.25332				2
2024.12.26	20:34:30.218	1.25333	1.25338			6
2024.12.26	20:34:30.525	1.25334				2
2024.12.26	20:34:32.367		1.25339			4
2024.12.26	20:34:32.969		1.25338			4
2024.12.26	20:34:34.207	1.25333	1.25337			6
2024.12.26	20:34:36.363	1.25335	1.25339			6
2024.12.26	20:34:36.671	1.25334				2
2024.12.26	20:34:36.974		1.25338			4
2024.12.26	20:34:38.824	1.25329	1.25333			6
2024.12.26	20:34:39.127	1.25327	1.25330			6
2024.12.26	20:34:39.749	1.25328	1.25331			6
2024.12.26	20:34:56.289	1.25330	1.25333			6
2024.12.26	20:34:57.820	1.25328				2
2024.12.26	20:34:58.430		1.25331			4
2024.12.26	20:34:59.656	1.25321	1.25323			6
2024.12.26	20:35:00.271	1.25321				2
2024.12.26	20:35:00.574	1.25320				2
2024.12.26	20:35:01.801	1.25317	1.25321			6
2024.12.26	20:35:02.105		1.25320			4
2024.12.26	20:35:03.948	1.25320	1.25323			6
2024.12.26	20:35:04.256	1.25322	1.25325			6
2024.12.26	20:35:04.563	1.25321	1.25327			6
2024.12.26	20:35:04.865	1.25323				2
2024.12.26	20:35:09.479	1.25322				2
2024.12.26	20:35:09.786	1.25323				2
2024.12.26	20:35:10.101	1.25322				2
2024.12.26	20:35:11.080	1.25323				2
2024.12.26	20:35:12.620	1.25320	1.25324			6
2024.12.26	20:35:12.928	1.25323	1.25327			6
2024.12.26	20:35:13.854		1.25328			4
2024.12.26	20:35:14.163		1.25327			4
2024.12.26	20:35:16.317		1.25328			4
2024.12.26	20:35:16.930		1.25327			4
2024.12.26	20:35:20.609	1.25326	1.25330			6
2024.12.26	20:35:21.531	1.25327				2
2024.12.26	20:35:22.141	1.25326				2
2024.12.26	20:35:24.280	1.25327				2
2024.12.26	20:35:30.071	1.25325	1.25328			6
2024.12.26	20:35:31.293		1.25329			4
2024.12.26	20:35:32.511	1.25326				2
2024.12.26	20:35:32.818	1.25325				2
2024.12.26	20:35:38.927	1.25326				2
2024.12.26	20:35:39.846	1.25325				2
2024.12.26	20:35:43.213	1.25332	1.25335			6
2024.12.26	20:35:43.519	1.25331				2
2024.12.26	20:35:44.127		1.25336			4
2024.12.26	20:35:46.276	1.25332	1.25337			6
2024.12.26	20:35:46.583		1.25338			4
2024.12.26	20:35:47.499	1.25335	1.25339			6
2024.12.26	20:35:48.728	1.25336				2
2024.12.26	20:35:49.955	1.25339	1.25342			6
2024.12.26	20:35:51.490		1.25341			4
2024.12.26	20:35:51.793	1.25338				2
2024.12.26	20:35:52.097	1.25339	1.25342			6
2024.12.26	20:35:52.409		1.25343			4
2024.12.26	20:35:56.410	1.25335	1.25339			6
2024.12.26	20:35:56.719		1.25338			4
2024.12.26	20:35:57.950		1.25339			4
2024.12.26	20:35:58.567	1.25334	1.25338			6
2024.12.26	20:35:58.873	1.25331	1.25337			6
2024.12.26	20:35:59.493	1.25333				2
2024.12.26	20:36:00.114	1.25333				2
2024.12.26	20:36:00.417	1.25334	1.25339			6
2024.12.26	20:36:03.185	1.25332	1.25337			6
2024.12.26	20:36:09.942	1.25333				2
2024.12.26	20:36:10.246	1.25336	1.25340			6
2024.12.26	20:36:10.555	1.25339	1.25344			6
2024.12.26	20:36:11.477	1.25341	1.25345			6
2024.12.26	20:36:14.550		1.25344			4
2024.12.26	20:36:15.174		1.25345			4
2024.12.26	20:36:16.402	1.25343	1.25348			6
2024.12.26	20:36:16.710	1.25341				2
2024.12.26	20:36:17.324		1.25347			4
2024.12.26	20:36:18.249	1.25343				2
2024.12.26	20:36:22.857		1.25348			4
2024.12.26	20:36:23.781	1.25344				2
2024.12.26	20:36:24.397	1.25346	1.25351			6
2024.12.26	20:36:24.704	1.25347	1.25352			6
2024.12.26	20:36:25.629	1.25346	1.25351			6
2024.12.26	20:36:28.098	1.25347	1.25352			6
2024.12.26	20:36:29.329	1.25346	1.25351			6
2024.12.26	20:36:31.177	1.25348				2
2024.12.26	20:36:31.487	1.25358	1.25361			6
2024.12.26	20:36:31.795	1.25360				2
2024.12.26	20:36:32.097	1.25359	1.25363			6
2024.12.26	20:36:32.409	1.25361	1.25365			6
2024.12.26	20:36:33.023	1.25363	1.25366			6
2024.12.26	20:36:33.640	1.25360	1.25364			6
2024.12.26	20:36:34.867	1.25361	1.25365			6
2024.12.26	20:36:35.177		1.25364			4
2024.12.26	20:36:37.027	1.25360				2
2024.12.26	20:36:39.490	1.25363	1.25366			6
2024.12.26	20:36:39.800	1.25362	1.25368			6
2024.12.26	20:36:40.418	1.25361	1.25365			6
2024.12.26	20:36:40.727	1.25360	1.25367			6
2024.12.26	20:36:41.346		1.25364			4
2024.12.26	20:36:43.189		1.25363			4
2024.12.26	20:36:44.115	1.25361	1.25364			6
2024.12.26	20:36:45.039	1.25360	1.25363			6
2024.12.26	20:36:45.350		1.25364			4
2024.12.26	20:36:45.655	1.25359	1.25363			6
2024.12.26	20:36:47.807	1.25360	1.25364			6
2024.12.26	20:36:49.040	1.25361				2
2024.12.26	20:36:52.103	1.25360				2
2024.12.26	20:36:53.637	1.25361	1.25365			6
2024.12.26	20:36:54.859	1.25359	1.25363			6
2024.12.26	20:36:56.086	1.25360	1.25364			6
2024.12.26	20:37:00.065	1.25360				2
2024.12.26	20:37:00.370	1.25359	1.25363			6
2024.12.26	20:37:01.592	1.25358	1.25362			6
2024.12.26	20:37:02.206	1.25360	1.25364			6
2024.12.26	20:37:02.817	1.25359	1.25363			6
2024.12.26	20:37:03.123	1.25360	1.25364			6
2024.12.26	20:37:03.429	1.25359	1.25363			6
2024.12.26	20:37:03.739	1.25360	1.25364			6
2024.12.26	20:37:06.492	1.25354	1.25358			6
2024.12.26	20:37:06.795	1.25353	1.25357			6
2024.12.26	20:37:07.710	1.25349	1.25352			6
2024.12.26	20:37:08.018	1.25344	1.25348			6
2024.12.26	20:37:08.323	1.25345				2
2024.12.26	20:37:08.635		1.25349			4
2024.12.26	20:37:09.857	1.25344	1.25348			6
2024.12.26	20:37:10.162	1.25341	1.25347			6
2024.12.26	20:37:10.471	1.25342				2
2024.12.26	20:37:10.781	1.25337	1.25341			6
2024.12.26	20:37:11.083	1.25335	1.25339			6
2024.12.26	20:37:11.396	1.25336	1.25340			6
2024.12.26	20:37:12.322	1.25335	1.25339			6
2024.12.26	20:37:13.241	1.25342	1.25346			6
2024.12.26	20:37:13.548		1.25348			4
2024.12.26	20:37:17.234	1.25346	1.25351			6
2024.12.26	20:37:18.468	1.25345	1.25350			6
2024.12.26	20:37:21.228	1.25344				2
2024.12.26	20:37:21.844	1.25345	1.25351			6
2024.12.26	20:37:22.145	1.25349	1.25354			6
2024.12.26	20:37:23.687	1.25350				2
2024.12.26	20:37:25.844	1.25349	1.25353			6
2024.12.26	20:37:27.384	1.25348				2
2024.12.26	20:37:28.922	1.25340	1.25341			6
2024.12.26	20:37:29.224	1.25338	1.25343			6
2024.12.26	20:37:29.541	1.25339	1.25344			6
2024.12.26	20:37:29.845	1.25340				2
2024.12.26	20:37:30.149	1.25336	1.25341			6
2024.12.26	20:37:30.464	1.25333	1.25338			6
2024.12.26	20:37:30.768	1.25332	1.25337			6
2024.12.26	20:37:31.986	1.25336	1.25341			6
2024.12.26	20:37:32.293	1.25335	1.25340			6
2024.12.26	20:37:32.910	1.25336				2
2024.12.26	20:37:36.292	1.25335	1.25339			6
2024.12.26	20:37:38.441	1.25334	1.25337			6
2024.12.26	20:37:38.748	1.25331				2
2024.12.26	20:37:41.521	1.25330	1.25335			6
2024.12.26	20:37:41.823	1.25331	1.25336			6
2024.12.26	20:37:44.584	1.25334	1.25339			6
2024.12.26	20:37:44.898		1.25338			4
2024.12.26	20:37:45.207	1.25333				2
2024.12.26	20:37:45.825	1.25332	1.25337			6
2024.12.26	20:37:46.138	1.25331				2
2024.12.26	20:37:52.582	1.25332				2
2024.12.26	20:37:52.888	1.25335	1.25339			6
2024.12.26	20:37:54.114	1.25333				2
2024.12.26	20:37:54.732	1.25334				2
2024.12.26	20:37:55.040	1.25335				2
2024.12.26	20:37:56.889		1.25338			4
2024.12.26	20:37:57.198	1.25333	1.25339			6
2024.12.26	20:37:57.503	1.25335				2
2024.12.26	20:37:59.655	1.25336				2
2024.12.26	20:38:00.269	1.25336				2
2024.12.26	20:38:00.576	1.25330	1.25335			6
2024.12.26	20:38:00.883		1.25336			4
2024.12.26	20:38:01.186	1.25331	1.25334			6
2024.12.26	20:38:01.493		1.25335			4
2024.12.26	20:38:03.324	1.25332				2
2024.12.26	20:38:03.630	1.25331				2
2024.12.26	20:38:04.547	1.25332				2
2024.12.26	20:38:04.853	1.25331				2
2024.12.26	20:38:05.772	1.25332				2
2024.12.26	20:38:06.384	1.25331				2
2024.12.26	20:38:07.615	1.25332				2
2024.12.26	20:38:08.225	1.25331				2
2024.12.26	20:38:08.833		1.25334			4
2024.12.26	20:38:09.139	1.25330				2
2024.12.26	20:38:09.444	1.25331				2
2024.12.26	20:38:12.192	1.25328	1.25333			6
2024.12.26	20:38:12.805	1.25331	1.25335			6
2024.12.26	20:38:14.024	1.25322	1.25327			6
2024.12.26	20:38:14.327	1.25323	1.25328			6
2024.12.26	20:38:18.319	1.25321	1.25325			6
2024.12.26	20:38:19.545	1.25320	1.25323			6
2024.12.26	20:38:19.849	1.25316	1.25320			6
2024.12.26	20:38:20.154	1.25317	1.25321			6
2024.12.26	20:38:20.459	1.25315	1.25319			6
2024.12.26	20:38:20.766	1.25316	1.25320			6
2024.12.26	20:38:21.070	1.25321	1.25325			6
2024.12.26	20:38:21.681	1.25322				2
2024.12.26	20:38:21.987	1.25320	1.25327			6
2024.12.26	20:38:22.291		1.25323			4
2024.12.26	20:38:23.822		1.25325			4
2024.12.26	20:38:24.127		1.25324			4
2024.12.26	20:38:25.353	1.25321	1.25327			6
2024.12.26	20:38:25.960	1.25322	1.25328			6
2024.12.26	20:38:26.262	1.25323	1.25329			6
2024.12.26	20:38:26.875	1.25325				2
2024.12.26	20:38:27.180	1.25324				2
2024.12.26	20:38:27.792	1.25325				2
2024.12.26	20:38:28.703		1.25328			4
2024.12.26	20:38:29.006		1.25329			4
2024.12.26	20:38:33.907		1.25328			4
2024.12.26	20:38:34.821	1.25322	1.25329			6
2024.12.26	20:38:35.430	1.25323				2
2024.12.26	20:38:35.737	1.25325				2
2024.12.26	20:38:36.040	1.25323	1.25328			6
2024.12.26	20:38:36.345	1.25322	1.25326			6
2024.12.26	20:38:36.653	1.25321	1.25324			6
2024.12.26	20:38:36.961	1.25322	1.25325			6
2024.12.26	20:38:37.882	1.25321				2
2024.12.26	20:38:38.190	1.25324	1.25328			6
2024.12.26	20:38:38.495	1.25323				2
2024.12.26	20:38:40.334	1.25324				2
2024.12.26	20:38:40.954		1.25329			4
2024.12.26	20:38:42.186	1.25323	1.25328			6
2024.12.26	20:38:42.490	1.25324	1.25327			6
2024.12.26	20:38:43.103	1.25325	1.25328			6
2024.12.26	20:38:44.943	1.25324				2
2024.12.26	20:38:46.484	1.25323	1.25327			6
2024.12.26	20:38:47.460	1.25324	1.25328			6
2024.12.26	20:38:48.376	1.25325	1.25329			6
2024.12.26	20:38:51.130		1.25328			4
2024.12.26	20:38:52.342	1.25324	1.25327			6
2024.12.26	20:38:52.650		1.25328			4
2024.12.26	20:38:52.956	1.25329	1.25333			6
2024.12.26	20:38:53.261	1.25328				2
2024.12.26	20:38:53.569	1.25330	1.25335			6
2024.12.26	20:38:54.484	1.25331				2
2024.12.26	20:38:55.095	1.25329	1.25333			6
2024.12.26	20:38:55.404	1.25330				2
2024.12.26	20:38:56.638	1.25326	1.25332			6
2024.12.26	20:38:56.942	1.25327	1.25330			6
2024.12.26	20:38:57.257	1.25326				2
2024.12.26	20:38:57.564	1.25327				2
2024.12.26	20:38:57.870		1.25331			4
2024.12.26	20:38:58.180		1.25330			4
2024.12.26	20:38:58.796		1.25331			4
2024.12.26	20:38:59.716	1.25328				2
2024.12.26	20:39:00.024	1.25327	1.25330			6
2024.12.26	20:39:01.563	1.25328	1.25331			6
2024.12.26	20:39:01.870	1.25327				2
2024.12.26	20:39:04.325	1.25328				2
2024.12.26	20:39:04.632	1.25330	1.25334			6
2024.12.26	20:39:05.250	1.25329	1.25333			6
2024.12.26	20:39:05.861	1.25327	1.25332			6
2024.12.26	20:39:11.662	1.25329	1.25333			6
2024.12.26	20:39:15.935		1.25332			4
2024.12.26	20:39:17.765	1.25330	1.25334			6
2024.12.26	20:39:18.682	1.25329	1.25332			6
2024.12.26	20:39:20.211		1.25333			4
2024.12.26	20:39:21.127	1.25330				2
2024.12.26	20:39:21.740	1.25322	1.25323			6
2024.12.26	20:39:22.047	1.25323	1.25324			6
2024.12.26	20:39:22.353	1.25317	1.25321			6
2024.12.26	20:39:23.268		1.25323			4
2024.12.26	20:39:26.335	1.25320	1.25324			6
2024.12.26	20:39:27.257		1.25323			4
2024.12.26	20:39:27.566	1.25317				2
2024.12.26	20:39:28.181	1.25319				2
2024.12.26	20:39:28.482	1.25320	1.25324			6
2024.12.26	20:39:29.086		1.25323			4
2024.12.26	20:39:31.546	1.25318				2
2024.12.26	20:39:31.849	1.25319				2
2024.12.26	20:39:32.150	1.25318				2
2024.12.26	20:39:32.452	1.25317				2
2024.12.26	20:39:35.530	1.25320	1.25324			6
2024.12.26	20:39:40.740		1.25323			4
2024.12.26	20:39:48.698	1.25319				2
2024.12.26	20:39:49.627	1.25320				2
2024.12.26	20:39:51.155		1.25324			4
2024.12.26	20:39:59.725	1.25328	1.25330			6
2024.12.26	20:40:00.027	1.25323	1.25327			6
2024.12.26	20:40:00.646	1.25322				2
2024.12.26	20:40:01.255	1.25321	1.25326			6
2024.12.26	20:40:01.566	1.25317	1.25320			6
2024.12.26	20:40:02.490		1.25321			4
2024.12.26	20:40:07.087	1.25312	1.25316			6
2024.12.26	20:40:07.393	1.25314	1.25318			6
2024.12.26	20:40:14.155		1.25317			4
2024.12.26	20:40:15.694	1.25310	1.25312			6
2024.12.26	20:40:16.000	1.25307	1.25311			6
2024.12.26	20:40:16.304	1.25309	1.25313			6
2024.12.26	20:40:17.849	1.25311	1.25315			6
2024.12.26	20:40:20.623		1.25314			4
2024.12.26	20:40:21.548		1.25315			4
2024.12.26	20:40:22.469		1.25314			4
2024.12.26	20:40:23.705		1.25315			4
2024.12.26	20:40:24.012	1.25312	1.25317			6
2024.12.26	20:40:24.321	1.25313	1.25318			6
2024.12.26	20:40:25.559	1.25311	1.25314			6
2024.12.26	20:40:25.868	1.25307	1.25311			6
2024.12.26	20:40:27.105		1.25312			4
2024.12.26	20:40:30.493	1.25303	1.25307			6
2024.12.26	20:40:30.799	1.25302				2
2024.12.26	20:40:31.104	1.25301	1.25305			6
2024.12.26	20:40:31.416		1.25306			4
2024.12.26	20:40:31.722	1.25300	1.25304			6
2024.12.26	20:40:32.026	1.25301	1.25305			6
2024.12.26	20:40:34.492		1.25304			4
2024.12.26	20:40:36.030	1.25299	1.25303			6
2024.12.26	20:40:36.331	1.25301	1.25304			6
2024.12.26	20:40:36.644	1.25300				2
2024.12.26	20:40:36.957		1.25303			4
2024.12.26	20:40:37.263		1.25304			4
2024.12.26	20:40:37.572	1.25299	1.25303			6
2024.12.26	20:40:37.878	1.25298				2
2024.12.26	20:40:38.492	1.25300				2
2024.12.26	20:40:38.801	1.25298				2
2024.12.26	20:40:39.420	1.25300	1.25304			6
2024.12.26	20:40:41.265	1.25301				2
2024.12.26	20:40:42.809	1.25300				2
2024.12.26	20:40:43.114		1.25303			4
2024.12.26	20:40:43.736		1.25304			4
2024.12.26	20:40:44.040	1.25299				2
2024.12.26	20:40:44.351	1.25302	1.25307			6
2024.12.26	20:40:44.966	1.25301	1.25305			6
2024.12.26	20:40:45.882	1.25300				2
2024.12.26	20:40:46.188	1.25302	1.25307			6
2024.12.26	20:40:46.496	1.25303	1.25308			6
2024.12.26	20:40:47.106	1.25302				2
2024.12.26	20:40:48.028		1.25307			4
2024.12.26	20:40:48.334	1.25301	1.25306			6
2024.12.26	20:40:48.638	1.25302				2
2024.12.26	20:40:52.005	1.25300	1.25305			6
2024.12.26	20:40:52.622		1.25304			4
2024.12.26	20:40:52.930		1.25305			4
2024.12.26	20:40:53.847	1.25299	1.25303			6
2024.12.26	20:41:00.289	1.25299	1.25302			6
2024.12.26	20:41:00.594	1.25298				2
2024.12.26	20:41:02.745	1.25296	1.25300			6
2024.12.26	20:41:03.047	1.25297	1.25301			6
2024.12.26	20:41:03.362	1.25298				2
2024.12.26	20:41:03.971		1.25302			4
2024.12.26	20:41:08.544	1.25297	1.25301			6
2024.12.26	20:41:14.344		1.25300			4
2024.12.26	20:41:16.773	1.25300	1.25303			6
2024.12.26	20:41:17.983	1.25298	1.25301			6
2024.12.26	20:41:23.508	1.25300	1.25303			6
2024.12.26	20:41:24.427	1.25301	1.25304			6
2024.12.26	20:41:28.081	1.25302	1.25305			6
2024.12.26	20:41:28.694	1.25303				2
2024.12.26	20:41:29.001	1.25302				2
2024.12.26	20:41:29.611	1.25301	1.25304			6
2024.12.26	20:41:33.295	1.25302	1.25305			6
2024.12.26	20:41:33.597	1.25301	1.25304			6
2024.12.26	20:41:35.131	1.25302	1.25305			6
2024.12.26	20:41:36.044	1.25301	1.25304			6
2024.12.26	20:41:36.656	1.25302	1.25305			6
2024.12.26	20:41:36.965	1.25301	1.25304			6
2024.12.26	20:41:37.272	1.25302	1.25305			6
2024.12.26	20:41:38.185		1.25304			4
2024.12.26	20:41:41.856	1.25303	1.25305			6
2024.12.26	20:41:44.291	1.25302	1.25304			6
2024.12.26	20:41:46.113	1.25303	1.25305			6
2024.12.26	20:41:47.025	1.25304	1.25306			6
2024.12.26	20:41:49.476	1.25305	1.25307			6
2024.12.26	20:41:49.787	1.25306	1.25308			6
2024.12.26	20:41:51.309	1.25305	1.25307			6
2024.12.26	20:41:52.534	1.25304	1.25306			6
2024.12.26	20:41:53.142	1.25305	1.25307			6
2024.12.26	20:41:56.816	1.25306	1.25308			6
2024.12.26	20:41:58.030	1.25309	1.25311			6
2024.12.26	20:41:58.337	1.25310	1.25312			6
2024.12.26	20:41:58.640	1.25311	1.25313			6
2024.12.26	20:41:59.247	1.25310				2
2024.12.26	20:42:00.162	1.25310				2
2024.12.26	20:42:01.382	1.25311	1.25314			6
2024.12.26	20:42:01.687	1.25312	1.25315			6
2024.12.26	20:42:01.993	1.25311	1.25314			6
2024.12.26	20:42:03.513	1.25310	1.25313			6
2024.12.26	20:42:03.824	1.25311	1.25314			6
2024.12.26	20:42:05.672	1.25310	1.25313			6
2024.12.26	20:42:06.903	1.25312	1.25315			6
2024.12.26	20:42:07.210	1.25311	1.25314			6
2024.12.26	20:42:08.136	1.25308	1.25310			6
2024.12.26	20:42:08.747	1.25309	1.25311			6
2024.12.26	20:42:12.439	1.25308				2
2024.12.26	20:42:13.361	1.25305	1.25308			6
2024.12.26	20:42:13.670	1.25300	1.25303			6
2024.12.26	20:42:14.285	1.25299	1.25304			6
2024.12.26	20:42:14.594	1.25300				2
2024.12.26	20:42:16.132	1.25299	1.25303			6
2024.12.26	20:42:17.054	1.25298				2
2024.12.26	20:42:18.586	1.25297				2
2024.12.26	20:42:19.204	1.25298				2
2024.12.26	20:42:19.516	1.25292	1.25296			6
2024.12.26	20:42:19.825	1.25291	1.25295			6
2024.12.26	20:42:20.133		1.25296			4
2024.12.26	20:42:20.746		1.25297			4
2024.12.26	20:42:21.661		1.25296			4
2024.12.26	20:42:24.131	1.25292	1.25298			6
2024.12.26	20:42:24.438	1.25296	1.25302			6
2024.12.26	20:42:27.201	1.25297				2
2024.12.26	20:42:32.433	1.25299				2
2024.12.26	20:42:32.744	1.25297				2
2024.12.26	20:42:33.657	1.25295	1.25300			6
2024.12.26	20:42:33.966	1.25296	1.25301			6
2024.12.26	20:42:35.197	1.25293	1.25298			6
2024.12.26	20:42:36.735		1.25299			4
2024.12.26	20:42:37.044		1.25298			4
2024.12.26	20:42:37.967	1.25291	1.25296			6
2024.12.26	20:42:38.270	1.25292				2
2024.12.26	20:42:38.583	1.25293	1.25297			6
2024.12.26	20:42:38.893	1.25290	1.25295			6
2024.12.26	20:42:39.198		1.25296			4
2024.12.26	20:42:39.810	1.25292	1.25297			6
2024.12.26	20:42:40.116	1.25291	1.25296			6
2024.12.26	20:42:41.963	1.25289				2
2024.12.26	20:42:42.268	1.25290				2
2024.12.26	20:42:42.887	1.25291				2
2024.12.26	20:42:44.734	1.25290	1.25295			6
2024.12.26	20:42:50.581	1.25291	1.25296			6
2024.12.26	20:42:51.196	1.25290				2
2024.12.26	20:42:51.502	1.25289	1.25293			6
2024.12.26	20:42:52.423	1.25288				2
2024.12.26	20:42:52.736	1.25287	1.25292			6
2024.12.26	20:42:53.046		1.25293			4
2024.12.26	20:42:53.357	1.25288				2
2024.12.26	20:42:55.506	1.25287				2
2024.12.26	20:42:57.354	1.25288				2
2024.12.26	20:42:58.585	1.25290	1.25294			6
2024.12.26	20:42:59.505	1.25291	1.25296			6
2024.12.26	20:43:00.120	1.25291				2
2024.12.26	20:43:00.428		1.25295			4
2024.12.26	20:43:04.122	1.25290				2
2024.12.26	20:43:08.126		1.25294			4
2024.12.26	20:43:10.256	1.25289	1.25293			6
2024.12.26	20:43:12.704	1.25288	1.25291			6
2024.12.26	20:43:13.313		1.25292			4
2024.12.26	20:43:13.928	1.25287	1.25291			6
2024.12.26	20:43:15.147	1.25288	1.25292			6
2024.12.26	20:43:19.118		1.25291			4
2024.12.26	20:43:30.756	1.25289	1.25292			6
2024.12.26	20:43:32.886	1.25290	1.25293			6
2024.12.26	20:43:33.191		1.25292			4
2024.12.26	20:43:34.105	1.25289	1.25291			6
2024.12.26	20:43:34.710	1.25290	1.25292			6
2024.12.26	20:43:36.234	1.25289	1.25291			6
2024.12.26	20:43:37.155	1.25291	1.25294			6
2024.12.26	20:43:38.383	1.25289	1.25292			6
2024.12.26	20:43:39.611	1.25290	1.25293			6
2024.12.26	20:43:41.136	1.25291				2
2024.12.26	20:43:41.753	1.25292	1.25294			6
2024.12.26	20:43:42.369		1.25295			4
2024.12.26	20:43:42.676	1.25291	1.25294			6
2024.12.26	20:43:44.195	1.25293	1.25295			6
2024.12.26	20:43:44.501	1.25292	1.25294			6
2024.12.26	20:43:45.719	1.25293	1.25295			6
2024.12.26	20:43:46.336	1.25292	1.25294			6
2024.12.26	20:43:46.643	1.25293	1.25295			6
2024.12.26	20:43:47.564	1.25292	1.25294			6
2024.12.26	20:43:47.871	1.25293	1.25295			6
2024.12.26	20:43:50.012	1.25292	1.25294			6
2024.12.26	20:43:50.317	1.25293	1.25295			6
2024.12.26	20:43:53.682	1.25294	1.25296			6
2024.12.26	20:43:56.736	1.25293	1.25295			6
2024.12.26	20:43:58.878	1.25292	1.25294			6
2024.12.26	20:43:59.797	1.25290	1.25292			6
2024.12.26	20:44:00.099	1.25290				2
2024.12.26	20:44:04.977	1.25291	1.25293			6
2024.12.26	20:44:05.590	1.25290	1.25292			6
2024.12.26	20:44:05.898	1.25289	1.25291			6
2024.12.26	20:44:10.782	1.25290	1.25292			6
2024.12.26	20:44:11.089	1.25291	1.25293			6
2024.12.26	20:44:19.330	1.25289	1.25291			6
2024.12.26	20:44:24.225	1.25287	1.25289			6
2024.12.26	20:44:24.528	1.25288	1.25290			6
2024.12.26	20:44:24.831	1.25289	1.25291			6
2024.12.26	20:44:29.120	1.25290	1.25292			6
2024.12.26	20:44:30.043	1.25291	1.25293			6
2024.12.26	20:44:34.011	1.25292	1.25294			6
2024.12.26	20:44:34.322	1.25299	1.25301			6
2024.12.26	20:44:34.630	1.25300	1.25302			6
2024.12.26	20:44:35.240	1.25299				2
2024.12.26	20:44:36.781	1.25298	1.25301			6
2024.12.26	20:44:38.315	1.25297	1.25300			6
2024.12.26	20:44:39.543	1.25296	1.25299			6
2024.12.26	20:44:40.158	1.25298	1.25301			6
2024.12.26	20:44:46.302		1.25300			4
2024.12.26	20:44:55.184	1.25302	1.25304			6
2024.12.26	20:44:55.487	1.25301	1.25303			6
2024.12.26	20:44:56.410	1.25302	1.25304			6
2024.12.26	20:44:56.716	1.25301	1.25303			6
2024.12.26	20:44:59.781	1.25300	1.25302			6
2024.12.26	20:45:00.089	1.25299	1.25301			6
2024.12.26	20:45:01.313	1.25300	1.25302			6
2024.12.26	20:45:02.536	1.25299	1.25301			6
2024.12.26	20:45:05.609	1.25301	1.25303			6
2024.12.26	20:45:05.914	1.25299	1.25301			6
2024.12.26	20:45:07.141	1.25297	1.25300			6
2024.12.26	20:45:08.067	1.25296	1.25299			6
2024.12.26	20:45:10.218	1.25297				2
2024.12.26	20:45:11.431	1.25296	1.25298			6
2024.12.26	20:45:14.184	1.25297	1.25299			6
2024.12.26	20:45:14.488	1.25298	1.25300			6
2024.12.26	20:45:15.705	1.25299	1.25301			6
2024.12.26	20:45:16.017	1.25298	1.25300			6
2024.12.26	20:45:16.940	1.25300	1.25302			6
2024.12.26	20:45:19.390	1.25298	1.25300			6
2024.12.26	20:45:20.299	1.25297	1.25299			6
2024.12.26	20:45:21.517	1.25296	1.25298			6
2024.12.26	20:45:26.714	1.25300	1.25302			6
2024.12.26	20:45:27.021	1.25302	1.25304			6
2024.12.26	20:45:27.624	1.25301	1.25303			6
2024.12.26	20:45:28.236		1.25304			4
2024.12.26	20:45:30.390	1.25300	1.25303			6
2024.12.26	20:45:40.226		1.25302			4
2024.12.26	20:45:42.350	1.25299	1.25301			6
2024.12.26	20:45:46.625	1.25300	1.25302			6
2024.12.26	20:45:49.693	1.25295	1.25297			6
2024.12.26	20:45:50.306	1.25294				2
2024.12.26	20:45:51.844	1.25297	1.25299			6
2024.12.26	20:45:52.157	1.25294	1.25297			6
2024.12.26	20:45:54.924	1.25295	1.25298			6
2024.12.26	20:45:55.852	1.25294	1.25297			6
2024.12.26	20:45:59.242	1.25295				2
2024.12.26	20:46:00.158	1.25294	1.25296			6
2024.12.26	20:46:01.677	1.25292	1.25294			6
2024.12.26	20:46:03.517	1.25291	1.25293			6
2024.12.26	20:46:06.280	1.25293	1.25295			6
2024.12.26	20:46:06.581	1.25291	1.25293			6
2024.12.26	20:46:10.876	1.25290	1.25292			6
2024.12.26	20:46:11.179	1.25289	1.25291			6
2024.12.26	20:46:11.487	1.25290	1.25292			6
2024.12.26	20:46:13.318	1.25289	1.25291			6
2024.12.26	20:46:16.075		1.25290			4
2024.12.26	20:46:17.613		1.25291			4
2024.12.26	20:46:19.458	1.25290	1.25292			6
2024.12.26	20:46:19.766	1.25292	1.25294			6
2024.12.26	20:46:25.003	1.25291	1.25293			6
2024.12.26	20:46:30.213	1.25290	1.25292			6
2024.12.26	20:46:35.410	1.25291	1.25293			6
2024.12.26	20:46:36.639	1.25293	1.25295			6
2024.12.26	20:46:36.945	1.25292	1.25294			6
2024.12.26	20:46:46.761	1.25305	1.25306			6
2024.12.26	20:46:47.066	1.25311	1.25313			6
2024.12.26	20:46:47.368		1.25314			4
2024.12.26	20:46:47.677		1.25315			4
2024.12.26	20:46:47.981	1.25313	1.25317			6
2024.12.26	20:46:48.282		1.25318			4
2024.12.26	20:46:48.907	1.25310	1.25315			6
2024.12.26	20:46:51.055		1.25316			4
2024.12.26	20:46:56.268		1.25317			4
2024.12.26	20:46:56.570	1.25312	1.25319			6
2024.12.26	20:46:56.881	1.25314	1.25320			6
2024.12.26	20:46:57.496	1.25316	1.25321			6
2024.12.26	20:46:57.802	1.25318	1.25324			6
2024.12.26	20:46:58.104		1.25325			4
2024.12.26	20:46:58.418	1.25320	1.25327			6
2024.12.26	20:46:58.728	1.25317	1.25322			6
2024.12.26	20:46:59.343		1.25323			4
2024.12.26	20:46:59.648		1.25322			4
2024.12.26	20:46:59.956	1.25316				2
2024.12.26	20:47:00.262	1.25315	1.25320			6
2024.12.26	20:47:00.571	1.25312	1.25317			6
2024.12.26	20:47:00.873		1.25318			4
2024.12.26	20:47:02.722	1.25314	1.25319			6
2024.12.26	20:47:03.031	1.25316	1.25321			6
2024.12.26	20:47:03.337	1.25318	1.25323			6
2024.12.26	20:47:03.950	1.25317				2
2024.12.26	20:47:04.874	1.25315	1.25320			6
2024.12.26	20:47:06.094	1.25312	1.25318			6
2024.12.26	20:47:06.707	1.25310	1.25316			6
2024.12.26	20:47:07.940		1.25315			4
2024.12.26	20:47:11.629		1.25316			4
2024.12.26	20:47:11.934		1.25317			4
2024.12.26	20:47:12.243		1.25318			4
2024.12.26	20:47:13.770	1.25311				2
2024.12.26	20:47:14.079		1.25316			4
2024.12.26	20:47:14.692	1.25310	1.25315			6
2024.12.26	20:47:15.001	1.25311	1.25317			6
2024.12.26	20:47:15.303		1.25316			4
2024.12.26	20:47:15.616		1.25317			4
2024.12.26	20:47:15.923	1.25310	1.25316			6
2024.12.26	20:47:16.230		1.25317			4
2024.12.26	20:47:16.535	1.25311				2
2024.12.26	20:47:18.067		1.25316			4
2024.12.26	20:47:18.378		1.25317			4
2024.12.26	20:47:18.678		1.25316			4
2024.12.26	20:47:20.220	1.25310	1.25317			6
2024.12.26	20:47:20.835		1.25316			4
2024.12.26	20:47:22.068	1.25308	1.25313			6
2024.12.26	20:47:22.375	1.25304	1.25310			6
2024.12.26	20:47:22.686	1.25301	1.25308			6
2024.12.26	20:47:23.916	1.25302				2
2024.12.26	20:47:24.841		1.25307			4
2024.12.26	20:47:25.146	1.25301	1.25306			6
2024.12.26	20:47:25.454	1.25300	1.25307			6
2024.12.26	20:47:28.527	1.25301	1.25308			6
2024.12.26	20:47:28.835	1.25302				2
2024.12.26	20:47:29.455	1.25301				2
2024.12.26	20:47:30.064	1.25302				2
2024.12.26	20:47:30.364	1.25301				2
2024.12.26	20:47:30.682	1.25300	1.25307			6
2024.12.26	20:47:30.985	1.25301				2
2024.12.26	20:47:32.211	1.25300	1.25305			6
2024.12.26	20:47:33.136		1.25306			4
2024.12.26	20:47:33.444		1.25305			4
2024.12.26	20:47:34.061	1.25299				2
2024.12.26	20:47:34.365		1.25304			4
2024.12.26	20:47:35.602		1.25305			4
2024.12.26	20:47:38.986		1.25304			4
2024.12.26	20:47:39.287	1.25297	1.25302			6
2024.12.26	20:47:40.525	1.25296				2
2024.12.26	20:47:40.830		1.25303			4
2024.12.26	20:47:42.984	1.25297	1.25302			6
2024.12.26	20:47:43.287	1.25296				2
2024.12.26	20:47:46.380	1.25297				2
2024.12.26	20:47:47.918	1.25300	1.25306			6
2024.12.26	20:47:48.229		1.25307			4
2024.12.26	20:47:49.462		1.25306			4
2024.12.26	20:47:53.161	1.25299	1.25305			6
2024.12.26	20:47:58.081	1.25300				2
2024.12.26	20:47:58.698		1.25306			4
2024.12.26	20:48:00.236	1.25300	1.25305			6
2024.12.26	20:48:01.164		1.25304			4
2024.12.26	20:48:02.090		1.25305			4
2024.12.26	20:48:02.394		1.25304			4
2024.12.26	20:48:02.703		1.25305			4
2024.12.26	20:48:06.404	1.25297	1.25301			6
2024.12.26	20:48:06.708	1.25296				2
2024.12.26	20:48:07.028	1.25295				2
2024.12.26	20:48:07.329		1.25300			4
2024.12.26	20:48:07.948	1.25296				2
2024.12.26	20:48:08.562	1.25295				2
2024.12.26	20:48:11.028	1.25292	1.25298			6
2024.12.26	20:48:12.261	1.25293				2
2024.12.26	20:48:12.866	1.25292	1.25297			6
2024.12.26	20:48:14.112	1.25293				2
2024.12.26	20:48:14.424	1.25292	1.25298			6
2024.12.26	20:48:14.725	1.25293				2
2024.12.26	20:48:15.035	1.25292				2
2024.12.26	20:48:16.886	1.25293				2
2024.12.26	20:48:17.195	1.25292	1.25297			6
2024.12.26	20:48:17.499	1.25293				2
2024.12.26	20:48:18.729		1.25298			4
2024.12.26	20:48:23.041	1.25292	1.25297			6
2024.12.26	20:48:25.504	1.25291	1.25295			6
2024.12.26	20:48:28.279	1.25290	1.25294			6
2024.12.26	20:48:28.587		1.25295			4
2024.12.26	20:48:29.505	1.25289	1.25294			6
2024.12.26	20:48:30.119	1.25290				2
2024.12.26	20:48:30.737	1.25289	1.25293			6
2024.12.26	20:48:31.350	1.25290	1.25294			6
2024.12.26	20:48:31.958	1.25291	1.25295			6
2024.12.26	20:48:32.571	1.25290	1.25294			6
2024.12.26	20:48:33.492	1.25291	1.25295			6
2024.12.26	20:48:40.495	1.25292	1.25296			6
2024.12.26	20:48:40.796	1.25291	1.25295			6
2024.12.26	20:48:44.158	1.25292				2
2024.12.26	20:48:44.461	1.25293	1.25296			6
2024.12.26	20:48:46.589	1.25292	1.25295			6
2024.12.26	20:48:47.812	1.25293	1.25296			6
2024.12.26	20:48:48.126	1.25292	1.25295			6
2024.12.26	20:48:48.428	1.25293	1.25296			6
2024.12.26	20:48:49.966	1.25292	1.25295			6
2024.12.26	20:48:50.271	1.25291	1.25294			6
2024.12.26	20:48:50.573	1.25292	1.25295			6
2024.12.26	20:48:53.934	1.25294	1.25297			6
2024.12.26	20:48:57.606	1.25292	1.25295			6
2024.12.26	20:48:57.906	1.25291	1.25294			6
2024.12.26	20:48:58.212	1.25292				2
2024.12.26	20:48:58.513	1.25293	1.25295			6
2024.12.26	20:48:59.131	1.25292				2
2024.12.26	20:49:00.048	1.25292				2
2024.12.26	20:49:00.350	1.25303	1.25306			6
2024.12.26	20:49:00.656	1.25302	1.25305			6
2024.12.26	20:49:01.261	1.25301				2
2024.12.26	20:49:02.183		1.25306			4
2024.12.26	20:49:02.506		1.25304			4
2024.12.26	20:49:03.131		1.25305			4
2024.12.26	20:49:05.284		1.25304			4
2024.12.26	20:49:05.593	1.25300				2
2024.12.26	20:49:05.902	1.25297	1.25301			6
2024.12.26	20:49:07.133		1.25302			4
2024.12.26	20:49:08.052	1.25300	1.25305			6
2024.12.26	20:49:08.361	1.25301	1.25306			6
2024.12.26	20:49:14.208	1.25302				2
2024.12.26	20:49:16.358	1.25303	1.25307			6
2024.12.26	20:49:17.900	1.25302	1.25306			6
2024.12.26	20:49:20.359	1.25303	1.25307			6
2024.12.26	20:49:20.666	1.25302	1.25306			6
2024.12.26	20:49:26.820	1.25301	1.25305			6
2024.12.26	20:49:27.135	1.25302				2
2024.12.26	20:49:32.956	1.25303	1.25306			6
2024.12.26	20:49:35.091	1.25302	1.25305			6
2024.12.26	20:49:38.149	1.25303				2
2024.12.26	20:49:38.752	1.25302	1.25304			6
2024.12.26	20:49:39.058	1.25301	1.25303			6
2024.12.26	20:49:39.675	1.25302	1.25304			6
2024.12.26	20:49:39.976	1.25301	1.25303			6
2024.12.26	20:49:40.284		1.25304			4
2024.12.26	20:49:42.116		1.25303			4
2024.12.26	20:49:43.961	1.25300	1.25302			6
2024.12.26	20:49:44.262	1.25301	1.25303			6
2024.12.26	20:49:49.754	1.25300	1.25302			6
2024.12.26	20:49:54.641	1.25303	1.25305			6
2024.12.26	20:49:56.477	1.25301	1.25303			6
2024.12.26	20:49:56.782	1.25302	1.25304			6
2024.12.26	20:49:57.086	1.25303	1.25305			6
2024.12.26	20:49:57.389	1.25302	1.25304			6
2024.12.26	20:49:57.694	1.25305	1.25307			6
2024.12.26	20:49:58.614	1.25304	1.25306			6
2024.12.26	20:49:59.228		1.25307			4
2024.12.26	20:50:00.145	1.25304				2
2024.12.26	20:50:01.380		1.25306			4
2024.12.26	20:50:01.681	1.25305	1.25307			6
2024.12.26	20:50:03.198	1.25304	1.25306			6
2024.12.26	20:50:06.253	1.25303	1.25305			6
2024.12.26	20:50:06.555	1.25301	1.25303			6
2024.12.26	20:50:07.162	1.25302	1.25304			6
2024.12.26	20:50:09.910	1.25301	1.25302			6
2024.12.26	20:50:11.129	1.25297	1.25299			6
2024.12.26	20:50:12.355	1.25296				2
2024.12.26	20:50:16.348	1.25297				2
2024.12.26	20:50:16.959	1.25298	1.25300			6
2024.12.26	20:50:18.801	1.25297	1.25299			6
2024.12.26	20:50:31.010	1.25296	1.25298			6
2024.12.26	20:50:31.939	1.25297	1.25299			6
2024.12.26	20:50:35.901	1.25296	1.25298			6
2024.12.26	20:50:39.858	1.25298	1.25300			6
2024.12.26	20:50:41.698	1.25297	1.25299			6
2024.12.26	20:50:42.302	1.25298	1.25300			6
2024.12.26	20:50:43.826	1.25296	1.25298			6
2024.12.26	20:50:44.440	1.25291	1.25293			6
2024.12.26	20:50:45.052	1.25290	1.25292			6
2024.12.26	20:50:45.355		1.25293			4
2024.12.26	20:50:46.281		1.25294			4
2024.12.26	20:50:47.499	1.25289	1.25293			6
2024.12.26	20:50:49.344	1.25282	1.25286			6
2024.12.26	20:50:49.644	1.25283	1.25287			6
2024.12.26	20:50:50.271	1.25282				2
2024.12.26	20:50:51.190	1.25281				2
2024.12.26	20:50:51.809	1.25282				2
2024.12.26	20:50:53.958		1.25288			4
2024.12.26	20:50:54.575		1.25287			4
2024.12.26	20:50:59.821	1.25284	1.25289			6
2024.12.26	20:51:00.128	1.25284				2
2024.12.26	20:51:01.049	1.25274	1.25278			6
2024.12.26	20:51:01.360		1.25277			4
2024.12.26	20:51:01.663		1.25279			4
2024.12.26	20:51:01.965	1.25272	1.25276			6
2024.12.26	20:51:02.284	1.25271				2
2024.12.26	20:51:04.758	1.25268	1.25273			6
2024.12.26	20:51:05.367	1.25267	1.25272			6
2024.12.26	20:51:05.985	1.25268	1.25273			6
2024.12.26	20:51:06.300	1.25267				2
2024.12.26	20:51:06.913		1.25272			4
2024.12.26	20:51:09.077	1.25266	1.25271			6
2024.12.26	20:51:09.386	1.25265	1.25270			6
2024.12.26	20:51:12.472		1.25271			4
2024.12.26	20:51:17.719		1.25270			4
2024.12.26	20:51:18.022		1.25271			4
2024.12.26	20:51:18.633		1.25270			4
2024.12.26	20:51:20.165		1.25266			4
2024.12.26	20:51:20.466	1.25257	1.25263			6
2024.12.26	20:51:20.777	1.25256	1.25261			6
2024.12.26	20:51:21.078		1.25263			4
2024.12.26	20:51:21.382		1.25262			4
2024.12.26	20:51:21.995	1.25254	1.25261			6
2024.12.26	20:51:22.612	1.25255				2
2024.12.26	20:51:22.916		1.25262			4
2024.12.26	20:51:23.221		1.25260			4
2024.12.26	20:51:24.138		1.25262			4
2024.12.26	20:51:24.440	1.25256				2
2024.12.26	20:51:24.749	1.25255				2
2024.12.26	20:51:25.056	1.25256				2
2024.12.26	20:51:25.357	1.25255	1.25261			6
2024.12.26	20:51:25.663	1.25254	1.25260			6
2024.12.26	20:51:25.968	1.25255				2
2024.12.26	20:51:26.274	1.25254				2
2024.12.26	20:51:26.579	1.25255				2
2024.12.26	20:51:26.884	1.25256	1.25261			6
2024.12.26	20:51:27.191	1.25257	1.25262			6
2024.12.26	20:51:28.112	1.25256	1.25261			6
2024.12.26	20:51:29.648	1.25255	1.25260			6
2024.12.26	20:51:29.949	1.25257	1.25262			6
2024.12.26	20:51:30.561	1.25255	1.25261			6
2024.12.26	20:51:31.481	1.25256				2
2024.12.26	20:51:31.786	1.25255	1.25260			6
2024.12.26	20:51:32.095		1.25261			4
2024.12.26	20:51:32.711	1.25257	1.25262			6
2024.12.26	20:51:34.237	1.25259	1.25264			6
2024.12.26	20:51:35.462	1.25260	1.25265			6
2024.12.26	20:51:35.768	1.25257	1.25263			6
2024.12.26	20:51:40.075	1.25260	1.25265			6
2024.12.26	20:51:41.310	1.25259	1.25264			6
2024.12.26	20:51:41.617	1.25258	1.25263			6
2024.12.26	20:51:41.926	1.25256	1.25262			6
2024.12.26	20:51:42.538	1.25257				2
2024.12.26	20:51:43.155	1.25256	1.25261			6
2024.12.26	20:51:43.461		1.25262			4
2024.12.26	20:51:43.764		1.25261			4
2024.12.26	20:51:44.693		1.25262			4
2024.12.26	20:51:44.998	1.25257				2
2024.12.26	20:51:46.230	1.25262	1.25267			6
2024.12.26	20:51:46.533	1.25266	1.25270			6
2024.12.26	20:51:47.157		1.25271			4
2024.12.26	20:51:47.792		1.25270			4
2024.12.26	20:51:48.101	1.25263	1.25269			6
2024.12.26	20:51:50.257		1.25268			4
2024.12.26	20:51:50.873	1.25257	1.25262			6
2024.12.26	20:51:51.177		1.25263			4
2024.12.26	20:51:52.101	1.25259	1.25264			6
2024.12.26	20:51:52.403	1.25258	1.25263			6
2024.12.26	20:51:53.929		1.25264			4
2024.12.26	20:51:54.230	1.25259	1.25265			6
2024.12.26	20:51:54.551		1.25264			4
2024.12.26	20:51:54.859		1.25265			4
2024.12.26	20:51:55.162	1.25261	1.25266			6
2024.12.26	20:51:55.476		1.25268			4
2024.12.26	20:51:57.621	1.25262				2
2024.12.26	20:51:58.547		1.25269			4
2024.12.26	20:51:59.161	1.25263				2
2024.12.26	20:52:00.090	1.25260	1.25265			6
2024.12.26	20:52:00.392		1.25266			4
2024.12.26	20:52:01.320	1.25262	1.25268			6
2024.12.26	20:52:02.857		1.25267			4
2024.12.26	20:52:03.166	1.25260	1.25265			6
2024.12.26	20:52:04.395	1.25258	1.25263			6
2024.12.26	20:52:04.703	1.25255	1.25260			6
2024.12.26	20:52:05.004	1.25254	1.25258			6
2024.12.26	20:52:05.310	1.25252	1.25256			6
2024.12.26	20:52:05.625	1.25253	1.25258			6
2024.12.26	20:52:06.861	1.25252	1.25257			6
2024.12.26	20:52:07.168	1.25253	1.25258			6
2024.12.26	20:52:07.481		1.25259			4
2024.12.26	20:52:13.929	1.25257	1.25262			6
2024.12.26	20:52:14.235		1.25263			4
2024.12.26	20:52:15.766	1.25258	1.25264			6
2024.12.26	20:52:16.084	1.25257	1.25263			6
2024.12.26	20:52:16.388	1.25258				2
2024.12.26	20:52:17.317	1.25257				2
2024.12.26	20:52:28.641	1.25256	1.25262			6
2024.12.26	20:52:28.944	1.25257	1.25263			6
2024.12.26	20:52:29.560	1.25255	1.25260			6
2024.12.26	20:52:29.868	1.25253	1.25259			6
2024.12.26	20:52:32.921	1.25254				2
2024.12.26	20:52:36.885	1.25253				2
2024.12.26	20:52:37.189	1.25254	1.25260			6
2024.12.26	20:52:37.493		1.25259			4
2024.12.26	20:52:42.701		1.25258			4
2024.12.26	20:52:43.008	1.25251	1.25256			6
2024.12.26	20:52:45.789	1.25249	1.25255			6
2024.12.26	20:52:46.099	1.25251	1.25256			6
2024.12.26	20:52:54.705	1.25252				2
2024.12.26	20:52:58.064	1.25251				2
2024.12.26	20:53:00.209	1.25252				2
2024.12.26	20:53:02.944		1.25257			4
2024.12.26	20:53:03.554	1.25253				2
2024.12.26	20:53:03.855		1.25258			4
2024.12.26	20:53:04.161	1.25254	1.25259			6
2024.12.26	20:53:04.468	1.25253	1.25258			6
2024.12.26	20:53:04.776	1.25254				2
2024.12.26	20:53:06.312		1.25259			4
2024.12.26	20:53:06.617		1.25258			4
2024.12.26	20:53:07.231	1.25253				2
2024.12.26	20:53:09.679	1.25254	1.25259			6
2024.12.26	20:53:10.290		1.25258			4
2024.12.26	20:53:15.168	1.25255	1.25259			6
2024.12.26	20:53:15.470	1.25254	1.25258			6
2024.12.26	20:53:19.126	1.25255				2
2024.12.26	20:53:22.795	1.25256	1.25259			6
2024.12.26	20:53:24.328	1.25259	1.25262			6
2024.12.26	20:53:24.632	1.25260	1.25263			6
2024.12.26	20:53:24.937	1.25259	1.25262			6
2024.12.26	20:53:25.238	1.25258				2
2024.12.26	20:53:25.846	1.25259	1.25263			6
2024.12.26	20:53:26.450	1.25262	1.25265			6
2024.12.26	20:53:26.756	1.25263	1.25267			6
2024.12.26	20:53:27.061	1.25264	1.25268			6
2024.12.26	20:53:27.362		1.25267			4
2024.12.26	20:53:28.291		1.25268			4
2024.12.26	20:53:30.132		1.25267			4
2024.12.26	20:53:30.745		1.25268			4
2024.12.26	20:53:34.412	1.25262	1.25266			6
2024.12.26	20:53:35.018	1.25264	1.25268			6
2024.12.26	20:53:36.236	1.25263	1.25267			6
2024.12.26	20:53:37.163	1.25264	1.25268			6
2024.12.26	20:53:39.300	1.25265				2
2024.12.26	20:53:40.526	1.25264	1.25267			6
2024.12.26	20:53:43.584	1.25268	1.25271			6
2024.12.26	20:53:43.893	1.25264	1.25267			6
2024.12.26	20:53:46.332	1.25263	1.25266			6
2024.12.26	20:53:47.250	1.25264				2
2024.12.26	20:53:53.120	1.25265	1.25267			6
2024.12.26	20:53:54.342	1.25266	1.25268			6
2024.12.26	20:53:55.862	1.25265	1.25267			6
2024.12.26	20:53:58.320	1.25266	1.25268			6
2024.12.26	20:53:58.627	1.25264	1.25266			6
2024.12.26	20:54:00.152	1.25266	1.25268			6
2024.12.26	20:54:01.370	1.25265	1.25267			6
2024.12.26	20:54:07.802	1.25266	1.25268			6
2024.12.26	20:54:13.597	1.25264	1.25266			6
2024.12.26	20:54:13.901	1.25265	1.25267			6
2024.12.26	20:54:17.262	1.25263	1.25265			6
2024.12.26	20:54:20.003	1.25262	1.25264			6
2024.12.26	20:54:21.826	1.25263	1.25265			6
2024.12.26	20:54:23.662	1.25262	1.25264			6
2024.12.26	20:54:25.189	1.25263	1.25265			6
2024.12.26	20:54:28.555	1.25265	1.25267			6
2024.12.26	20:54:32.830	1.25264	1.25266			6
2024.12.26	20:54:33.745	1.25265	1.25267			6
2024.12.26	20:54:35.575	1.25266	1.25268			6
2024.12.26	20:54:36.489	1.25265	1.25267			6
2024.12.26	20:54:37.100	1.25266	1.25268			6
2024.12.26	20:54:38.330	1.25267	1.25269			6
2024.12.26	20:54:38.635	1.25265	1.25267			6
2024.12.26	20:54:40.158	1.25264	1.25266			6
2024.12.26	20:54:41.383	1.25263	1.25265			6
2024.12.26	20:54:43.845	1.25265	1.25267			6
2024.12.26	20:54:48.441	1.25267	1.25269			6
2024.12.26	20:54:48.746	1.25265	1.25267			6
2024.12.26	20:54:50.279	1.25266	1.25268			6
2024.12.26	20:54:53.016	1.25265	1.25267			6
2024.12.26	20:54:56.680	1.25266	1.25268			6
2024.12.26	20:55:00.041	1.25265	1.25267			6
2024.12.26	20:55:00.343	1.25266	1.25268			6
2024.12.26	20:55:03.102	1.25265	1.25267			6
2024.12.26	20:55:03.404	1.25266	1.25268			6
2024.12.26	20:55:04.627	1.25271	1.25273			6
2024.12.26	20:55:05.243	1.25273	1.25275			6
2024.12.26	20:55:05.562	1.25272	1.25274			6
2024.12.26	20:55:06.481	1.25271	1.25273			6
2024.12.26	20:55:07.093	1.25274	1.25276			6
2024.12.26	20:55:07.711	1.25273	1.25275			6
2024.12.26	20:55:08.020	1.25274	1.25276			6
2024.12.26	20:55:09.241	1.25268	1.25270			6
2024.12.26	20:55:10.157		1.25271			4
2024.12.26	20:55:10.468	1.25273	1.25275			6
2024.12.26	20:55:10.769	1.25274	1.25277			6
2024.12.26	20:55:11.088		1.25278			4
2024.12.26	20:55:11.394		1.25280			4
2024.12.26	20:55:12.628		1.25279			4
2024.12.26	20:55:14.785	1.25275				2
2024.12.26	20:55:15.092		1.25280			4
2024.12.26	20:55:15.402	1.25277	1.25281			6
2024.12.26	20:55:15.703	1.25279	1.25280			6
2024.12.26	20:55:16.632	1.25278				2
2024.12.26	20:55:17.252	1.25276	1.25279			6
2024.12.26	20:55:18.491		1.25277			4
2024.12.26	20:55:19.417		1.25278			4
2024.12.26	20:55:24.032	1.25274	1.25277			6
2024.12.26	20:55:24.341	1.25272	1.25275			6
2024.12.26	20:55:25.270		1.25274			4
2024.12.26	20:55:25.580		1.25275			4
2024.12.26	20:55:27.117	1.25273				2
2024.12.26	20:55:31.122		1.25276			4
2024.12.26	20:55:32.670		1.25275			4
2024.12.26	20:55:33.587		1.25276			4
2024.12.26	20:55:34.205	1.25281	1.25282			6
2024.12.26	20:55:34.507	1.25283	1.25285			6
2024.12.26	20:55:36.969		1.25286			4
2024.12.26	20:55:37.283	1.25284	1.25288			6
2024.12.26	20:55:39.742		1.25286			4
2024.12.26	20:55:40.353	1.25283	1.25285			6
2024.12.26	20:55:40.664	1.25275	1.25278			6
2024.12.26	20:55:42.821	1.25277				2
2024.12.26	20:55:43.741		1.25279			4
2024.12.26	20:55:44.051	1.25276	1.25278			6
2024.12.26	20:55:47.138		1.25279			4
2024.12.26	20:55:48.670	1.25277				2
2024.12.26	20:55:54.779		1.25281			4
2024.12.26	20:55:55.080	1.25279	1.25283			6
2024.12.26	20:55:58.761		1.25282			4
2024.12.26	20:56:00.292	1.25279				2
2024.12.26	20:56:00.596	1.25281	1.25284			6
2024.12.26	20:56:02.122	1.25278	1.25281			6
2024.12.26	20:56:02.734		1.25282			4
2024.12.26	20:56:06.110	1.25276	1.25280			6
2024.12.26	20:56:06.417	1.25277	1.25281			6
2024.12.26	20:56:06.724		1.25280			4
2024.12.26	20:56:07.338	1.25276	1.25278			6
2024.12.26	20:56:07.645		1.25279			4
2024.12.26	20:56:07.951		1.25278			4
2024.12.26	20:56:08.256	1.25277	1.25281			6
2024.12.26	20:56:08.563		1.25280			4
2024.12.26	20:56:08.872	1.25278				2
2024.12.26	20:56:09.173		1.25281			4
2024.12.26	20:56:10.410	1.25279	1.25282			6
2024.12.26	20:56:15.000	1.25278	1.25281			6
2024.12.26	20:56:15.305		1.25282			4
2024.12.26	20:56:15.924	1.25277	1.25280			6
2024.12.26	20:56:16.539		1.25281			4
2024.12.26	20:56:16.843		1.25280			4
2024.12.26	20:56:19.290		1.25281			4
2024.12.26	20:56:19.902	1.25278				2
2024.12.26	20:56:20.825		1.25282			4
2024.12.26	20:56:21.432		1.25281			4
2024.12.26	20:56:22.970	1.25275	1.25278			6
2024.12.26	20:56:23.584	1.25274				2
2024.12.26	20:56:24.496	1.25276	1.25279			6
2024.12.26	20:56:27.882		1.25280			4
2024.12.26	20:56:30.337	1.25277				2
2024.12.26	20:56:34.321	1.25275	1.25278			6
2024.12.26	20:56:35.860	1.25274				2
2024.12.26	20:56:36.479		1.25277			4
2024.12.26	20:56:40.151	1.25276	1.25278			6
2024.12.26	20:56:41.380	1.25273	1.25277			6
2024.12.26	20:56:42.304		1.25276			4
2024.12.26	20:56:42.608	1.25274	1.25277			6
2024.12.26	20:56:45.381		1.25276			4
2024.12.26	20:56:45.687	1.25268	1.25270			6
2024.12.26	20:56:45.990	1.25267	1.25271			6
2024.12.26	20:56:46.299		1.25272			4
2024.12.26	20:56:46.615	1.25268				2
2024.12.26	20:56:47.230	1.25267				2
2024.12.26	20:56:51.540		1.25270			4
2024.12.26	20:56:51.843	1.25266	1.25271			6
2024.12.26	20:56:53.068	1.25264	1.25268			6
2024.12.26	20:56:54.926		1.25267			4
2024.12.26	20:56:55.534	1.25263				2
2024.12.26	20:56:59.227	1.25264				2
2024.12.26	20:57:00.143	1.25263				2
2024.12.26	20:57:00.448	1.25256	1.25261			6
2024.12.26	20:57:00.763	1.25257				2
2024.12.26	20:57:01.677	1.25251	1.25255			6
2024.12.26	20:57:04.453		1.25254			4
2024.12.26	20:57:05.378	1.25250	1.25255			6
2024.12.26	20:57:05.685		1.25254			4
2024.12.26	20:57:05.987		1.25255			4
2024.12.26	20:57:06.300		1.25254			4
2024.12.26	20:57:06.607	1.25244	1.25248			6
2024.12.26	20:57:06.909	1.25242				2
2024.12.26	20:57:07.829	1.25241	1.25247			6
2024.12.26	20:57:08.133		1.25246			4
2024.12.26	20:57:08.441	1.25242	1.25247			6
2024.12.26	20:57:09.364	1.25241	1.25245			6
2024.12.26	20:57:10.582	1.25242	1.25246			6
2024.12.26	20:57:10.886		1.25247			4
2024.12.26	20:57:11.500	1.25241	1.25246			6
2024.12.26	20:57:12.733	1.25242				2
2024.12.26	20:57:13.656	1.25243	1.25247			6
2024.12.26	20:57:13.964	1.25242				2
2024.12.26	20:57:14.268		1.25246			4
2024.12.26	20:57:15.797	1.25243	1.25247			6
2024.12.26	20:57:16.104	1.25242	1.25246			6
2024.12.26	20:57:16.418	1.25243	1.25247			6
2024.12.26	20:57:16.718	1.25242	1.25246			6
2024.12.26	20:57:17.022	1.25244	1.25248			6
2024.12.26	20:57:18.874	1.25247	1.25254			6
2024.12.26	20:57:19.175	1.25248	1.25253			6
2024.12.26	20:57:20.102	1.25249	1.25254			6
2024.12.26	20:57:20.406	1.25244	1.25249			6
2024.12.26	20:57:20.719		1.25250			4
2024.12.26	20:57:21.029	1.25245				2
2024.12.26	20:57:21.336	1.25247	1.25251			6
2024.12.26	20:57:22.878	1.25246	1.25250			6
2024.12.26	20:57:23.498	1.25247	1.25252			6
2024.12.26	20:57:23.803		1.25253			4
2024.12.26	20:57:24.421		1.25251			4
2024.12.26	20:57:24.724		1.25253			4
2024.12.26	20:57:31.498		1.25252			4
2024.12.26	20:57:31.801	1.25245	1.25249			6
2024.12.26	20:57:32.417		1.25250			4
2024.12.26	20:57:32.722	1.25247	1.25252			6
2024.12.26	20:57:33.643	1.25246	1.25251			6
2024.12.26	20:57:33.949	1.25247	1.25252			6
2024.12.26	20:57:34.871	1.25246				2
2024.12.26	20:57:35.173	1.25247				2
2024.12.26	20:57:35.480	1.25246				2
2024.12.26	20:57:36.095	1.25247	1.25251			6
2024.12.26	20:57:36.398		1.25252			4
2024.12.26	20:57:36.703	1.25246	1.25251			6
2024.12.26	20:57:37.010		1.25252			4
2024.12.26	20:57:38.236		1.25251			4
2024.12.26	20:57:38.539	1.25247	1.25252			6
2024.12.26	20:57:39.756	1.25246	1.25250			6
2024.12.26	20:57:40.064	1.25245	1.25248			6
2024.12.26	20:57:40.369	1.25244				2
2024.12.26	20:57:45.285	1.25245				2
2024.12.26	20:57:45.584		1.25249			4
2024.12.26	20:57:45.890		1.25248			4
2024.12.26	20:57:48.970	1.25244				2
2024.12.26	20:57:50.501	1.25245				2
2024.12.26	20:57:58.515	1.25246				2
2024.12.26	20:57:58.823	1.25245				2
2024.12.26	20:58:00.053	1.25245				2
2024.12.26	20:58:01.277	1.25249	1.25253			6
2024.12.26	20:58:01.888	1.25248				2
2024.12.26	20:58:05.254	1.25249				2
2024.12.26	20:58:06.176		1.25255			4
2024.12.26	20:58:07.095	1.25250				2
2024.12.26	20:58:08.320	1.25249				2
2024.12.26	20:58:08.630	1.25250	1.25253			6
2024.12.26	20:58:08.933	1.25248				2
2024.12.26	20:58:09.244	1.25249				2
2024.12.26	20:58:10.774	1.25251	1.25255			6
2024.12.26	20:58:11.078	1.25250				2
2024.12.26	20:58:12.295	1.25249	1.25254			6
2024.12.26	20:58:13.208	1.25250				2
2024.12.26	20:58:13.514	1.25251	1.25256			6
2024.12.26	20:58:14.124	1.25250	1.25255			6
2024.12.26	20:58:14.437	1.25251				2
2024.12.26	20:58:15.044	1.25250				2
2024.12.26	20:58:15.358	1.25251				2
2024.12.26	20:58:16.876	1.25250				2
2024.12.26	20:58:18.104		1.25254			4
2024.12.26	20:58:20.242	1.25251	1.25255			6
2024.12.26	20:58:22.064		1.25254			4
2024.12.26	20:58:23.601	1.25253	1.25255			6
2024.12.26	20:58:23.902	1.25252				2
2024.12.26	20:58:24.812	1.25245	1.25248			6
2024.12.26	20:58:25.117	1.25246				2
2024.12.26	20:58:25.732	1.25247	1.25249			6
2024.12.26	20:58:26.349	1.25246				2
2024.12.26	20:58:26.661	1.25245	1.25247			6
2024.12.26	20:58:26.972	1.25244				2
2024.12.26	20:58:30.956	1.25245	1.25248			6
2024.12.26	20:58:31.262		1.25247			4
2024.12.26	20:58:32.487	1.25244				2
2024.12.26	20:58:33.107	1.25245				2
2024.12.26	20:58:33.717	1.25244				2
2024.12.26	20:58:38.312	1.25245				2
2024.12.26	20:58:38.617		1.25246			4
2024.12.26	20:58:41.071	1.25244				2
2024.12.26	20:58:42.602	1.25245				2
2024.12.26	20:58:46.267	1.25246	1.25247			6
2024.12.26	20:58:47.789	1.25245				2
2024.12.26	20:58:50.234	1.25246				2
2024.12.26	20:58:52.983	1.25247	1.25248			6
2024.12.26	20:58:56.049	1.25246	1.25247			6
2024.12.26	20:58:57.878	1.25247	1.25248			6
2024.12.26	20:58:58.185	1.25246	1.25247			6
2024.12.26	20:58:59.720	1.25248	1.25249			6
2024.12.26	20:59:00.027	1.25247				2
2024.12.26	20:59:00.333	1.25246	1.25248			6
2024.12.26	20:59:00.641	1.25245	1.25247			6
2024.12.26	20:59:07.959	1.25246	1.25248			6
2024.12.26	20:59:08.582		1.25247			4
2024.12.26	20:59:09.804	1.25245				2
2024.12.26	20:59:10.408	1.25246				2
2024.12.26	20:59:12.552	1.25243	1.25244			6
2024.12.26	20:59:12.858	1.25244	1.25245			6
2024.12.26	20:59:15.599		1.25246			4
2024.12.26	20:59:15.902	1.25245	1.25247			6
2024.12.26	20:59:22.314	1.25246	1.25248			6
2024.12.26	20:59:22.615	1.25245	1.25247			6
2024.12.26	20:59:23.839	1.25246	1.25248			6
2024.12.26	20:59:24.444	1.25247	1.25249			6
2024.12.26	20:59:25.062	1.25248				2
2024.12.26	20:59:26.288	1.25247	1.25248			6
2024.12.26	20:59:26.590	1.25246				2
2024.12.26	20:59:27.199	1.25249	1.25251			6
2024.12.26	20:59:27.503	1.25250	1.25252			6
2024.12.26	20:59:28.116	1.25249	1.25251			6
2024.12.26	20:59:32.394	1.25248	1.25250			6
2024.12.26	20:59:33.314	1.25249	1.25251			6
2024.12.26	20:59:34.222	1.25250				2
2024.12.26	20:59:34.531	1.25249				2
2024.12.26	20:59:34.834	1.25248	1.25250			6
2024.12.26	20:59:35.138	1.25249	1.25251			6
2024.12.26	20:59:36.053	1.25250	1.25252			6
2024.12.26	20:59:36.356	1.25252	1.25254			6
2024.12.26	20:59:38.184	1.25253	1.25255			6
2024.12.26	20:59:38.791	1.25254	1.25256			6
2024.12.26	20:59:39.101	1.25250	1.25252			6
2024.12.26	20:59:39.402	1.25251	1.25253			6
2024.12.26	20:59:40.013	1.25253	1.25255			6
2024.12.26	20:59:40.318	1.25252	1.25254			6
2024.12.26	20:59:40.621	1.25253	1.25255			6
2024.12.26	20:59:41.537	1.25252				2
2024.12.26	20:59:42.155	1.25253				2
2024.12.26	20:59:44.279	1.25251	1.25253			6
2024.12.26	20:59:50.384	1.25252				2
2024.12.26	20:59:52.834	1.25246	1.25248			6
2024.12.26	20:59:53.142		1.25249			4
2024.12.26	20:59:54.674		1.25248			4
2024.12.26	20:59:54.976	1.25245				2
2024.12.26	20:59:56.508	1.25246	1.25249			6
2024.12.26	20:59:56.818		1.25248			4
2024.12.26	20:59:58.974		1.25249			4
2024.12.26	21:00:00.209	1.25246	1.25247			6
2024.12.26	21:00:00.518	1.25240	1.25243			6
2024.12.26	21:00:00.822	1.25239	1.25242			6
2024.12.26	21:00:01.124	1.25237				2
2024.12.26	21:00:01.443	1.25238	1.25243			6
2024.12.26	21:00:02.978	1.25237				2
2024.12.26	21:00:03.282	1.25236	1.25242			6
2024.12.26	21:00:03.591		1.25241			4
2024.12.26	21:00:03.894	1.25235	1.25240			6
2024.12.26	21:00:04.207		1.25239			4
2024.12.26	21:00:04.821	1.25231	1.25236			6
2024.12.26	21:00:05.127	1.25232	1.25238			6
2024.12.26	21:00:05.438		1.25237			4
2024.12.26	21:00:05.748		1.25236			4
2024.12.26	21:00:06.058	1.25233	1.25237			6
2024.12.26	21:00:06.663	1.25231	1.25236			6
2024.12.26	21:00:07.289	1.25232	1.25237			6
2024.12.26	21:00:07.599		1.25236			4
2024.12.26	21:00:08.522		1.25235			4
2024.12.26	21:00:08.829		1.25236			4
2024.12.26	21:00:09.138	1.25231				2
2024.12.26	21:00:09.447	1.25232				2
2024.12.26	21:00:10.984	1.25231				2
2024.12.26	21:00:11.905	1.25232	1.25235			6
2024.12.26	21:00:12.208	1.25233	1.25238			6
2024.12.26	21:00:14.672		1.25236			4
2024.12.26	21:00:14.981		1.25238			4
2024.12.26	21:00:18.959	1.25235				2
2024.12.26	21:00:19.875		1.25240			4
2024.12.26	21:00:21.412		1.25238			4
2024.12.26	21:00:22.025		1.25239			4
2024.12.26	21:00:22.334		1.25238			4
2024.12.26	21:00:25.404		1.25240			4
2024.12.26	21:00:25.712		1.25238			4
2024.12.26	21:00:26.936	1.25236				2
2024.12.26	21:00:27.242	1.25235				2
2024.12.26	21:00:28.163		1.25239			4
2024.12.26	21:00:28.472		1.25238			4
2024.12.26	21:00:28.775		1.25239			4
2024.12.26	21:00:29.391		1.25238			4
2024.12.26	21:00:29.998	1.25234				2
2024.12.26	21:00:32.146	1.25235				2
2024.12.26	21:00:33.060	1.25230	1.25233			6
2024.12.26	21:00:33.365	1.25229				2
2024.12.26	21:00:33.674	1.25230	1.25234			6
2024.12.26	21:00:34.289	1.25229	1.25233			6
2024.12.26	21:00:34.598	1.25228	1.25232			6
2024.12.26	21:00:35.206	1.25225	1.25226			6
2024.12.26	21:00:36.132		1.25228			4
2024.12.26	21:00:36.440	1.25224	1.25226			6
2024.12.26	21:00:36.745		1.25228			4
2024.12.26	21:00:37.979		1.25229			4
2024.12.26	21:00:38.284	1.25225				2
2024.12.26	21:00:39.516	1.25229	1.25234			6
2024.12.26	21:00:39.824		1.25233			4
2024.12.26	21:00:40.135	1.25228				2
2024.12.26	21:00:40.440	1.25229	1.25234			6
2024.12.26	21:00:41.053	1.25228				2
2024.12.26	21:00:41.362		1.25233			4
2024.12.26	21:00:41.664		1.25234			4
2024.12.26	21:00:44.126		1.25233			4
2024.12.26	21:00:44.434		1.25234			4
2024.12.26	21:00:44.742	1.25229				2
2024.12.26	21:00:45.052		1.25235			4
2024.12.26	21:00:45.357	1.25231	1.25236			6
2024.12.26	21:00:45.659	1.25236	1.25239			6
2024.12.26	21:00:45.966	1.25237	1.25240			6
2024.12.26	21:00:47.194	1.25235	1.25238			6
2024.12.26	21:00:55.184		1.25239			4
2024.12.26	21:00:56.411		1.25238			4
2024.12.26	21:00:57.330	1.25231	1.25235			6
2024.12.26	21:00:57.639	1.25230	1.25234			6
2024.12.26	21:00:57.942	1.25231	1.25235			6
2024.12.26	21:01:00.101	1.25231				2
2024.12.26	21:01:00.409	1.25229	1.25233			6
2024.12.26	21:01:01.642		1.25234			4
2024.12.26	21:01:01.948		1.25233			4
2024.12.26	21:01:03.789		1.25234			4
2024.12.26	21:01:04.710		1.25233			4
2024.12.26	21:01:08.091		1.25234			4
2024.12.26	21:01:08.396	1.25230				2
2024.12.26	21:01:08.708	1.25229				2
2024.12.26	21:01:09.622		1.25233			4
2024.12.26	21:01:09.936	1.25230	1.25234			6
2024.12.26	21:01:11.475	1.25231	1.25235			6
2024.12.26	21:01:12.092	1.25232				2
2024.12.26	21:01:13.013		1.25236			4
2024.12.26	21:01:13.931	1.25235	1.25237			6
2024.12.26	21:01:14.238	1.25234	1.25238			6
2024.12.26	21:01:19.743	1.25233	1.25236			6
2024.12.26	21:01:20.663	1.25229	1.25233			6
2024.12.26	21:01:23.725	1.25230	1.25234			6
2024.12.26	21:01:24.026	1.25229	1.25233			6
2024.12.26	21:01:26.482	1.25228				2
2024.12.26	21:01:26.791	1.25229				2
2024.12.26	21:01:30.177	1.25230				2
2024.12.26	21:01:30.483	1.25229				2
2024.12.26	21:01:31.098	1.25226	1.25228			6
2024.12.26	21:01:31.403	1.25225				2
2024.12.26	21:01:31.709	1.25223	1.25226			6
2024.12.26	21:01:32.015	1.25224				2
2024.12.26	21:01:32.319	1.25223				2
2024.12.26	21:01:32.628		1.25228			4
2024.12.26	21:01:33.553	1.25222	1.25225			6
2024.12.26	21:01:33.860	1.25223	1.25226			6
2024.12.26	21:01:34.783	1.25222	1.25225			6
2024.12.26	21:01:35.088	1.25220	1.25224			6
2024.12.26	21:01:35.398	1.25221				2
2024.12.26	21:01:36.629	1.25223	1.25226			6
2024.12.26	21:01:36.931	1.25222	1.25227			6
2024.12.26	21:01:37.247		1.25226			4
2024.12.26	21:01:38.475	1.25223	1.25227			6
2024.12.26	21:01:40.935		1.25228			4
2024.12.26	21:01:41.241	1.25224				2
2024.12.26	21:01:42.165		1.25227			4
2024.12.26	21:01:42.470		1.25228			4
2024.12.26	21:01:44.631		1.25229			4
2024.12.26	21:01:45.245		1.25228			4
2024.12.26	21:01:45.552	1.25223	1.25226			6
2024.12.26	21:01:47.092	1.25224	1.25228			6
2024.12.26	21:01:48.322	1.25225				2
2024.12.26	21:01:49.552	1.25224				2
2024.12.26	21:01:50.168	1.25225				2
2024.12.26	21:01:52.934	1.25226				2
2024.12.26	21:01:54.467	1.25223	1.25226			6
2024.12.26	21:01:57.519		1.25225			4
2024.12.26	21:01:59.344	1.25224				2
2024.12.26	21:01:59.952	1.25223	1.25226			6
2024.12.26	21:02:00.257	1.25222	1.25225			6
2024.12.26	21:02:00.878		1.25224			4
2024.12.26	21:02:01.188	1.25221				2
2024.12.26	21:02:02.100	1.25222				2
2024.12.26	21:02:02.403	1.25226	1.25229			6
2024.12.26	21:02:02.707		1.25228			4
2024.12.26	21:02:03.008	1.25225				2
2024.12.26	21:02:03.936	1.25224	1.25227			6
2024.12.26	21:02:04.242	1.25223	1.25228			6
2024.12.26	21:02:04.545		1.25225			4
2024.12.26	21:02:04.859	1.25222	1.25224			6
2024.12.26	21:02:06.098		1.25225			4
2024.12.26	21:02:08.240	1.25221				2
2024.12.26	21:02:08.549	1.25222				2
2024.12.26	21:02:09.461	1.25223	1.25226			6
2024.12.26	21:02:09.767	1.25225	1.25228			6
2024.12.26	21:02:13.121		1.25227			4
2024.12.26	21:02:13.423		1.25228			4
2024.12.26	21:02:20.445	1.25226	1.25229			6
2024.12.26	21:02:20.748		1.25228			4
2024.12.26	21:02:21.656	1.25225				2
2024.12.26	21:02:24.096		1.25227			4
2024.12.26	21:02:24.403	1.25224	1.25226			6
2024.12.26	21:02:25.321	1.25225				2
2024.12.26	21:02:26.238	1.25224	1.25225			6
2024.12.26	21:02:29.611		1.25226			4
2024.12.26	21:02:29.920		1.25225			4
2024.12.26	21:02:30.844	1.25226	1.25228			6
2024.12.26	21:02:33.604	1.25224	1.25226			6
2024.12.26	21:02:34.214	1.25225				2
2024.12.26	21:02:34.521	1.25224				2
2024.12.26	21:02:36.667	1.25225				2
2024.12.26	21:02:36.974	1.25224				2
2024.12.26	21:02:41.252	1.25226	1.25228			6
2024.12.26	21:02:41.866	1.25225	1.25227			6
2024.12.26	21:02:43.399	1.25226	1.25228			6
2024.12.26	21:02:47.982	1.25227	1.25229			6
2024.12.26	21:02:48.602	1.25225	1.25227			6
2024.12.26	21:02:49.821	1.25227	1.25229			6
2024.12.26	21:02:51.045	1.25225	1.25227			6
2024.12.26	21:03:00.227	1.25225				2
2024.12.26	21:03:05.436	1.25224	1.25226			6
2024.12.26	21:03:07.273		1.25225			4
2024.12.26	21:03:07.887	1.25225	1.25226			6
2024.12.26	21:03:08.804	1.25224	1.25225			6
2024.12.26	21:03:10.336	1.25225	1.25226			6
2024.12.26	21:03:10.641	1.25224	1.25225			6
2024.12.26	21:03:14.318	1.25226	1.25227			6
2024.12.26	21:03:14.624	1.25225	1.25226			6
2024.12.26	21:03:14.925	1.25226	1.25228			6
2024.12.26	21:03:25.957	1.25225	1.25226			6
2024.12.26	21:03:26.260	1.25224	1.25225			6
2024.12.26	21:03:28.402	1.25223	1.25224			6
2024.12.26	21:03:33.279	1.25217	1.25218			6
2024.12.26	21:03:33.890	1.25216				2
2024.12.26	21:03:34.192	1.25217	1.25219			6
2024.12.26	21:03:35.107	1.25220	1.25221			6
2024.12.26	21:03:35.408	1.25224	1.25225			6
2024.12.26	21:03:36.018	1.25223				2
2024.12.26	21:03:36.323	1.25221	1.25224			6
2024.12.26	21:03:38.177	1.25223	1.25228			6
2024.12.26	21:03:43.098		1.25227			4
2024.12.26	21:03:43.402		1.25226			4
2024.12.26	21:03:44.940	1.25224	1.25227			6
2024.12.26	21:03:45.245		1.25228			4
2024.12.26	21:03:46.470	1.25225	1.25229			6
2024.12.26	21:03:48.940	1.25230	1.25233			6
2024.12.26	21:03:50.477	1.25231	1.25235			6
2024.12.26	21:03:51.707		1.25234			4
2024.12.26	21:03:52.938	1.25230	1.25233			6
2024.12.26	21:03:58.784	1.25229	1.25232			6
2024.12.26	21:03:59.091	1.25230				2
2024.12.26	21:03:59.401	1.25229				2
2024.12.26	21:04:00.013	1.25229				2
2024.12.26	21:04:00.319	1.25230				2
2024.12.26	21:04:03.388	1.25231				2
2024.12.26	21:04:04.005	1.25230				2
2024.12.26	21:04:05.545	1.25231				2
2024.12.26	21:04:06.157	1.25230				2
2024.12.26	21:04:07.690	1.25231				2
2024.12.26	21:04:08.916	1.25232	1.25235			6
2024.12.26	21:04:09.222		1.25234			4
2024.12.26	21:04:09.530	1.25230	1.25232			6
2024.12.26	21:04:11.192	1.25231				2
2024.12.26	21:04:16.379		1.25233			4
2024.12.26	21:04:16.682	1.25232				2
2024.12.26	21:04:16.992	1.25231				2
2024.12.26	21:04:17.599		1.25232			4
2024.12.26	21:04:18.213	1.25232	1.25233			6
2024.12.26	21:04:18.519	1.25233	1.25234			6
2024.12.26	21:04:18.823	1.25232	1.25233			6
2024.12.26	21:04:20.039	1.25233	1.25234			6
2024.12.26	21:04:22.178	1.25232	1.25233			6
2024.12.26	21:04:22.785	1.25231	1.25232			6
2024.12.26	21:04:23.396	1.25230				2
2024.12.26	21:04:24.324		1.25231			4
2024.12.26	21:04:24.632	1.25231	1.25232			6
2024.12.26	21:04:54.305	1.25232	1.25233			6
2024.12.26	21:04:54.926	1.25231	1.25232			6
2024.12.26	21:04:55.237	1.25233	1.25234			6
2024.12.26	21:04:55.539	1.25232	1.25233			6
2024.12.26	21:04:56.460	1.25235	1.25236			6
2024.12.26	21:04:56.767		1.25237			4
2024.12.26	21:04:57.070		1.25236			4
2024.12.26	21:04:58.907	1.25234	1.25235			6
2024.12.26	21:05:00.133	1.25234				2
2024.12.26	21:05:00.438	1.25235	1.25236			6
2024.12.26	21:05:00.750	1.25236	1.25237			6
2024.12.26	21:05:01.665	1.25237	1.25239			6
2024.12.26	21:05:01.969		1.25238			4
2024.12.26	21:05:03.809	1.25236				2
2024.12.26	21:05:05.952	1.25237				2
2024.12.26	21:05:07.174	1.25235	1.25237			6
2024.12.26	21:05:09.627	1.25233	1.25235			6
2024.12.26	21:05:11.157	1.25234				2
2024.12.26	21:05:11.459		1.25236			4
2024.12.26	21:05:11.771		1.25235			4
2024.12.26	21:05:12.080		1.25236			4
2024.12.26	21:05:12.387	1.25233	1.25235			6
2024.12.26	21:05:13.605	1.25231	1.25233			6
2024.12.26	21:05:13.909		1.25232			4
2024.12.26	21:05:14.214	1.25232	1.25234			6
2024.12.26	21:05:15.429	1.25233	1.25235			6
2024.12.26	21:05:21.541	1.25235	1.25237			6
2024.12.26	21:05:23.064	1.25236	1.25238			6
2024.12.26	21:05:23.987	1.25235	1.25237			6
2024.12.26	21:05:28.258	1.25233	1.25235			6
2024.12.26	21:05:28.561	1.25231	1.25233			6
2024.12.26	21:05:29.480	1.25232	1.25234			6
2024.12.26	21:05:34.695	1.25235	1.25237			6
2024.12.26	21:05:35.001	1.25233	1.25235			6
2024.12.26	21:05:37.140	1.25232	1.25234			6
2024.12.26	21:05:38.357	1.25231	1.25232			6
2024.12.26	21:05:38.660	1.25222	1.25224			6
2024.12.26	21:05:38.968	1.25223	1.25225			6
2024.12.26	21:05:39.271	1.25222	1.25227			6
2024.12.26	21:05:39.573	1.25225	1.25231			6
2024.12.26	21:05:42.650		1.25229			4
2024.12.26	21:05:42.954	1.25223				2
2024.12.26	21:05:43.880	1.25224	1.25230			6
2024.12.26	21:05:44.182		1.25229			4
2024.12.26	21:05:45.119	1.25222	1.25227			6
2024.12.26	21:05:45.426		1.25226			4
2024.12.26	21:05:47.895		1.25228			4
2024.12.26	21:05:48.203		1.25226			4
2024.12.26	21:05:50.046		1.25228			4
2024.12.26	21:05:50.363		1.25226			4
2024.12.26	21:05:51.280	1.25221				2
2024.12.26	21:05:53.429		1.25225			4
2024.12.26	21:06:00.200	1.25221				2
2024.12.26	21:06:08.178	1.25220	1.25223			6
2024.12.26	21:06:12.164	1.25218	1.25222			6
2024.12.26	21:06:14.625	1.25213	1.25218			6
2024.12.26	21:06:15.857		1.25217			4
2024.12.26	21:06:16.172		1.25218			4
2024.12.26	21:06:16.784	1.25214	1.25219			6
2024.12.26	21:06:17.092		1.25218			4
2024.12.26	21:06:18.631	1.25213				2
2024.12.26	21:06:20.172	1.25215	1.25219			6
2024.12.26	21:06:21.408	1.25216	1.25220			6
2024.12.26	21:06:23.243	1.25214	1.25219			6
2024.12.26	21:06:23.866		1.25218			4
2024.12.26	21:06:24.477	1.25216	1.25220			6
2024.12.26	21:06:25.083	1.25214	1.25219			6
2024.12.26	21:06:26.924	1.25212	1.25216			6
2024.12.26	21:06:27.539	1.25214	1.25218			6
2024.12.26	21:06:27.847	1.25216	1.25220			6
2024.12.26	21:06:38.318	1.25214	1.25218			6
2024.12.26	21:06:38.936		1.25219			4
2024.12.26	21:06:42.629	1.25215	1.25220			6
2024.12.26	21:06:42.935	1.25214				2
2024.12.26	21:06:43.852	1.25216				2
2024.12.26	21:06:51.202		1.25219			4
2024.12.26	21:06:51.505		1.25220			4
2024.12.26	21:06:54.873		1.25219			4
2024.12.26	21:06:55.182		1.25220			4
2024.12.26	21:06:58.236		1.25219			4
2024.12.26	21:06:59.765	1.25218	1.25222			6
2024.12.26	21:07:00.071	1.25218				2
2024.12.26	21:07:00.377	1.25220	1.25224			6
2024.12.26	21:07:00.681	1.25221	1.25225			6
2024.12.26	21:07:01.602	1.25220	1.25224			6
2024.12.26	21:07:02.842		1.25225			4
2024.12.26	21:07:03.144	1.25221				2
2024.12.26	21:07:03.450	1.25220	1.25223			6
2024.12.26	21:07:03.761	1.25221	1.25225			6
2024.12.26	21:07:06.225	1.25219	1.25223			6
2024.12.26	21:07:07.458	1.25217	1.25220			6
2024.12.26	21:07:07.764	1.25218	1.25223			6
2024.12.26	21:07:10.237	1.25219				2
2024.12.26	21:07:10.843	1.25218				2
2024.12.26	21:07:13.614		1.25220			4
2024.12.26	21:07:13.928	1.25211	1.25215			6
2024.12.26	21:07:14.232	1.25212				2
2024.12.26	21:07:15.158	1.25211				2
2024.12.26	21:07:18.543		1.25214			4
2024.12.26	21:07:18.845		1.25213			4
2024.12.26	21:07:19.162		1.25215			4
2024.12.26	21:07:19.470	1.25210	1.25214			6
2024.12.26	21:07:19.775	1.25211	1.25215			6
2024.12.26	21:07:21.316	1.25210	1.25214			6
2024.12.26	21:07:24.709	1.25211				2
2024.12.26	21:07:25.016		1.25215			4
2024.12.26	21:07:25.328		1.25214			4
2024.12.26	21:07:25.631		1.25215			4
2024.12.26	21:07:28.092	1.25210	1.25214			6
2024.12.26	21:07:28.403	1.25211	1.25215			6
2024.12.26	21:07:29.625	1.25213	1.25219			6
2024.12.26	21:07:30.232	1.25212	1.25218			6
2024.12.26	21:07:30.541	1.25217	1.25223			6
2024.12.26	21:07:30.847	1.25220	1.25224			6
2024.12.26	21:07:31.470	1.25219				2
2024.12.26	21:07:33.316	1.25217	1.25222			6
2024.12.26	21:07:33.940		1.25223			4
2024.12.26	21:07:37.640	1.25220	1.25224			6
2024.12.26	21:07:38.257	1.25219	1.25223			6
2024.12.26	21:07:38.872	1.25218				2
2024.12.26	21:07:39.489	1.25220	1.25224			6
2024.12.26	21:07:40.411	1.25221	1.25225			6
2024.12.26	21:07:42.564		1.25224			4
2024.12.26	21:07:42.864	1.25218	1.25223			6
2024.12.26	21:07:43.797	1.25217				2
2024.12.26	21:07:45.335	1.25214	1.25219			6
2024.12.26	21:07:45.642		1.25220			4
2024.12.26	21:07:45.950		1.25219			4
2024.12.26	21:07:46.569		1.25220			4
2024.12.26	21:07:47.492	1.25213	1.25217			6
2024.12.26	21:07:47.801	1.25212	1.25216			6
2024.12.26	21:07:48.103		1.25217			4
2024.12.26	21:07:48.719		1.25218			4
2024.12.26	21:07:50.891		1.25216			4
2024.12.26	21:07:53.352		1.25217			4
2024.12.26	21:07:53.667		1.25215			4
2024.12.26	21:07:53.969		1.25217			4
2024.12.26	21:07:54.275		1.25216			4
2024.12.26	21:07:55.811		1.25215			4
2024.12.26	21:07:56.120		1.25216			4
2024.12.26	21:07:56.426		1.25215			4
2024.12.26	21:07:56.733		1.25216			4
2024.12.26	21:07:57.655		1.25215			4
2024.12.26	21:07:57.964	1.25211				2
2024.12.26	21:07:58.271		1.25213			4
2024.12.26	21:07:59.800		1.25215			4
2024.12.26	21:08:00.110	1.25212	1.25216			6
2024.12.26	21:08:00.415	1.25211	1.25215			6
2024.12.26	21:08:00.719	1.25212	1.25216			6
2024.12.26	21:08:01.024	1.25213				2
2024.12.26	21:08:01.643	1.25211	1.25213			6
2024.12.26	21:08:01.950		1.25214			4
2024.12.26	21:08:04.705	1.25213				2
2024.12.26	21:08:05.011	1.25211				2
2024.12.26	21:08:05.627		1.25215			4
2024.12.26	21:08:06.240	1.25212				2
2024.12.26	21:08:09.299	1.25211				2
2024.12.26	21:08:09.911	1.25212				2
2024.12.26	21:08:10.218	1.25214	1.25219			6
2024.12.26	21:08:10.587		1.25220			4
2024.12.26	21:08:10.888	1.25215	1.25221			6
2024.12.26	21:08:11.208	1.25213	1.25219			6
2024.12.26	21:08:11.512	1.25214	1.25220			6
2024.12.26	21:08:11.823	1.25212	1.25216			6
2024.12.26	21:08:12.742		1.25217			4
2024.12.26	21:08:13.043	1.25213	1.25218			6
2024.12.26	21:08:14.587		1.25220			4
2024.12.26	21:08:15.215		1.25219			4
2024.12.26	21:08:15.520		1.25220			4
2024.12.26	21:08:15.825		1.25219			4
2024.12.26	21:08:17.672	1.25219	1.25224			6
2024.12.26	21:08:17.981		1.25223			4
2024.12.26	21:08:18.599	1.25220				2
2024.12.26	21:08:19.518		1.25224			4
2024.12.26	21:08:20.447	1.25221	1.25225			6
2024.12.26	21:08:21.060	1.25222				2
2024.12.26	21:08:21.676	1.25221				2
2024.12.26	21:08:21.982		1.25224			4
2024.12.26	21:08:22.290		1.25225			4
2024.12.26	21:08:22.594		1.25224			4
2024.12.26	21:08:23.216		1.25225			4
2024.12.26	21:08:24.755	1.25222				2
2024.12.26	21:08:25.682		1.25228			4
2024.12.26	21:08:25.983		1.25226			4
2024.12.26	21:08:26.292	1.25223				2
2024.12.26	21:08:34.264	1.25220	1.25223			6
2024.12.26	21:08:34.878		1.25224			4
2024.12.26	21:08:37.335	1.25221				2
2024.12.26	21:08:40.700	1.25220	1.25222			6
2024.12.26	21:08:52.958	1.25214	1.25217			6
2024.12.26	21:08:53.568	1.25213	1.25216			6
2024.12.26	21:08:54.179	1.25212				2
2024.12.26	21:08:57.861		1.25217			4
2024.12.26	21:08:58.164	1.25213	1.25218			6
2024.12.26	21:08:58.781	1.25211	1.25215			6
2024.12.26	21:09:00.010	1.25211				2
2024.12.26	21:09:00.620	1.25212	1.25216			6
2024.12.26	21:09:00.924		1.25215			4
2024.12.26	21:09:03.702		1.25216			4
2024.12.26	21:09:04.315		1.25215			4
2024.12.26	21:09:04.623		1.25216			4
2024.12.26	21:09:06.162	1.25213	1.25215			6
2024.12.26	21:09:06.465		1.25216			4
2024.12.26	21:09:09.232	1.25212				2
2024.12.26	21:09:09.843		1.25215			4
2024.12.26	21:09:10.455		1.25214			4
2024.12.26	21:09:10.760	1.25211				2
2024.12.26	21:09:13.208	1.25212				2
2024.12.26	21:09:15.638	1.25213	1.25217			6
2024.12.26	21:09:15.941		1.25216			4
2024.12.26	21:09:16.557		1.25215			4
2024.12.26	21:09:17.173	1.25212				2
2024.12.26	21:09:17.478		1.25214			4
2024.12.26	21:09:18.391	1.25217	1.25220			6
2024.12.26	21:09:18.696	1.25218	1.25222			6
2024.12.26	21:09:19.005	1.25219				2
2024.12.26	21:09:19.311	1.25218				2
2024.12.26	21:09:19.928		1.25223			4
2024.12.26	21:09:21.469	1.25217	1.25221			6
2024.12.26	21:09:21.772	1.25216				2
2024.12.26	21:09:23.006		1.25222			4
2024.12.26	21:09:23.317	1.25218				2
2024.12.26	21:09:23.930		1.25223			4
2024.12.26	21:09:24.242	1.25216	1.25221			6
2024.12.26	21:09:24.544	1.25218	1.25222			6
2024.12.26	21:09:25.472	1.25219	1.25223			6
2024.12.26	21:09:25.779	1.25218				2
2024.12.26	21:09:26.088	1.25217	1.25221			6
2024.12.26	21:09:28.247		1.25222			4
2024.12.26	21:09:28.555		1.25221			4
2024.12.26	21:09:29.475		1.25222			4
2024.12.26	21:09:32.238		1.25221			4
2024.12.26	21:09:32.542	1.25218	1.25222			6
2024.12.26	21:09:32.844	1.25217				2
2024.12.26	21:09:34.076	1.25218				2
2024.12.26	21:09:36.227	1.25219	1.25223			6
2024.12.26	21:09:36.837	1.25218				2
2024.12.26	21:09:37.147	1.25217	1.25222			6
2024.12.26	21:09:37.455	1.25218	1.25223			6
2024.12.26	21:09:41.135	1.25219				2
2024.12.26	21:09:46.040	1.25220				2
2024.12.26	21:09:51.854	1.25221	1.25224			6
2024.12.26	21:09:52.470	1.25220	1.25223			6
2024.12.26	21:09:52.771	1.25216	1.25219			6
2024.12.26	21:09:53.076	1.25214	1.25215			6
2024.12.26	21:09:53.998	1.25211				2
2024.12.26	21:09:54.914		1.25214			4
2024.12.26	21:09:55.222	1.25210				2
2024.12.26	21:09:55.523		1.25213			4
2024.12.26	21:09:55.827	1.25211	1.25215			6
2024.12.26	21:09:56.444	1.25212	1.25217			6
2024.12.26	21:09:57.370		1.25216			4
2024.12.26	21:09:57.674		1.25215			4
2024.12.26	21:10:00.136	1.25212	1.25216			6
2024.12.26	21:10:00.442		1.25215			4
2024.12.26	21:10:00.750	1.25211				2
2024.12.26	21:10:06.601	1.25212	1.25216			6
2024.12.26	21:10:07.520	1.25211	1.25215			6
2024.12.26	21:10:11.198	1.25212				2
2024.12.26	21:10:11.500	1.25213	1.25217			6
2024.12.26	21:10:11.804	1.25218	1.25222			6
2024.12.26	21:10:12.114	1.25219	1.25223			6
2024.12.26	21:10:12.421	1.25220	1.25224			6
2024.12.26	21:10:12.722	1.25219				2
2024.12.26	21:10:16.421	1.25220				2
2024.12.26	21:10:16.727	1.25222				2
2024.12.26	21:10:17.033		1.25225			4
2024.12.26	21:10:19.531	1.25223	1.25226			6
2024.12.26	21:10:20.458		1.25225			4
2024.12.26	21:10:20.771		1.25226			4
2024.12.26	21:10:21.077	1.25222	1.25225			6
2024.12.26	21:10:21.385	1.25223	1.25226			6
2024.12.26	21:10:23.231	1.25221	1.25224			6
2024.12.26	21:10:27.527	1.25222				2
2024.12.26	21:10:28.752	1.25221				2
2024.12.26	21:10:30.586	1.25222				2
2024.12.26	21:10:32.427	1.25223	1.25226			6
2024.12.26	21:10:33.039	1.25222	1.25225			6
2024.12.26	21:10:33.347	1.25223	1.25226			6
2024.12.26	21:10:34.572	1.25222				2
2024.12.26	21:10:34.878	1.25219	1.25222			6
2024.12.26	21:10:35.186	1.25214	1.25218			6
2024.12.26	21:10:38.563	1.25215	1.25219			6
2024.12.26	21:10:38.866		1.25220			4
2024.12.26	21:10:44.114	1.25217	1.25222			6
2024.12.26	21:10:44.422	1.25220	1.25223			6
2024.12.26	21:10:56.090	1.25214	1.25219			6
2024.12.26	21:10:57.012	1.25215	1.25220			6
2024.12.26	21:10:57.313	1.25214	1.25219			6
2024.12.26	21:10:57.620		1.25218			4
2024.12.26	21:10:57.923		1.25219			4
2024.12.26	21:10:58.226	1.25215	1.25218			6
2024.12.26	21:10:58.537	1.25214	1.25220			6
2024.12.26	21:10:58.843		1.25218			4
2024.12.26	21:10:59.456		1.25220			4
2024.12.26	21:11:00.071	1.25214	1.25219			6
2024.12.26	21:11:00.378	1.25217	1.25221			6
2024.12.26	21:11:00.683		1.25222			4
2024.12.26	21:11:01.913		1.25221			4
2024.12.26	21:11:02.218		1.25222			4
2024.12.26	21:11:02.824	1.25219	1.25223			6
2024.12.26	21:11:05.592		1.25222			4
2024.12.26	21:11:09.565		1.25223			4
2024.12.26	21:11:10.486	1.25220				2
2024.12.26	21:11:12.939	1.25218				2
2024.12.26	21:11:13.854	1.25220				2
2024.12.26	21:11:19.067	1.25218				2
2024.12.26	21:11:20.286	1.25220				2
2024.12.26	21:11:22.728	1.25219				2
2024.12.26	21:11:24.867		1.25221			4
2024.12.26	21:11:25.175	1.25215	1.25219			6
2024.12.26	21:11:25.482		1.25220			4
2024.12.26	21:11:26.086		1.25218			4
2024.12.26	21:11:26.388	1.25213	1.25214			6
2024.12.26	21:11:28.223		1.25216			4
2024.12.26	21:11:31.297	1.25210	1.25213			6
2024.12.26	21:11:31.604		1.25214			4
2024.12.26	21:11:36.233	1.25213	1.25216			6
2024.12.26	21:11:40.227	1.25214				2
2024.12.26	21:11:41.144		1.25215			4
2024.12.26	21:11:42.983		1.25216			4
2024.12.26	21:11:43.290	1.25213	1.25215			6
2024.12.26	21:11:44.525	1.25210	1.25213			6
2024.12.26	21:11:45.135		1.25212			4
2024.12.26	21:11:46.043	1.25209				2
2024.12.26	21:11:46.952	1.25212	1.25214			6
2024.12.26	21:11:50.310	1.25213				2
2024.12.26	21:11:50.610		1.25215			4
2024.12.26	21:11:52.143	1.25212	1.25214			6
2024.12.26	21:11:53.364	1.25213				2
2024.12.26	21:11:58.862	1.25212				2
2024.12.26	21:12:00.070	1.25212				2
2024.12.26	21:12:00.992	1.25211	1.25213			6
2024.12.26	21:12:01.293	1.25212				2
2024.12.26	21:12:01.909		1.25214			4
2024.12.26	21:12:03.137	1.25211				2
2024.12.26	21:12:04.053		1.25213			4
2024.12.26	21:12:04.671	1.25212	1.25214			6
2024.12.26	21:12:04.976	1.25211	1.25213			6
2024.12.26	21:12:05.278	1.25212	1.25214			6
2024.12.26	21:12:07.101		1.25213			4
2024.12.26	21:12:07.404		1.25214			4
2024.12.26	21:12:08.019		1.25213			4
2024.12.26	21:12:08.325		1.25214			4
2024.12.26	21:12:08.627		1.25213			4
2024.12.26	21:12:08.929		1.25214			4
2024.12.26	21:12:09.235	1.25213				2
2024.12.26	21:12:09.849	1.25215	1.25216			6
2024.12.26	21:12:10.152	1.25214	1.25215			6
2024.12.26	21:12:10.455	1.25217	1.25219			6
2024.12.26	21:12:11.362	1.25215	1.25218			6
2024.12.26	21:12:12.891	1.25216				2
2024.12.26	21:12:13.507	1.25215	1.25219			6
2024.12.26	21:12:14.212	1.25216				2
2024.12.26	21:12:14.513		1.25217			4
2024.12.26	21:12:15.739		1.25218			4
2024.12.26	21:12:16.352		1.25219			4
2024.12.26	21:12:16.652		1.25217			4
2024.12.26	21:12:16.956		1.25219			4
2024.12.26	21:12:17.562		1.25217			4
2024.12.26	21:12:18.169		1.25219			4
2024.12.26	21:12:19.694		1.25218			4
2024.12.26	21:12:20.300		1.25219			4
2024.12.26	21:12:20.616	1.25215	1.25217			6
2024.12.26	21:12:22.148		1.25218			4
2024.12.26	21:12:23.365		1.25217			4
2024.12.26	21:12:25.493	1.25217	1.25219			6
2024.12.26	21:12:25.808	1.25216	1.25218			6
2024.12.26	21:12:26.413	1.25217	1.25219			6
2024.12.26	21:12:26.719	1.25215	1.25217			6
2024.12.26	21:12:27.341	1.25216	1.25218			6
2024.12.26	21:12:27.645	1.25215	1.25217			6
2024.12.26	21:12:28.556	1.25216	1.25218			6
2024.12.26	21:12:29.166	1.25215	1.25217			6
2024.12.26	21:12:30.685	1.25217	1.25219			6
2024.12.26	21:12:30.988	1.25216	1.25218			6
2024.12.26	21:12:31.293	1.25217	1.25219			6
2024.12.26	21:12:33.412	1.25216	1.25218			6
2024.12.26	21:12:34.327	1.25215	1.25216			6
2024.12.26	21:12:34.636		1.25217			4
2024.12.26	21:12:42.084	1.25214	1.25215			6
2024.12.26	21:12:44.533	1.25207	1.25208			6
2024.12.26	21:12:45.138	1.25206	1.25207			6
2024.12.26	21:12:45.751	1.25207	1.25208			6
2024.12.26	21:12:46.354	1.25206				2
2024.12.26	21:12:48.482	1.25211	1.25212			6
2024.12.26	21:12:48.783	1.25210	1.25211			6
2024.12.26	21:12:49.705	1.25211	1.25213			6
2024.12.26	21:12:50.012		1.25212			4
2024.12.26	21:12:51.244	1.25212	1.25213			6
2024.12.26	21:13:00.152	1.25212				2
2024.12.26	21:13:01.380	1.25211	1.25212			6
2024.12.26	21:13:01.688	1.25212	1.25213			6
2024.12.26	21:13:02.607	1.25211	1.25212			6
2024.12.26	21:13:08.716	1.25210	1.25211			6
2024.12.26	21:13:09.028	1.25206	1.25208			6
2024.12.26	21:13:09.332	1.25207	1.25209			6
2024.12.26	21:13:09.633	1.25208	1.25210			6
2024.12.26	21:13:10.247	1.25207	1.25209			6
2024.12.26	21:13:16.067	1.25206	1.25207			6
2024.12.26	21:13:17.277	1.25205				2
2024.12.26	21:13:17.892		1.25206			4
2024.12.26	21:13:19.121		1.25207			4
2024.12.26	21:13:21.569		1.25206			4
2024.12.26	21:13:22.181		1.25207			4
2024.12.26	21:13:22.488	1.25206				2
2024.12.26	21:13:23.403	1.25205	1.25206			6
2024.12.26	21:13:23.707	1.25206	1.25207			6
2024.12.26	21:13:25.835	1.25207	1.25208			6
2024.12.26	21:13:26.140	1.25206	1.25207			6
2024.12.26	21:13:28.892	1.25205	1.25206			6
2024.12.26	21:13:29.195	1.25206	1.25207			6
2024.12.26	21:13:30.418		1.25208			4
2024.12.26	21:13:30.732		1.25207			4
2024.12.26	21:13:31.346		1.25208			4
2024.12.26	21:13:34.085	1.25207				2
2024.12.26	21:13:34.697	1.25206	1.25207			6
2024.12.26	21:13:36.228	1.25207	1.25208			6
2024.12.26	21:13:37.443	1.25206				2
2024.12.26	21:13:37.746	1.25207				2
2024.12.26	21:13:38.048	1.25206	1.25207			6
2024.12.26	21:13:39.581		1.25208			4
2024.12.26	21:13:39.887	1.25207	1.25209			6
2024.12.26	21:13:40.804		1.25208			4
2024.12.26	21:13:41.414	1.25208	1.25209			6
2024.12.26	21:13:41.721	1.25207	1.25208			6
2024.12.26	21:13:42.327	1.25208	1.25209			6
2024.12.26	21:13:43.557	1.25209	1.25210			6
2024.12.26	21:13:43.857	1.25208	1.25209			6
2024.12.26	21:13:44.161	1.25211	1.25212			6
2024.12.26	21:13:49.045	1.25210				2
2024.12.26	21:13:50.576	1.25202	1.25203			6
2024.12.26	21:13:50.884	1.25201				2
2024.12.26	21:13:51.188	1.25202	1.25204			6
2024.12.26	21:13:53.350	1.25197	1.25199			6
2024.12.26	21:13:53.967		1.25200			4
2024.12.26	21:13:54.273		1.25201			4
2024.12.26	21:14:00.123	1.25197				2
2024.12.26	21:14:00.429		1.25198			4
2024.12.26	21:14:02.879		1.25199			4
2024.12.26	21:14:03.183		1.25198			4
2024.12.26	21:14:05.362		1.25201			4
2024.12.26	21:14:05.670		1.25202			4
2024.12.26	21:14:10.901	1.25200	1.25204			6
2024.12.26	21:14:11.204		1.25202			4
2024.12.26	21:14:19.193		1.25203			4
2024.12.26	21:14:19.497		1.25204			4
2024.12.26	21:14:21.335	1.25201				2
2024.12.26	21:14:21.942	1.25196	1.25200			6
2024.12.26	21:14:22.247	1.25197	1.25201			6
2024.12.26	21:14:22.553	1.25202	1.25204			6
2024.12.26	21:14:23.479	1.25203	1.25205			6
2024.12.26	21:14:23.783	1.25202	1.25204			6
2024.12.26	21:14:24.088	1.25203				2
2024.12.26	21:14:24.392	1.25201	1.25202			6
2024.12.26	21:14:24.694		1.25203			4
2024.12.26	21:14:26.218	1.25202	1.25204			6
2024.12.26	21:14:26.523	1.25203	1.25205			6
2024.12.26	21:14:26.830	1.25202				2
2024.12.26	21:14:28.042	1.25203				2
2024.12.26	21:14:30.507	1.25205	1.25208			6
2024.12.26	21:14:32.663	1.25203	1.25205			6
2024.12.26	21:14:32.964		1.25206			4
2024.12.26	21:14:38.182		1.25204			4
2024.12.26	21:14:41.225	1.25202				2
2024.12.26	21:14:42.448	1.25203				2
2024.12.26	21:14:42.759	1.25202				2
2024.12.26	21:14:43.375	1.25203				2
2024.12.26	21:14:48.275	1.25205	1.25207			6
2024.12.26	21:14:48.580		1.25206			4
2024.12.26	21:14:52.544	1.25204				2
2024.12.26	21:14:56.508	1.25211	1.25212			6
2024.12.26	21:14:57.427	1.25210				2
2024.12.26	21:14:58.345	1.25211	1.25213			6
2024.12.26	21:14:58.957	1.25209	1.25211			6
2024.12.26	21:14:59.262		1.25213			4
2024.12.26	21:15:00.182	1.25209				2
2024.12.26	21:15:00.490	1.25211				2
2024.12.26	21:15:03.247	1.25210				2
2024.12.26	21:15:03.553		1.25212			4
2024.12.26	21:15:07.533		1.25211			4
2024.12.26	21:15:09.369		1.25212			4
2024.12.26	21:15:12.436	1.25211				2
2024.12.26	21:15:17.034	1.25210				2
2024.12.26	21:15:17.335	1.25211				2
2024.12.26	21:15:20.992		1.25213			4
2024.12.26	21:15:32.013	1.25215	1.25216			6
2024.12.26	21:15:34.150	1.25213	1.25214			6
2024.12.26	21:15:35.375	1.25212	1.25213			6
2024.12.26	21:15:35.685		1.25214			4
2024.12.26	21:15:46.092	1.25202	1.25203			6
2024.12.26	21:15:46.400	1.25200	1.25201			6
2024.12.26	21:15:46.705	1.25197	1.25199			6
2024.12.26	21:15:47.340	1.25196				2
2024.12.26	21:15:47.648		1.25200			4
2024.12.26	21:15:48.571	1.25201	1.25202			6
2024.12.26	21:15:48.879	1.25200				2
2024.12.26	21:15:50.114	1.25203	1.25204			6
2024.12.26	21:15:50.420		1.25205			4
2024.12.26	21:15:51.342		1.25206			4
2024.12.26	21:15:51.646	1.25196	1.25201			6
2024.12.26	21:15:53.496	1.25195	1.25197			6
2024.12.26	21:15:58.711		1.25198			4
2024.12.26	21:16:00.246	1.25195				2
2024.12.26	21:16:01.169	1.25199	1.25202			6
2024.12.26	21:16:01.479	1.25196	1.25200			6
2024.12.26	21:16:01.783		1.25201			4
2024.12.26	21:16:02.084		1.25200			4
2024.12.26	21:16:02.393		1.25198			4
2024.12.26	21:16:03.942		1.25199			4
2024.12.26	21:16:04.245		1.25200			4
2024.12.26	21:16:12.852		1.25199			4
2024.12.26	21:16:13.156	1.25195	1.25198			6
2024.12.26	21:16:13.468	1.25196	1.25199			6
2024.12.26	21:16:14.387	1.25198	1.25202			6
2024.12.26	21:16:14.693	1.25200	1.25204			6
2024.12.26	21:16:17.465	1.25202				2
2024.12.26	21:16:17.767	1.25203	1.25206			6
2024.12.26	21:16:18.082		1.25205			4
2024.12.26	21:16:18.390		1.25206			4
2024.12.26	21:16:18.699	1.25201	1.25205			6
2024.12.26	21:16:20.539		1.25204			4
2024.12.26	21:16:21.462		1.25205			4
2024.12.26	21:16:22.695	1.25202				2
2024.12.26	21:16:23.311		1.25206			4
2024.12.26	21:16:23.623	1.25201	1.25205			6
2024.12.26	21:16:24.852	1.25198	1.25202			6
2024.12.26	21:16:25.159		1.25203			4
2024.12.26	21:16:25.467	1.25199				2
2024.12.26	21:16:26.394	1.25197	1.25201			6
2024.12.26	21:16:30.072		1.25200			4
2024.12.26	21:16:30.694		1.25201			4
2024.12.26	21:16:31.311	1.25198	1.25203			6
2024.12.26	21:16:31.617		1.25204			4
2024.12.26	21:16:31.924	1.25199				2
2024.12.26	21:16:35.009		1.25201			4
2024.12.26	21:16:35.317	1.25196	1.25200			6
2024.12.26	21:16:38.085	1.25201	1.25204			6
2024.12.26	21:16:38.700	1.25203	1.25205			6
2024.12.26	21:16:41.776	1.25202	1.25203			6
2024.12.26	21:16:42.083		1.25205			4
2024.12.26	21:16:43.622	1.25199	1.25203			6
2024.12.26	21:16:43.925	1.25200				2
2024.12.26	21:16:44.242	1.25199				2
2024.12.26	21:16:45.464	1.25201				2
2024.12.26	21:16:46.082	1.25200				2
2024.12.26	21:16:51.619	1.25199				2
2024.12.26	21:16:56.550	1.25200				2
2024.12.26	21:16:57.768		1.25204			4
2024.12.26	21:16:58.075	1.25201				2
2024.12.26	21:16:59.916	1.25209	1.25211			6
2024.12.26	21:17:00.222	1.25211	1.25214			6
2024.12.26	21:17:00.531	1.25212				2
2024.12.26	21:17:00.836	1.25210				2
2024.12.26	21:17:08.215		1.25213			4
2024.12.26	21:17:09.753	1.25213	1.25215			6
2024.12.26	21:17:10.679	1.25212	1.25213			6
2024.12.26	21:17:11.607	1.25211				2
2024.12.26	21:17:12.832		1.25212			4
2024.12.26	21:17:13.146	1.25209	1.25213			6
2024.12.26	21:17:13.762	1.25211				2
2024.12.26	21:17:15.598		1.25214			4
2024.12.26	21:17:15.903	1.25212				2
2024.12.26	21:17:16.512	1.25210				2
2024.12.26	21:17:18.357		1.25213			4
2024.12.26	21:17:21.121	1.25204	1.25208			6
2024.12.26	21:17:22.355		1.25206			4
2024.12.26	21:17:22.965		1.25207			4
2024.12.26	21:17:27.892	1.25205	1.25210			6
2024.12.26	21:17:28.817		1.25208			4
2024.12.26	21:17:29.428	1.25203	1.25206			6
2024.12.26	21:17:30.049		1.25207			4
2024.12.26	21:17:30.665	1.25205	1.25208			6
2024.12.26	21:17:31.278		1.25209			4
2024.12.26	21:17:31.588		1.25208			4
2024.12.26	21:17:39.262		1.25206			4
2024.12.26	21:17:39.569	1.25202				2
2024.12.26	21:17:40.176		1.25205			4
2024.12.26	21:17:41.714	1.25203	1.25206			6
2024.12.26	21:17:44.785		1.25207			4
2024.12.26	21:17:45.087	1.25204	1.25208			6
2024.12.26	21:17:46.315	1.25205				2
2024.12.26	21:17:46.619		1.25209			4
2024.12.26	21:17:47.539	1.25204	1.25208			6
2024.12.26	21:17:48.154	1.25207	1.25209			6
2024.12.26	21:17:48.463	1.25205				2
2024.12.26	21:17:48.767		1.25208			4
2024.12.26	21:17:53.059	1.25211	1.25214			6
2024.12.26	21:17:55.828	1.25212				2
2024.12.26	21:18:00.141	1.25212				2
2024.12.26	21:18:02.605	1.25211	1.25213			6
2024.12.26	21:18:03.526	1.25210				2
2024.12.26	21:18:04.137		1.25212			4
2024.12.26	21:18:04.450		1.25213			4
2024.12.26	21:18:04.753	1.25211				2
2024.12.26	21:18:10.645	1.25210				2
2024.12.26	21:18:16.470	1.25211				2
2024.12.26	21:18:18.616		1.25214			4
2024.12.26	21:18:19.223		1.25213			4
2024.12.26	21:18:22.583		1.25212			4
2024.12.26	21:18:22.888	1.25206	1.25209			6
2024.12.26	21:18:28.099	1.25207				2
2024.12.26	21:18:28.703	1.25206				2
2024.12.26	21:18:32.675		1.25210			4
2024.12.26	21:18:32.976	1.25207				2
2024.12.26	21:18:33.894	1.25205	1.25208			6
2024.12.26	21:18:34.503		1.25207			4
2024.12.26	21:18:38.167	1.25206	1.25209			6
2024.12.26	21:18:40.302		1.25208			4
2024.12.26	21:18:40.921	1.25208	1.25210			6
2024.12.26	21:18:45.213	1.25209				2
2024.12.26	21:18:46.444	1.25208				2
2024.12.26	21:18:49.203	1.25207	1.25209			6
2024.12.26	21:18:50.426	1.25208	1.25210			6
2024.12.26	21:18:55.019	1.25207	1.25209			6
2024.12.26	21:18:56.858	1.25208	1.25210			6
2024.12.26	21:18:57.465	1.25210	1.25212			6
2024.12.26	21:18:57.768	1.25212	1.25214			6
2024.12.26	21:18:58.373	1.25211				2
2024.12.26	21:18:58.987	1.25210	1.25213			6
2024.12.26	21:18:59.290		1.25212			4
2024.12.26	21:18:59.597	1.25211	1.25213			6
2024.12.26	21:19:00.207	1.25211				2
2024.12.26	21:19:00.812	1.25210	1.25212			6
2024.12.26	21:19:01.120	1.25211	1.25213			6
2024.12.26	21:19:03.255	1.25205	1.25207			6
2024.12.26	21:19:04.171		1.25208			4
2024.12.26	21:19:04.492	1.25202	1.25204			6
2024.12.26	21:19:04.803	1.25200				2
2024.12.26	21:19:05.425	1.25201				2
2024.12.26	21:19:08.806	1.25202	1.25205			6
2024.12.26	21:19:09.117		1.25206			4
2024.12.26	21:19:09.730	1.25204	1.25207			6
2024.12.26	21:19:13.739		1.25208			4
2024.12.26	21:19:15.588	1.25206	1.25209			6
2024.12.26	21:19:15.900	1.25205				2
2024.12.26	21:19:17.747		1.25208			4
2024.12.26	21:19:18.363	1.25197	1.25200			6
2024.12.26	21:19:18.670	1.25192	1.25195			6
2024.12.26	21:19:18.986	1.25191				2
2024.12.26	21:19:19.293	1.25192				2
2024.12.26	21:19:19.602	1.25193	1.25197			6
2024.12.26	21:19:19.907	1.25195	1.25199			6
2024.12.26	21:19:20.213	1.25194	1.25198			6
2024.12.26	21:19:20.837	1.25195	1.25199			6
2024.12.26	21:19:21.453		1.25198			4
2024.12.26	21:19:21.759	1.25196	1.25199			6
2024.12.26	21:19:22.066	1.25194	1.25198			6
2024.12.26	21:19:22.999		1.25197			4
2024.12.26	21:19:24.224	1.25192	1.25196			6
2024.12.26	21:19:25.443	1.25193				2
2024.12.26	21:19:25.753		1.25197			4
2024.12.26	21:19:26.060		1.25196			4
2024.12.26	21:19:26.681	1.25189	1.25193			6
2024.12.26	21:19:26.989	1.25190	1.25194			6
2024.12.26	21:19:28.843	1.25191				2
2024.12.26	21:19:29.152	1.25190	1.25193			6
2024.12.26	21:19:32.207	1.25189				2
2024.12.26	21:19:32.522	1.25190				2
2024.12.26	21:19:36.208	1.25189				2
2024.12.26	21:19:36.824	1.25190				2
2024.12.26	21:19:37.441	1.25191	1.25194			6
2024.12.26	21:19:37.746		1.25193			4
2024.12.26	21:19:39.594	1.25192	1.25195			6
2024.12.26	21:19:40.525	1.25193	1.25196			6
2024.12.26	21:19:41.137	1.25192	1.25195			6
2024.12.26	21:19:44.829	1.25191	1.25194			6
2024.12.26	21:19:49.426		1.25195			4
2024.12.26	21:19:49.736		1.25194			4
2024.12.26	21:19:52.184		1.25195			4
2024.12.26	21:19:52.498		1.25194			4
2024.12.26	21:19:53.109		1.25195			4
2024.12.26	21:19:54.634	1.25192				2
2024.12.26	21:19:56.165	1.25191				2
2024.12.26	21:19:56.468	1.25192	1.25196			6
2024.12.26	21:19:58.929		1.25195			4
2024.12.26	21:20:00.156	1.25192				2
2024.12.26	21:20:00.466	1.25191	1.25194			6
2024.12.26	21:20:03.526	1.25193	1.25196			6
2024.12.26	21:20:05.061	1.25202	1.25204			6
2024.12.26	21:20:05.363		1.25207			4
2024.12.26	21:20:05.664	1.25203	1.25208			6
2024.12.26	21:20:06.595	1.25206	1.25210			6
2024.12.26	21:20:06.901		1.25209			4
2024.12.26	21:20:07.209	1.25205				2
2024.12.26	21:20:10.277	1.25206				2
2024.12.26	21:20:16.440	1.25204	1.25208			6
2024.12.26	21:20:16.743	1.25205				2
2024.12.26	21:20:18.602	1.25206	1.25210			6
2024.12.26	21:20:19.833	1.25201	1.25204			6
2024.12.26	21:20:20.135		1.25205			4
2024.12.26	21:20:20.456	1.25202				2
2024.12.26	21:20:21.381		1.25206			4
2024.12.26	21:20:21.994	1.25204	1.25208			6
2024.12.26	21:20:22.302	1.25205				2
2024.12.26	21:20:22.921	1.25204				2
2024.12.26	21:20:23.231	1.25205				2
2024.12.26	21:20:26.320		1.25207			4
2024.12.26	21:20:26.622		1.25208			4
2024.12.26	21:20:29.083	1.25204				2
2024.12.26	21:20:34.594	1.25205	1.25209			6
2024.12.26	21:20:34.907	1.25204	1.25207			6
2024.12.26	21:20:35.826	1.25205	1.25208			6
2024.12.26	21:20:36.136	1.25204				2
2024.12.26	21:20:48.381	1.25205				2
2024.12.26	21:20:51.422	1.25204				2
2024.12.26	21:20:52.956		1.25207			4
2024.12.26	21:20:54.794	1.25203				2
2024.12.26	21:20:55.107	1.25204				2
2024.12.26	21:20:56.638		1.25206			4
2024.12.26	21:20:56.948	1.25206	1.25208			6
2024.12.26	21:20:57.877	1.25205				2
2024.12.26	21:21:00.021	1.25205				2
2024.12.26	21:21:01.854	1.25204	1.25207			6
2024.12.26	21:21:05.190	1.25203	1.25205			6
2024.12.26	21:21:05.491	1.25204	1.25206			6
2024.12.26	21:21:06.706	1.25205	1.25207			6
2024.12.26	21:21:11.283	1.25203	1.25205			6
2024.12.26	21:21:11.591	1.25204	1.25206			6
2024.12.26	21:21:13.423	1.25203	1.25205			6
2024.12.26	21:21:15.551	1.25204	1.25206			6
2024.12.26	21:21:15.857	1.25205	1.25207			6
2024.12.26	21:21:17.067	1.25206	1.25208			6
2024.12.26	21:21:18.290	1.25207	1.25209			6
2024.12.26	21:21:23.804	1.25205	1.25207			6
2024.12.26	21:21:26.255	1.25204	1.25206			6
2024.12.26	21:21:27.176	1.25205	1.25207			6
2024.12.26	21:21:27.481	1.25206	1.25208			6
2024.12.26	21:21:29.315		1.25207			4
2024.12.26	21:21:29.619		1.25208			4
2024.12.26	21:21:36.338	1.25203	1.25205			6
2024.12.26	21:21:38.471		1.25204			4
2024.12.26	21:21:39.385	1.25205	1.25206			6
2024.12.26	21:21:39.686	1.25204				2
2024.12.26	21:21:40.606		1.25205			4
2024.12.26	21:21:40.907	1.25203				2
2024.12.26	21:21:41.210		1.25204			4
2024.12.26	21:21:43.035	1.25202				2
2024.12.26	21:21:43.638	1.25203				2
2024.12.26	21:21:43.940		1.25205			4
2024.12.26	21:21:46.981	1.25202	1.25204			6
2024.12.26	21:21:48.201		1.25203			4
2024.12.26	21:21:49.122	1.25198	1.25200			6
2024.12.26	21:21:49.425	1.25201	1.25203			6
2024.12.26	21:21:49.728		1.25202			4
2024.12.26	21:21:53.068	1.25200				2
2024.12.26	21:21:53.373	1.25201	1.25203			6
2024.12.26	21:21:53.988	1.25202	1.25204			6
2024.12.26	21:21:54.898	1.25203	1.25205			6
2024.12.26	21:21:55.202	1.25202	1.25204			6
2024.12.26	21:22:00.092	1.25201	1.25202			6
2024.12.26	21:22:00.401	1.25200				2
2024.12.26	21:22:00.702	1.25201				2
2024.12.26	21:22:01.319	1.25204	1.25205			6
2024.12.26	21:22:01.630		1.25206			4
2024.12.26	21:22:01.928	1.25203	1.25205			6
2024.12.26	21:22:02.547	1.25206	1.25208			6
2024.12.26	21:22:10.180	1.25205	1.25207			6
2024.12.26	21:22:12.014	1.25206	1.25208			6
2024.12.26	21:22:14.468	1.25211	1.25213			6
2024.12.26	21:22:14.771	1.25210	1.25212			6
2024.12.26	21:22:15.081	1.25211	1.25213			6
2024.12.26	21:22:15.995	1.25210	1.25212			6
2024.12.26	21:22:16.906	1.25207	1.25209			6
2024.12.26	21:22:17.208	1.25206	1.25208			6
2024.12.26	21:22:17.517	1.25207	1.25209			6
2024.12.26	21:22:24.276	1.25206	1.25208			6
2024.12.26	21:22:24.896	1.25207	1.25209			6
2024.12.26	21:22:27.973		1.25208			4
2024.12.26	21:22:28.281		1.25209			4
2024.12.26	21:22:29.812	1.25206	1.25208			6
2024.12.26	21:22:31.335		1.25207			4
2024.12.26	21:22:33.185		1.25208			4
2024.12.26	21:22:35.626	1.25207	1.25209			6
2024.12.26	21:22:36.236	1.25205	1.25207			6
2024.12.26	21:22:48.787	1.25206				2
2024.12.26	21:22:56.140	1.25204	1.25206			6
2024.12.26	21:22:56.750	1.25205	1.25207			6
2024.12.26	21:22:59.484	1.25206	1.25208			6
2024.12.26	21:23:00.097	1.25206				2
2024.12.26	21:23:00.401		1.25207			4
2024.12.26	21:23:01.629		1.25208			4
2024.12.26	21:23:02.846	1.25204	1.25206			6
2024.12.26	21:23:03.466	1.25205				2
2024.12.26	21:23:03.769		1.25207			4
2024.12.26	21:23:06.525		1.25206			4
2024.12.26	21:23:07.432		1.25207			4
2024.12.26	21:23:08.647	1.25204	1.25206			6
2024.12.26	21:23:09.259	1.25205	1.25207			6
2024.12.26	21:23:09.868	1.25204	1.25206			6
2024.12.26	21:23:12.929	1.25203	1.25205			6
2024.12.26	21:23:15.701	1.25204	1.25206			6
2024.12.26	21:23:16.937	1.25206	1.25208			6
2024.12.26	21:23:17.241	1.25205	1.25207			6
2024.12.26	21:23:18.770	1.25206				2
2024.12.26	21:23:20.005	1.25205				2
2024.12.26	21:23:20.317	1.25204	1.25206			6
2024.12.26	21:23:25.855	1.25205	1.25207			6
2024.12.26	21:23:32.925	1.25204	1.25206			6
2024.12.26	21:23:33.540	1.25205	1.25207			6
2024.12.26	21:23:35.385	1.25204	1.25206			6
2024.12.26	21:23:35.690	1.25202	1.25204			6
2024.12.26	21:23:36.618	1.25201	1.25202			6
2024.12.26	21:23:36.927	1.25202	1.25203			6
2024.12.26	21:23:39.385	1.25203	1.25204			6
2024.12.26	21:23:41.233	1.25202	1.25203			6
2024.12.26	21:23:42.463		1.25204			4
2024.12.26	21:23:42.774		1.25203			4
2024.12.26	21:23:49.220		1.25204			4
2024.12.26	21:23:49.528	1.25203	1.25205			6
2024.12.26	21:23:54.138	1.25202	1.25204			6
2024.12.26	21:23:56.603	1.25203				2
2024.12.26	21:24:00.279	1.25203				2
2024.12.26	21:24:04.580		1.25205			4
2024.12.26	21:24:05.807	1.25202	1.25204			6
2024.12.26	21:24:06.117	1.25203	1.25205			6
2024.12.26	21:24:11.640	1.25202	1.25204			6
2024.12.26	21:24:30.670	1.25203				2
2024.12.26	21:24:35.896	1.25205	1.25206			6
2024.12.26	21:24:36.199	1.25207	1.25209			6
2024.12.26	21:24:37.114		1.25208			4
2024.12.26	21:24:39.262	1.25209	1.25210			6
2024.12.26	21:24:39.569	1.25210	1.25212			6
2024.12.26	21:24:40.184	1.25211	1.25213			6
2024.12.26	21:24:40.489		1.25212			4
2024.12.26	21:24:42.338	1.25212	1.25213			6
2024.12.26	21:24:43.571	1.25211				2
2024.12.26	21:24:43.874	1.25212				2
2024.12.26	21:24:46.032		1.25214			4
2024.12.26	21:24:46.651		1.25213			4
2024.12.26	21:24:47.264	1.25214	1.25216			6
2024.12.26	21:24:47.573	1.25213	1.25215			6
2024.12.26	21:24:47.887	1.25214	1.25216			6
2024.12.26	21:24:48.195	1.25213	1.25215			6
2024.12.26	21:24:52.819	1.25215	1.25217			6
2024.12.26	21:24:53.125		1.25216			4
2024.12.26	21:24:53.746		1.25217			4
2024.12.26	21:24:54.360	1.25214	1.25216			6
2024.12.26	21:24:56.514	1.25215	1.25217			6
2024.12.26	21:24:59.279	1.25214	1.25215			6
2024.12.26	21:25:00.201	1.25214				2
2024.12.26	21:25:00.509	1.25215	1.25217			6
2024.12.26	21:25:01.131	1.25214	1.25215			6
2024.12.26	21:25:02.357	1.25216	1.25218			6
2024.12.26	21:25:02.964		1.25217			4
2024.12.26	21:25:04.196	1.25214	1.25216			6
2024.12.26	21:25:05.110		1.25215			4
2024.12.26	21:25:07.253		1.25216			4
2024.12.26	21:25:07.552		1.25215			4
2024.12.26	21:25:12.803	1.25215	1.25217			6
2024.12.26	21:25:16.501	1.25214	1.25215			6
2024.12.26	21:25:18.041	1.25215	1.25217			6
2024.12.26	21:25:21.125	1.25216				2
2024.12.26	21:25:21.430		1.25218			4
2024.12.26	21:25:23.285	1.25215	1.25217			6
2024.12.26	21:25:23.591		1.25216			4
2024.12.26	21:25:23.898	1.25214	1.25215			6
2024.12.26	21:25:24.512		1.25216			4
2024.12.26	21:25:24.820	1.25215	1.25217			6
2024.12.26	21:25:31.264	1.25214	1.25216			6
2024.12.26	21:25:32.492	1.25215	1.25217			6
2024.12.26	21:25:32.800	1.25214	1.25216			6
2024.12.26	21:25:33.105	1.25215	1.25217			6
2024.12.26	21:25:36.473	1.25216	1.25218			6
2024.12.26	21:25:37.085		1.25217			4
2024.12.26	21:25:37.386	1.25215				2
2024.12.26	21:25:40.147		1.25216			4
2024.12.26	21:25:40.766		1.25217			4
2024.12.26	21:25:48.851	1.25213	1.25215			6
2024.12.26	21:25:50.992	1.25214				2
2024.12.26	21:25:54.057	1.25213	1.25214			6
2024.12.26	21:25:54.365	1.25214	1.25216			6
2024.12.26	21:25:54.669	1.25213	1.25215			6
2024.12.26	21:25:55.897	1.25214				2
2024.12.26	21:25:58.047		1.25216			4
2024.12.26	21:25:58.349	1.25215	1.25217			6
2024.12.26	21:25:58.658	1.25216	1.25218			6
2024.12.26	21:26:00.196	1.25216				2
2024.12.26	21:26:04.485	1.25214	1.25215			6
2024.12.26	21:26:05.406	1.25215	1.25216			6
2024.12.26	21:26:05.716		1.25217			4
2024.12.26	21:26:06.018	1.25216	1.25218			6
2024.12.26	21:26:07.246	1.25213	1.25214			6
2024.12.26	21:26:07.549		1.25215			4
2024.12.26	21:26:07.858	1.25214				2
2024.12.26	21:26:10.324	1.25213				2
2024.12.26	21:26:10.632	1.25214				2
2024.12.26	21:26:11.554	1.25213				2
2024.12.26	21:26:13.090	1.25216	1.25218			6
2024.12.26	21:26:16.182		1.25217			4
2024.12.26	21:26:17.107	1.25215				2
2024.12.26	21:26:19.260	1.25214	1.25215			6
2024.12.26	21:26:26.047	1.25213	1.25214			6
2024.12.26	21:26:27.274	1.25214	1.25215			6
2024.12.26	21:26:27.588	1.25213	1.25214			6
2024.12.26	21:26:29.747	1.25217	1.25218			6
2024.12.26	21:26:30.364		1.25219			4
2024.12.26	21:26:40.556	1.25218				2
2024.12.26	21:26:42.395		1.25220			4
2024.12.26	21:26:46.990		1.25219			4
2024.12.26	21:26:47.300	1.25217				2
2024.12.26	21:26:47.615	1.25218				2
2024.12.26	21:27:00.180	1.25218				2
2024.12.26	21:27:00.795	1.25220	1.25221			6
2024.12.26	21:27:01.405	1.25221	1.25222			6
2024.12.26	21:27:02.013	1.25220	1.25221			6
2024.12.26	21:27:03.247	1.25222	1.25223			6
2024.12.26	21:27:06.629	1.25220	1.25221			6
2024.12.26	21:27:06.938	1.25219				2
2024.12.26	21:27:08.474	1.25220				2
2024.12.26	21:27:09.401	1.25222	1.25223			6
2024.12.26	21:27:10.631	1.25221	1.25222			6
2024.12.26	21:27:11.560	1.25220	1.25221			6
2024.12.26	21:27:12.795	1.25222	1.25223			6
2024.12.26	21:27:14.326	1.25224	1.25225			6
2024.12.26	21:27:14.641	1.25223				2
2024.12.26	21:27:15.877	1.25224				2
2024.12.26	21:27:16.494	1.25223				2
2024.12.26	21:27:16.803	1.25224				2
2024.12.26	21:27:17.110	1.25222	1.25224			6
2024.12.26	21:27:22.049	1.25223				2
2024.12.26	21:27:29.760	1.25224	1.25225			6
2024.12.26	21:27:30.373	1.25223	1.25224			6
2024.12.26	21:27:35.274	1.25218	1.25219			6
2024.12.26	21:27:35.580	1.25216	1.25217			6
2024.12.26	21:27:35.886	1.25217	1.25218			6
2024.12.26	21:27:36.192	1.25216	1.25217			6
2024.12.26	21:27:36.500		1.25218			4
2024.12.26	21:27:40.809		1.25217			4
2024.12.26	21:27:41.421		1.25218			4
2024.12.26	21:27:43.271	1.25217				2
2024.12.26	21:27:50.660	1.25215	1.25216			6
2024.12.26	21:28:00.159	1.25215				2
2024.12.26	21:28:00.463	1.25214	1.25215			6
2024.12.26	21:28:07.816	1.25217	1.25218			6
2024.12.26	21:28:09.354	1.25216				2
2024.12.26	21:28:10.881	1.25217				2
2024.12.26	21:28:13.029	1.25218	1.25221			6
2024.12.26	21:28:13.643		1.25219			4
2024.12.26	21:28:15.175	1.25217				2
2024.12.26	21:28:15.786	1.25218				2
2024.12.26	21:28:17.938	1.25217				2
2024.12.26	21:28:18.545	1.25223	1.25224			6
2024.12.26	21:28:18.850	1.25224	1.25226			6
2024.12.26	21:28:19.154	1.25222	1.25225			6
2024.12.26	21:28:20.078	1.25223				2
2024.12.26	21:28:20.998	1.25224				2
2024.12.26	21:28:21.923	1.25223				2
2024.12.26	21:28:27.768	1.25224				2
2024.12.26	21:28:30.232	1.25223				2
2024.12.26	21:28:36.396	1.25224				2
2024.12.26	21:28:36.700	1.25223				2
2024.12.26	21:28:37.315	1.25222	1.25223			6
2024.12.26	21:28:38.849		1.25224			4
2024.12.26	21:28:39.153		1.25223			4
2024.12.26	21:28:40.080		1.25224			4
2024.12.26	21:28:40.388	1.25217	1.25220			6
2024.12.26	21:28:40.692	1.25218	1.25219			6
2024.12.26	21:28:41.323	1.25217				2
2024.12.26	21:28:41.623	1.25216	1.25218			6
2024.12.26	21:28:41.926	1.25220	1.25223			6
2024.12.26	21:28:42.851	1.25222	1.25225			6
2024.12.26	21:28:43.162	1.25221	1.25224			6
2024.12.26	21:28:43.780	1.25222	1.25225			6
2024.12.26	21:28:44.704	1.25221	1.25223			6
2024.12.26	21:28:45.321	1.25222				2
2024.12.26	21:28:47.171	1.25221				2
2024.12.26	21:28:51.163	1.25222				2
2024.12.26	21:28:52.700		1.25225			4
2024.12.26	21:29:00.044	1.25222				2
2024.12.26	21:29:05.557		1.25224			4
2024.12.26	21:29:09.233		1.25223			4
2024.12.26	21:29:09.845	1.25221				2
2024.12.26	21:29:10.153	1.25218	1.25219			6
2024.12.26	21:29:11.072	1.25217				2
2024.12.26	21:29:13.224		1.25218			4
2024.12.26	21:29:15.997	1.25218	1.25219			6
2024.12.26	21:29:19.380	1.25217				2
2024.12.26	21:29:20.911	1.25220	1.25223			6
2024.12.26	21:29:21.216	1.25221				2
2024.12.26	21:29:25.532		1.25224			4
2024.12.26	21:29:25.842	1.25222	1.25225			6
2024.12.26	21:29:27.692	1.25221	1.25224			6
2024.12.26	21:29:28.002	1.25222				2
2024.12.26	21:29:29.541	1.25221				2
2024.12.26	21:29:32.929	1.25222				2
2024.12.26	21:29:33.239	1.25221				2
2024.12.26	21:29:33.551	1.25222	1.25225			6
2024.12.26	21:29:34.160	1.25220	1.25222			6
2024.12.26	21:29:34.467	1.25221	1.25224			6
2024.12.26	21:29:35.392		1.25223			4
2024.12.26	21:29:36.311	1.25220				2
2024.12.26	21:29:36.928	1.25223	1.25226			6
2024.12.26	21:29:37.241	1.25222				2
2024.12.26	21:29:39.393	1.25223				2
2024.12.26	21:29:41.241	1.25224				2
2024.12.26	21:29:43.396	1.25223				2
2024.12.26	21:29:47.093	1.25224				2
2024.12.26	21:29:47.408	1.25223				2
2024.12.26	21:29:47.710		1.25225			4
2024.12.26	21:29:48.018	1.25222	1.25224			6
2024.12.26	21:29:52.026	1.25221				2
2024.12.26	21:29:52.640	1.25222				2
2024.12.26	21:29:54.493	1.25221				2
2024.12.26	21:29:55.711		1.25225			4
2024.12.26	21:29:56.627	1.25223	1.25226			6
2024.12.26	21:29:56.931		1.25225			4
2024.12.26	21:29:59.388	1.25222				2
2024.12.26	21:30:00.004	1.25222				2
2024.12.26	21:30:00.306	1.25223				2
2024.12.26	21:30:00.920	1.25224				2
2024.12.26	21:30:02.757	1.25223				2
2024.12.26	21:30:03.368	1.25224	1.25226			6
2024.12.26	21:30:06.437	1.25223				2
2024.12.26	21:30:07.353		1.25225			4
2024.12.26	21:30:09.235	1.25224				2
2024.12.26	21:30:11.377	1.25223				2
2024.12.26	21:30:14.112	1.25214	1.25218			6
2024.12.26	21:30:14.414		1.25217			4
2024.12.26	21:30:14.720	1.25215				2
2024.12.26	21:30:15.030	1.25216	1.25218			6
2024.12.26	21:30:15.961	1.25217	1.25220			6
2024.12.26	21:30:16.877	1.25218	1.25223			6
2024.12.26	21:30:18.109	1.25220				2
2024.12.26	21:30:19.956	1.25221	1.25224			6
2024.12.26	21:30:20.262		1.25225			4
2024.12.26	21:30:20.881		1.25224			4
2024.12.26	21:30:21.498		1.25222			4
2024.12.26	21:30:21.808	1.25220				2
2024.12.26	21:30:23.346	1.25219				2
2024.12.26	21:30:25.495	1.25221	1.25223			6
2024.12.26	21:30:25.805		1.25224			4
2024.12.26	21:30:27.656	1.25223	1.25225			6
2024.12.26	21:30:28.578	1.25221	1.25223			6
2024.12.26	21:30:28.882	1.25220				2
2024.12.26	21:30:29.191	1.25221				2
2024.12.26	21:30:29.804		1.25222			4
2024.12.26	21:30:32.585	1.25220				2
2024.12.26	21:30:35.670	1.25221				2
2024.12.26	21:30:37.515		1.25223			4
2024.12.26	21:30:39.063	1.25222	1.25224			6
2024.12.26	21:30:39.369		1.25223			4
2024.12.26	21:30:39.676	1.25221	1.25224			6
2024.12.26	21:30:40.909	1.25222				2
2024.12.26	21:30:42.439		1.25225			4
2024.12.26	21:30:42.746	1.25223				2
2024.12.26	21:30:44.288	1.25222	1.25224			6
2024.12.26	21:30:45.522		1.25225			4
2024.12.26	21:30:45.828	1.25223				2
2024.12.26	21:30:47.982	1.25222				2
2024.12.26	21:30:51.043	1.25224				2
2024.12.26	21:30:51.659	1.25223				2
2024.12.26	21:30:52.580	1.25224				2
2024.12.26	21:30:53.500		1.25228			4
2024.12.26	21:30:53.802	1.25223	1.25226			6
2024.12.26	21:30:54.412	1.25225				2
2024.12.26	21:30:54.719		1.25229			4
2024.12.26	21:30:56.554		1.25227			4
2024.12.26	21:30:56.862	1.25223	1.25225			6
2024.12.26	21:30:57.162	1.25222				2
2024.12.26	21:30:57.470	1.25221				2
2024.12.26	21:31:00.250	1.25221				2
2024.12.26	21:31:00.555		1.25224			4
2024.12.26	21:31:01.173		1.25222			4
2024.12.26	21:31:01.481	1.25215	1.25216			6
2024.12.26	21:31:01.787	1.25212	1.25214			6
2024.12.26	21:31:02.402	1.25213	1.25215			6
2024.12.26	21:31:03.326	1.25212				2
2024.12.26	21:31:11.328	1.25214	1.25216			6
2024.12.26	21:31:11.637	1.25213	1.25215			6
2024.12.26	21:31:13.544	1.25212				2
2024.12.26	21:31:15.392		1.25216			4
2024.12.26	21:31:17.544		1.25215			4
2024.12.26	21:31:19.699		1.25216			4
2024.12.26	21:31:20.317	1.25213				2
2024.12.26	21:31:21.240	1.25212	1.25214			6
2024.12.26	21:31:23.701	1.25210	1.25211			6
2024.12.26	21:31:24.015	1.25206	1.25208			6
2024.12.26	21:31:24.321		1.25207			4
2024.12.26	21:31:24.624		1.25208			4
2024.12.26	21:31:24.929	1.25205				2
2024.12.26	21:31:26.158	1.25206				2
2024.12.26	21:31:30.155	1.25205				2
2024.12.26	21:31:41.217	1.25211	1.25212			6
2024.12.26	21:31:41.521		1.25214			4
2024.12.26	21:31:42.744		1.25213			4
2024.12.26	21:31:43.361		1.25214			4
2024.12.26	21:31:47.054		1.25213			4
2024.12.26	21:31:47.670		1.25214			4
2024.12.26	21:31:49.209		1.25213			4
2024.12.26	21:31:51.363	1.25212				2
2024.12.26	21:31:51.672	1.25204	1.25205			6
2024.12.26	21:31:52.283	1.25202				2
2024.12.26	21:31:52.590		1.25204			4
2024.12.26	21:31:54.442	1.25205	1.25208			6
2024.12.26	21:31:55.981	1.25203	1.25204			6
2024.12.26	21:31:57.520	1.25202				2
2024.12.26	21:32:00.289	1.25202				2
2024.12.26	21:32:01.209	1.25203	1.25205			6
2024.12.26	21:32:01.517	1.25210	1.25211			6
2024.12.26	21:32:01.827	1.25211	1.25213			6
2024.12.26	21:32:02.136		1.25215			4
2024.12.26	21:32:02.444		1.25214			4
2024.12.26	21:32:04.908		1.25213			4
2024.12.26	21:32:09.203	1.25212	1.25214			6
2024.12.26	21:32:09.512		1.25213			4
2024.12.26	21:32:10.435	1.25211				2
2024.12.26	21:32:19.629	1.25212	1.25214			6
2024.12.26	21:32:29.736		1.25213			4
2024.12.26	21:32:31.270		1.25214			4
2024.12.26	21:32:35.869	1.25213	1.25218			6
2024.12.26	21:32:37.710	1.25215	1.25220			6
2024.12.26	21:32:38.018		1.25218			4
2024.12.26	21:32:38.322	1.25214	1.25217			6
2024.12.26	21:32:39.555	1.25215	1.25218			6
2024.12.26	21:32:39.864	1.25214	1.25217			6
2024.12.26	21:32:40.169		1.25218			4
2024.12.26	21:32:40.784		1.25217			4
2024.12.26	21:32:41.705		1.25218			4
2024.12.26	21:32:42.323		1.25217			4
2024.12.26	21:32:43.859		1.25218			4
2024.12.26	21:32:44.165	1.25213	1.25214			6
2024.12.26	21:32:45.092		1.25215			4
2024.12.26	21:32:45.399		1.25214			4
2024.12.26	21:32:47.864		1.25215			4
2024.12.26	21:32:49.706		1.25218			4
2024.12.26	21:32:51.245	1.25214				2
2024.12.26	21:32:54.627	1.25213				2
2024.12.26	21:32:58.005		1.25215			4
2024.12.26	21:32:58.312		1.25216			4
2024.12.26	21:32:58.622		1.25218			4
2024.12.26	21:32:59.533		1.25215			4
2024.12.26	21:33:00.145	1.25213				2
2024.12.26	21:33:02.590		1.25218			4
2024.12.26	21:33:04.422	1.25214				2
2024.12.26	21:33:06.874	1.25217	1.25219			6
2024.12.26	21:33:07.182	1.25219	1.25221			6
2024.12.26	21:33:07.487	1.25218				2
2024.12.26	21:33:08.101	1.25221	1.25223			6
2024.12.26	21:33:08.410	1.25222	1.25224			6
2024.12.26	21:33:08.719		1.25223			4
2024.12.26	21:33:16.426		1.25225			4
2024.12.26	21:33:19.524		1.25224			4
2024.12.26	21:33:20.141		1.25225			4
2024.12.26	21:33:20.452		1.25224			4
2024.12.26	21:33:21.985		1.25223			4
2024.12.26	21:33:34.262		1.25224			4
2024.12.26	21:33:34.867		1.25223			4
2024.12.26	21:33:38.221	1.25216	1.25217			6
2024.12.26	21:33:39.433	1.25217	1.25219			6
2024.12.26	21:33:40.356		1.25220			4
2024.12.26	21:33:43.438	1.25220	1.25223			6
2024.12.26	21:33:49.294	1.25222				2
2024.12.26	21:33:49.608	1.25221	1.25224			6
2024.12.26	21:33:49.913		1.25223			4
2024.12.26	21:33:50.217		1.25224			4
2024.12.26	21:33:50.525	1.25222				2
2024.12.26	21:33:52.366		1.25223			4
2024.12.26	21:33:57.588		1.25224			4
2024.12.26	21:33:57.898		1.25223			4
2024.12.26	21:34:00.042	1.25222	1.25224			6
2024.12.26	21:34:00.347		1.25223			4
2024.12.26	21:34:03.728	1.25220				2
2024.12.26	21:34:04.032		1.25222			4
2024.12.26	21:34:04.955	1.25221				2
2024.12.26	21:34:10.461		1.25224			4
2024.12.26	21:34:10.763		1.25222			4
2024.12.26	21:34:11.385		1.25223			4
2024.12.26	21:34:15.682	1.25222	1.25224			6
2024.12.26	21:34:16.295		1.25225			4
2024.12.26	21:34:16.603	1.25224	1.25227			6
2024.12.26	21:34:16.906	1.25225	1.25228			6
2024.12.26	21:34:17.214	1.25224				2
2024.12.26	21:34:18.750	1.25225				2
2024.12.26	21:34:19.365	1.25224				2
2024.12.26	21:34:21.212	1.25223	1.25225			6
2024.12.26	21:34:21.515	1.25224	1.25227			6
2024.12.26	21:34:21.820		1.25228			4
2024.12.26	21:34:26.703	1.25223	1.25225			6
2024.12.26	21:34:27.007	1.25222				2
2024.12.26	21:34:28.524		1.25224			4
2024.12.26	21:34:35.569		1.25223			4
2024.12.26	21:34:39.252		1.25224			4
2024.12.26	21:34:39.553		1.25225			4
2024.12.26	21:34:39.858	1.25223				2
2024.12.26	21:34:44.130	1.25222	1.25224			6
2024.12.26	21:34:44.435		1.25225			4
2024.12.26	21:34:44.744	1.25224	1.25226			6
2024.12.26	21:34:45.359		1.25225			4
2024.12.26	21:34:45.661	1.25223				2
2024.12.26	21:34:46.274	1.25224				2
2024.12.26	21:34:47.197	1.25223				2
2024.12.26	21:34:49.646		1.25224			4
2024.12.26	21:34:49.958	1.25222	1.25223			6
2024.12.26	21:34:56.386	1.25223	1.25224			6
2024.12.26	21:34:56.692	1.25222				2
2024.12.26	21:34:59.435	1.25223				2
2024.12.26	21:35:00.042	1.25223	1.25225			6
2024.12.26	21:35:00.960		1.25224			4
2024.12.26	21:35:01.262	1.25222	1.25223			6
2024.12.26	21:35:01.564		1.25224			4
2024.12.26	21:35:03.095	1.25223				2
2024.12.26	21:35:05.842	1.25222	1.25223			6
2024.12.26	21:35:06.155		1.25224			4
2024.12.26	21:35:07.688	1.25225	1.25227			6
2024.12.26	21:35:08.293	1.25224	1.25226			6
2024.12.26	21:35:08.600		1.25225			4
2024.12.26	21:35:13.466	1.25223	1.25224			6
2024.12.26	21:35:13.768		1.25225			4
2024.12.26	21:35:16.522	1.25224				2
2024.12.26	21:35:23.552	1.25223				2
2024.12.26	21:35:23.861	1.25224				2
2024.12.26	21:35:25.078	1.25223	1.25224			6
2024.12.26	21:35:25.690		1.25225			4
2024.12.26	21:35:25.993	1.25224				2
2024.12.26	21:35:26.300	1.25223	1.25224			6
2024.12.26	21:35:29.982		1.25225			4
2024.12.26	21:35:31.818		1.25224			4
2024.12.26	21:35:32.123	1.25221	1.25222			6
2024.12.26	21:35:34.272	1.25222	1.25223			6
2024.12.26	21:35:34.574	1.25223	1.25224			6
2024.12.26	21:35:39.485	1.25226	1.25227			6
2024.12.26	21:35:39.792	1.25231	1.25232			6
2024.12.26	21:35:41.628	1.25232	1.25235			6
2024.12.26	21:35:41.934	1.25233	1.25236			6
2024.12.26	21:35:42.538		1.25237			4
2024.12.26	21:35:45.907		1.25235			4
2024.12.26	21:35:48.975	1.25234	1.25237			6
2024.12.26	21:35:51.729		1.25235			4
2024.12.26	21:35:57.255		1.25237			4
2024.12.26	21:35:58.788		1.25235			4
2024.12.26	21:36:00.016	1.25234				2
2024.12.26	21:36:00.320		1.25237			4
2024.12.26	21:36:01.846		1.25235			4
2024.12.26	21:36:02.763		1.25237			4
2024.12.26	21:36:03.685		1.25235			4
2024.12.26	21:36:03.986		1.25237			4
2024.12.26	21:36:06.762		1.25235			4
2024.12.26	21:36:07.372		1.25237			4
2024.12.26	21:36:08.605		1.25236			4
2024.12.26	21:36:09.529		1.25235			4
2024.12.26	21:36:11.359	1.25232	1.25234			6
2024.12.26	21:36:13.507		1.25233			4
2024.12.26	21:36:14.123		1.25234			4
2024.12.26	21:36:14.740		1.25233			4
2024.12.26	21:36:15.043		1.25234			4
2024.12.26	21:36:15.657		1.25233			4
2024.12.26	21:36:17.504		1.25234			4
2024.12.26	21:36:17.806		1.25233			4
2024.12.26	21:36:18.118		1.25234			4
2024.12.26	21:36:18.738		1.25233			4
2024.12.26	21:36:20.280	1.25231	1.25234			6
2024.12.26	21:36:20.582		1.25233			4
2024.12.26	21:36:22.436	1.25234	1.25236			6
2024.12.26	21:36:23.660		1.25237			4
2024.12.26	21:36:24.902	1.25236				2
2024.12.26	21:36:27.671	1.25235	1.25238			6
2024.12.26	21:36:29.518		1.25237			4
2024.12.26	21:36:31.666	1.25234	1.25235			6
2024.12.26	21:36:31.981	1.25232				2
2024.12.26	21:36:32.284	1.25233				2
2024.12.26	21:36:33.209	1.25234	1.25237			6
2024.12.26	21:36:33.519	1.25235	1.25238			6
2024.12.26	21:36:33.827		1.25237			4
2024.12.26	21:36:35.056	1.25238	1.25240			6
2024.12.26	21:36:36.290	1.25237				2
2024.12.26	21:36:36.597	1.25239	1.25242			6
2024.12.26	21:36:36.906		1.25241			4
2024.12.26	21:36:38.441		1.25242			4
2024.12.26	21:36:38.749		1.25241			4
2024.12.26	21:36:39.981		1.25242			4
2024.12.26	21:36:41.211		1.25241			4
2024.12.26	21:36:41.521	1.25241	1.25243			6
2024.12.26	21:36:43.365	1.25240				2
2024.12.26	21:36:45.832	1.25236	1.25237			6
2024.12.26	21:36:46.141	1.25235				2
2024.12.26	21:36:46.447	1.25234	1.25238			6
2024.12.26	21:36:46.757	1.25235				2
2024.12.26	21:36:47.368	1.25234				2
2024.12.26	21:36:52.297	1.25232	1.25235			6
2024.12.26	21:36:52.909	1.25234	1.25237			6
2024.12.26	21:36:53.219	1.25233				2
2024.12.26	21:36:55.073	1.25234				2
2024.12.26	21:36:57.848	1.25233				2
2024.12.26	21:36:58.154	1.25240	1.25244			6
2024.12.26	21:37:00.001	1.25241	1.25243			6
2024.12.26	21:37:00.303	1.25240	1.25244			6
2024.12.26	21:37:07.051		1.25245			4
2024.12.26	21:37:08.277		1.25244			4
2024.12.26	21:37:13.173	1.25241				2
2024.12.26	21:37:14.091		1.25246			4
2024.12.26	21:37:14.398	1.25242	1.25244			6
2024.12.26	21:37:15.312	1.25241				2
2024.12.26	21:37:18.391	1.25242				2
2024.12.26	21:37:27.581	1.25243	1.25247			6
2024.12.26	21:37:27.891	1.25244				2
2024.12.26	21:37:28.194		1.25248			4
2024.12.26	21:37:28.497		1.25246			4
2024.12.26	21:37:29.419	1.25245	1.25247			6
2024.12.26	21:37:30.958		1.25246			4
2024.12.26	21:37:31.260		1.25247			4
2024.12.26	21:37:31.570	1.25244	1.25246			6
2024.12.26	21:37:32.179	1.25246	1.25248			6
2024.12.26	21:37:34.339	1.25245				2
2024.12.26	21:37:34.955	1.25244	1.25247			6
2024.12.26	21:37:35.266	1.25245	1.25248			6
2024.12.26	21:37:35.880	1.25244	1.25247			6
2024.12.26	21:37:36.189	1.25245	1.25246			6
2024.12.26	21:37:36.496		1.25247			4
2024.12.26	21:37:36.811	1.25244	1.25246			6
2024.12.26	21:37:37.118	1.25245	1.25247			6
2024.12.26	21:37:42.341		1.25248			4
2024.12.26	21:37:42.643		1.25247			4
2024.12.26	21:37:43.574	1.25246				2
2024.12.26	21:37:43.876	1.25245				2
2024.12.26	21:37:46.017	1.25246				2
2024.12.26	21:37:53.041	1.25245				2
2024.12.26	21:37:55.491	1.25242	1.25245			6
2024.12.26	21:37:55.793		1.25243			4
2024.12.26	21:37:56.094		1.25244			4
2024.12.26	21:37:59.172	1.25243	1.25246			6
2024.12.26	21:37:59.482	1.25242	1.25244			6
2024.12.26	21:38:00.100	1.25242				2
2024.12.26	21:38:00.408		1.25245			4
2024.12.26	21:38:00.715		1.25244			4
2024.12.26	21:38:03.473	1.25243				2
2024.12.26	21:38:03.777	1.25242				2
2024.12.26	21:38:12.720		1.25245			4
2024.12.26	21:38:13.641	1.25243				2
2024.12.26	21:38:16.097	1.25248	1.25249			6
2024.12.26	21:38:17.018	1.25247	1.25248			6
2024.12.26	21:38:17.323	1.25246				2
2024.12.26	21:38:18.242	1.25244				2
2024.12.26	21:38:25.637	1.25243	1.25247			6
2024.12.26	21:38:25.943	1.25244	1.25248			6
2024.12.26	21:38:29.928	1.25246	1.25247			6
2024.12.26	21:38:30.238	1.25245	1.25248			6
2024.12.26	21:38:30.546	1.25244				2
2024.12.26	21:38:31.456	1.25245	1.25247			6
2024.12.26	21:38:31.762	1.25246				2
2024.12.26	21:38:33.299	1.25245				2
2024.12.26	21:38:33.603	1.25246				2
2024.12.26	21:38:33.912	1.25245				2
2024.12.26	21:38:35.142		1.25248			4
2024.12.26	21:38:35.757		1.25247			4
2024.12.26	21:38:36.676	1.25246				2
2024.12.26	21:38:37.602		1.25248			4
2024.12.26	21:38:37.904	1.25245				2
2024.12.26	21:38:38.211		1.25249			4
2024.12.26	21:38:39.130		1.25248			4
2024.12.26	21:38:40.051	1.25246				2
2024.12.26	21:38:40.973		1.25250			4
2024.12.26	21:38:41.278		1.25248			4
2024.12.26	21:38:41.895	1.25247	1.25251			6
2024.12.26	21:38:42.201	1.25251	1.25254			6
2024.12.26	21:38:42.508		1.25253			4
2024.12.26	21:38:43.125	1.25250				2
2024.12.26	21:38:43.430	1.25249				2
2024.12.26	21:38:43.734	1.25250				2
2024.12.26	21:38:45.578	1.25251				2
2024.12.26	21:38:45.883	1.25250				2
2024.12.26	21:38:47.117	1.25251				2
2024.12.26	21:38:47.731	1.25250				2
2024.12.26	21:38:48.653	1.25252	1.25255			6
2024.12.26	21:38:48.956	1.25253	1.25256			6
2024.12.26	21:38:49.569		1.25257			4
2024.12.26	21:38:50.796		1.25256			4
2024.12.26	21:38:51.101	1.25251	1.25255			6
2024.12.26	21:38:51.716		1.25256			4
2024.12.26	21:38:52.018		1.25255			4
2024.12.26	21:38:52.940	1.25250				2
2024.12.26	21:38:53.253	1.25251				2
2024.12.26	21:38:56.622		1.25253			4
2024.12.26	21:38:56.923		1.25254			4
2024.12.26	21:38:57.538	1.25248	1.25252			6
2024.12.26	21:38:57.842		1.25253			4
2024.12.26	21:38:59.680	1.25247	1.25251			6
2024.12.26	21:39:00.296	1.25247				2
2024.12.26	21:39:00.912		1.25250			4
2024.12.26	21:39:01.521	1.25248	1.25252			6
2024.12.26	21:39:01.825	1.25247	1.25250			6
2024.12.26	21:39:04.280		1.25252			4
2024.12.26	21:39:05.497		1.25250			4
2024.12.26	21:39:05.808	1.25248	1.25252			6
2024.12.26	21:39:06.415		1.25253			4
2024.12.26	21:39:08.267	1.25250	1.25254			6
2024.12.26	21:39:10.408	1.25248	1.25253			6
2024.12.26	21:39:14.099	1.25250	1.25254			6
2024.12.26	21:39:16.248	1.25251				2
2024.12.26	21:39:16.554	1.25254	1.25257			6
2024.12.26	21:39:17.169	1.25253				2
2024.12.26	21:39:18.399	1.25251	1.25255			6
2024.12.26	21:39:19.619	1.25252	1.25256			6
2024.12.26	21:39:19.923		1.25257			4
2024.12.26	21:39:25.126	1.25253				2
2024.12.26	21:39:35.833	1.25254	1.25258			6
2024.12.26	21:39:36.141		1.25257			4
2024.12.26	21:39:45.324	1.25255				2
2024.12.26	21:39:54.356		1.25258			4
2024.12.26	21:39:54.663		1.25257			4
2024.12.26	21:39:55.578	1.25254	1.25256			6
2024.12.26	21:39:55.882		1.25257			4
2024.12.26	21:39:56.491	1.25255	1.25258			6
2024.12.26	21:39:58.931	1.25256	1.25259			6
2024.12.26	21:40:00.151	1.25256				2
2024.12.26	21:40:00.755	1.25255	1.25258			6
2024.12.26	21:40:04.131	1.25256				2
2024.12.26	21:40:05.661	1.25259	1.25261			6
2024.12.26	21:40:05.968	1.25261	1.25263			6
2024.12.26	21:40:06.271	1.25260				2
2024.12.26	21:40:07.510	1.25263	1.25266			6
2024.12.26	21:40:08.132	1.25262				2
2024.12.26	21:40:08.437		1.25267			4
2024.12.26	21:40:10.278		1.25266			4
2024.12.26	21:40:10.583		1.25264			4
2024.12.26	21:40:10.898		1.25263			4
2024.12.26	21:40:11.201	1.25260				2
2024.12.26	21:40:13.354	1.25258	1.25262			6
2024.12.26	21:40:13.659	1.25259	1.25263			6
2024.12.26	21:40:14.272		1.25262			4
2024.12.26	21:40:14.887		1.25263			4
2024.12.26	21:40:16.117	1.25260				2
2024.12.26	21:40:16.730	1.25259				2
2024.12.26	21:40:21.652	1.25258				2
2024.12.26	21:40:21.961	1.25259				2
2024.12.26	21:40:22.267	1.25260				2
2024.12.26	21:40:22.573	1.25261				2
2024.12.26	21:40:24.106		1.25265			4
2024.12.26	21:40:24.410	1.25262	1.25264			6
2024.12.26	21:40:24.713	1.25264	1.25267			6
2024.12.26	21:40:25.318	1.25263	1.25266			6
2024.12.26	21:40:27.470	1.25264	1.25268			6
2024.12.26	21:40:27.780		1.25267			4
2024.12.26	21:40:28.391	1.25263	1.25266			6
2024.12.26	21:40:28.699	1.25264				2
2024.12.26	21:40:29.012		1.25267			4
2024.12.26	21:40:29.312	1.25263				2
2024.12.26	21:40:29.620	1.25264				2
2024.12.26	21:40:30.841		1.25268			4
2024.12.26	21:40:31.145		1.25267			4
2024.12.26	21:40:32.377	1.25265	1.25268			6
2024.12.26	21:40:32.678		1.25267			4
2024.12.26	21:40:33.612	1.25264				2
2024.12.26	21:40:35.462		1.25268			4
2024.12.26	21:40:35.773		1.25267			4
2024.12.26	21:40:36.385	1.25265				2
2024.12.26	21:40:38.525		1.25268			4
2024.12.26	21:40:39.137	1.25264	1.25267			6
2024.12.26	21:40:39.442		1.25268			4
2024.12.26	21:40:40.056	1.25265	1.25269			6
2024.12.26	21:40:40.361		1.25267			4
2024.12.26	21:40:40.670		1.25268			4
2024.12.26	21:40:41.588	1.25266				2
2024.12.26	21:40:43.423	1.25268	1.25271			6
2024.12.26	21:40:44.647	1.25267	1.25270			6
2024.12.26	21:40:47.418	1.25268				2
2024.12.26	21:40:47.728	1.25267	1.25269			6
2024.12.26	21:40:49.267	1.25266				2
2024.12.26	21:40:49.575	1.25267				2
2024.12.26	21:40:49.879	1.25268	1.25270			6
2024.12.26	21:40:51.118	1.25267				2
2024.12.26	21:40:53.273	1.25268				2
2024.12.26	21:40:54.188		1.25271			4
2024.12.26	21:40:54.800	1.25270	1.25272			6
2024.12.26	21:40:55.714	1.25269				2
2024.12.26	21:40:56.020	1.25271	1.25273			6
2024.12.26	21:40:56.328	1.25270				2
2024.12.26	21:40:57.239	1.25271				2
2024.12.26	21:41:00.001	1.25271				2
2024.12.26	21:41:00.304	1.25269	1.25272			6
2024.12.26	21:41:00.613	1.25270	1.25273			6
2024.12.26	21:41:02.138	1.25271				2
2024.12.26	21:41:03.673	1.25270				2
2024.12.26	21:41:03.974	1.25271				2
2024.12.26	21:41:05.507	1.25270	1.25272			6
2024.12.26	21:41:05.816		1.25273			4
2024.12.26	21:41:06.726	1.25271				2
2024.12.26	21:41:10.396	1.25278	1.25280			6
2024.12.26	21:41:10.706	1.25273	1.25275			6
2024.12.26	21:41:11.639		1.25276			4
2024.12.26	21:41:11.947	1.25275				2
2024.12.26	21:41:12.251	1.25274				2
2024.12.26	21:41:12.556	1.25276	1.25279			6
2024.12.26	21:41:12.873		1.25278			4
2024.12.26	21:41:13.179	1.25277	1.25280			6
2024.12.26	21:41:13.787	1.25278				2
2024.12.26	21:41:14.102	1.25277				2
2024.12.26	21:41:18.699		1.25281			4
2024.12.26	21:41:21.775	1.25276	1.25280			6
2024.12.26	21:41:22.390	1.25277				2
2024.12.26	21:41:24.537	1.25276	1.25278			6
2024.12.26	21:41:24.843	1.25277	1.25280			6
2024.12.26	21:41:25.762	1.25276	1.25279			6
2024.12.26	21:41:26.067	1.25275	1.25277			6
2024.12.26	21:41:26.986	1.25277	1.25280			6
2024.12.26	21:41:27.292	1.25276				2
2024.12.26	21:41:27.905	1.25277	1.25281			6
2024.12.26	21:41:30.366	1.25278				2
2024.12.26	21:41:32.497	1.25277	1.25280			6
2024.12.26	21:41:33.413	1.25278	1.25281			6
2024.12.26	21:41:33.715	1.25277	1.25280			6
2024.12.26	21:41:36.460	1.25278	1.25281			6
2024.12.26	21:41:38.908	1.25277	1.25280			6
2024.12.26	21:41:39.828	1.25278				2
2024.12.26	21:41:41.650	1.25277				2
2024.12.26	21:41:42.262	1.25278				2
2024.12.26	21:41:45.935	1.25282	1.25284			6
2024.12.26	21:41:46.241	1.25284	1.25286			6
2024.12.26	21:41:47.157	1.25283				2
2024.12.26	21:41:47.458		1.25287			4
2024.12.26	21:41:49.302	1.25282				2
2024.12.26	21:41:49.915		1.25286			4
2024.12.26	21:41:50.221	1.25283				2
2024.12.26	21:41:55.116		1.25287			4
2024.12.26	21:41:55.423	1.25286	1.25290			6
2024.12.26	21:41:59.735	1.25283	1.25287			6
2024.12.26	21:42:00.044	1.25283				2
2024.12.26	21:42:01.272	1.25282				2
2024.12.26	21:42:01.886	1.25283	1.25288			6
2024.12.26	21:42:02.188	1.25286	1.25290			6
2024.12.26	21:42:03.117	1.25285	1.25289			6
2024.12.26	21:42:05.883	1.25286	1.25290			6
2024.12.26	21:42:06.185	1.25285	1.25291			6
2024.12.26	21:42:06.802		1.25290			4
2024.12.26	21:42:07.111	1.25286				2
2024.12.26	21:42:07.722	1.25285				2
2024.12.26	21:42:08.342	1.25286				2
2024.12.26	21:42:09.875		1.25289			4
2024.12.26	21:42:10.492		1.25290			4
2024.12.26	21:42:11.418	1.25287				2
2024.12.26	21:42:12.031	1.25286				2
2024.12.26	21:42:14.805	1.25287				2
2024.12.26	21:42:15.419		1.25289			4
2024.12.26	21:42:16.041		1.25288			4
2024.12.26	21:42:17.264	1.25288	1.25292			6
2024.12.26	21:42:17.567	1.25291	1.25295			6
2024.12.26	21:42:17.877	1.25292	1.25294			6
2024.12.26	21:42:18.186		1.25295			4
2024.12.26	21:42:18.492	1.25293				2
2024.12.26	21:42:18.806	1.25292				2
2024.12.26	21:42:19.112	1.25291				2
2024.12.26	21:42:19.418	1.25292				2
2024.12.26	21:42:20.033		1.25296			4
2024.12.26	21:42:20.955		1.25295			4
2024.12.26	21:42:21.564	1.25293	1.25296			6
2024.12.26	21:42:21.879		1.25295			4
2024.12.26	21:42:24.956	1.25292				2
2024.12.26	21:42:25.268	1.25293				2
2024.12.26	21:42:28.341	1.25291	1.25293			6
2024.12.26	21:42:28.643	1.25290				2
2024.12.26	21:42:31.721	1.25289				2
2024.12.26	21:42:32.337		1.25291			4
2024.12.26	21:42:32.640	1.25286	1.25288			6
2024.12.26	21:42:32.945	1.25288	1.25290			6
2024.12.26	21:42:33.864	1.25287	1.25289			6
2024.12.26	21:42:34.175		1.25291			4
2024.12.26	21:42:34.480		1.25289			4
2024.12.26	21:42:34.786	1.25286	1.25291			6
2024.12.26	21:42:35.708		1.25289			4
2024.12.26	21:42:40.609		1.25288			4
2024.12.26	21:42:42.775	1.25285				2
2024.12.26	21:42:45.229	1.25286				2
2024.12.26	21:42:47.066	1.25284	1.25285			6
2024.12.26	21:42:47.376	1.25283				2
2024.12.26	21:42:47.681	1.25284				2
2024.12.26	21:42:48.296	1.25283				2
2024.12.26	21:42:49.218	1.25284				2
2024.12.26	21:42:49.521	1.25283				2
2024.12.26	21:42:49.828	1.25284				2
2024.12.26	21:42:50.133	1.25283				2
2024.12.26	21:42:52.587	1.25284				2
2024.12.26	21:42:53.196	1.25289	1.25290			6
2024.12.26	21:42:53.500	1.25291	1.25294			6
2024.12.26	21:42:53.804	1.25292	1.25296			6
2024.12.26	21:42:55.032		1.25295			4
2024.12.26	21:42:59.644	1.25290	1.25293			6
2024.12.26	21:42:59.955	1.25293	1.25296			6
2024.12.26	21:43:00.262	1.25294	1.25299			6
2024.12.26	21:43:00.572	1.25299	1.25304			6
2024.12.26	21:43:00.885	1.25303	1.25305			6
2024.12.26	21:43:01.192	1.25302				2
2024.12.26	21:43:01.809		1.25304			4
2024.12.26	21:43:02.116	1.25301				2
2024.12.26	21:43:02.429	1.25302				2
2024.12.26	21:43:03.041	1.25301				2
2024.12.26	21:43:03.349	1.25300	1.25303			6
2024.12.26	21:43:03.659	1.25299	1.25301			6
2024.12.26	21:43:04.270		1.25302			4
2024.12.26	21:43:04.584	1.25301	1.25304			6
2024.12.26	21:43:13.192		1.25303			4
2024.12.26	21:43:14.731		1.25304			4
2024.12.26	21:43:15.043	1.25302	1.25305			6
2024.12.26	21:43:19.353	1.25301	1.25304			6
2024.12.26	21:43:21.191	1.25302	1.25305			6
2024.12.26	21:43:27.943	1.25300	1.25303			6
2024.12.26	21:43:31.621	1.25298				2
2024.12.26	21:43:32.550		1.25304			4
2024.12.26	21:43:32.858	1.25299				2
2024.12.26	21:43:33.164		1.25305			4
2024.12.26	21:43:33.465	1.25300				2
2024.12.26	21:43:33.774		1.25304			4
2024.12.26	21:43:34.701	1.25299	1.25305			6
2024.12.26	21:43:35.008	1.25301	1.25304			6
2024.12.26	21:43:35.315	1.25299	1.25305			6
2024.12.26	21:43:36.236	1.25300				2
2024.12.26	21:43:36.851		1.25304			4
2024.12.26	21:43:37.465	1.25301				2
2024.12.26	21:43:37.775	1.25299				2
2024.12.26	21:43:38.081	1.25300				2
2024.12.26	21:43:38.391	1.25299	1.25305			6
2024.12.26	21:43:39.004	1.25300				2
2024.12.26	21:43:39.928	1.25299				2
2024.12.26	21:43:40.545	1.25300	1.25306			6
2024.12.26	21:43:40.858		1.25304			4
2024.12.26	21:43:41.472	1.25301				2
2024.12.26	21:43:56.482		1.25303			4
2024.12.26	21:43:56.790		1.25304			4
2024.12.26	21:43:57.092		1.25303			4
2024.12.26	21:43:57.395		1.25304			4
2024.12.26	21:43:58.011		1.25303			4
2024.12.26	21:43:58.314		1.25304			4
2024.12.26	21:43:59.544	1.25300	1.25303			6
2024.12.26	21:44:00.156	1.25300				2
2024.12.26	21:44:00.767	1.25301	1.25304			6
2024.12.26	21:44:01.074	1.25302				2
2024.12.26	21:44:02.598	1.25301				2
2024.12.26	21:44:07.537	1.25302				2
2024.12.26	21:44:10.578	1.25303	1.25306			6
2024.12.26	21:44:10.883		1.25305			4
2024.12.26	21:44:11.185	1.25302				2
2024.12.26	21:44:11.485	1.25303	1.25306			6
2024.12.26	21:44:11.793	1.25305	1.25309			6
2024.12.26	21:44:12.098		1.25308			4
2024.12.26	21:44:12.712	1.25306	1.25309			6
2024.12.26	21:44:21.290	1.25307				2
2024.12.26	21:44:26.197	1.25306				2
2024.12.26	21:44:26.500		1.25308			4
2024.12.26	21:44:26.804	1.25307				2
2024.12.26	21:44:27.721	1.25306				2
2024.12.26	21:44:28.028	1.25303	1.25305			6
2024.12.26	21:44:28.336	1.25304				2
2024.12.26	21:44:29.261		1.25307			4
2024.12.26	21:44:29.565	1.25305				2
2024.12.26	21:44:29.871	1.25304	1.25305			6
2024.12.26	21:44:31.397	1.25306	1.25307			6
2024.12.26	21:44:31.705	1.25305				2
2024.12.26	21:44:32.636		1.25306			4
2024.12.26	21:44:34.173	1.25304	1.25305			6
2024.12.26	21:44:37.541	1.25303	1.25304			6
2024.12.26	21:44:39.682		1.25305			4
2024.12.26	21:44:40.292	1.25304				2
2024.12.26	21:44:41.519	1.25303	1.25304			6
2024.12.26	21:44:49.470	1.25302	1.25303			6
2024.12.26	21:44:49.776	1.25303	1.25304			6
2024.12.26	21:44:51.616	1.25302	1.25303			6
2024.12.26	21:44:53.151		1.25304			4
2024.12.26	21:44:53.453		1.25303			4
2024.12.26	21:44:56.508	1.25303	1.25304			6
2024.12.26	21:44:56.812	1.25304	1.25305			6
2024.12.26	21:45:00.184	1.25303				2
2024.12.26	21:45:00.489	1.25302	1.25303			6
2024.12.26	21:45:00.797		1.25304			4
2024.12.26	21:45:01.715	1.25303				2
2024.12.26	21:45:06.903	1.25302				2
2024.12.26	21:45:07.207	1.25303				2
2024.12.26	21:45:07.815	1.25304	1.25305			6
2024.12.26	21:45:23.722	1.25303	1.25304			6
2024.12.26	21:45:28.613		1.25305			4
2024.12.26	21:45:29.534	1.25305	1.25306			6
2024.12.26	21:45:30.445	1.25304	1.25305			6
2024.12.26	21:45:35.339	1.25302	1.25303			6
2024.12.26	21:45:35.650	1.25301	1.25302			6
2024.12.26	21:45:36.253	1.25306	1.25308			6
2024.12.26	21:45:37.173	1.25305	1.25309			6
2024.12.26	21:45:40.255	1.25303	1.25307			6
2024.12.26	21:45:41.177	1.25302				2
2024.12.26	21:45:41.785	1.25304	1.25309			6
2024.12.26	21:45:45.181	1.25305				2
2024.12.26	21:45:45.799	1.25306	1.25310			6
2024.12.26	21:45:46.105	1.25305	1.25309			6
2024.12.26	21:45:50.105	1.25306	1.25310			6
2024.12.26	21:45:50.411	1.25304	1.25308			6
2024.12.26	21:45:50.722	1.25305	1.25309			6
2024.12.26	21:45:55.035	1.25307	1.25311			6
2024.12.26	21:45:56.264	1.25306	1.25310			6
2024.12.26	21:46:00.264	1.25306				2
2024.12.26	21:46:00.889		1.25309			4
2024.12.26	21:46:01.193	1.25307				2
2024.12.26	21:46:01.806		1.25310			4
2024.12.26	21:46:02.420	1.25306	1.25309			6
2024.12.26	21:46:04.274		1.25308			4
2024.12.26	21:46:04.577		1.25309			4
2024.12.26	21:46:06.434		1.25308			4
2024.12.26	21:46:07.972	1.25305	1.25306			6
2024.12.26	21:46:08.279	1.25300	1.25305			6
2024.12.26	21:46:08.584		1.25304			4
2024.12.26	21:46:08.897		1.25305			4
2024.12.26	21:46:09.211	1.25301				2
2024.12.26	21:46:12.944	1.25304	1.25309			6
2024.12.26	21:46:13.259	1.25303				2
2024.12.26	21:46:15.105	1.25304				2
2024.12.26	21:46:17.256	1.25302	1.25307			6
2024.12.26	21:46:17.565	1.25303				2
2024.12.26	21:46:17.879	1.25302	1.25306			6
2024.12.26	21:46:20.954	1.25304	1.25309			6
2024.12.26	21:46:21.260	1.25302	1.25307			6
2024.12.26	21:46:21.569	1.25303	1.25309			6
2024.12.26	21:46:23.422	1.25302	1.25307			6
2024.12.26	21:46:24.034	1.25303	1.25309			6
2024.12.26	21:46:24.342	1.25304	1.25308			6
2024.12.26	21:46:24.965	1.25303				2
2024.12.26	21:46:25.575	1.25304				2
2024.12.26	21:46:27.417	1.25303				2
2024.12.26	21:46:29.563	1.25302	1.25306			6
2024.12.26	21:46:29.873	1.25303				2
2024.12.26	21:46:30.180	1.25301				2
2024.12.26	21:46:33.244	1.25302				2
2024.12.26	21:46:34.475		1.25307			4
2024.12.26	21:46:35.394		1.25306			4
2024.12.26	21:46:36.008	1.25303	1.25307			6
2024.12.26	21:46:38.144	1.25305	1.25309			6
2024.12.26	21:46:38.755	1.25307	1.25311			6
2024.12.26	21:46:39.057	1.25311	1.25315			6
2024.12.26	21:46:39.365	1.25312	1.25316			6
2024.12.26	21:46:39.674	1.25313				2
2024.12.26	21:46:39.981	1.25312				2
2024.12.26	21:46:40.288		1.25317			4
2024.12.26	21:46:42.441	1.25311				2
2024.12.26	21:46:43.366	1.25312				2
2024.12.26	21:46:45.819	1.25311				2
2024.12.26	21:46:46.128	1.25310	1.25316			6
2024.12.26	21:46:49.520	1.25314	1.25319			6
2024.12.26	21:46:50.134	1.25312	1.25318			6
2024.12.26	21:46:50.434	1.25311	1.25317			6
2024.12.26	21:46:50.748		1.25315			4
2024.12.26	21:46:53.528	1.25309	1.25314			6
2024.12.26	21:46:57.838	1.25310	1.25316			6
2024.12.26	21:46:58.144		1.25317			4
2024.12.26	21:47:00.302	1.25310				2
2024.12.26	21:47:01.535	1.25304	1.25309			6
2024.12.26	21:47:01.847	1.25302	1.25308			6
2024.12.26	21:47:02.768	1.25301				2
2024.12.26	21:47:03.689	1.25302				2
2024.12.26	21:47:03.991	1.25301	1.25307			6
2024.12.26	21:47:05.545		1.25306			4
2024.12.26	21:47:05.856		1.25305			4
2024.12.26	21:47:06.472		1.25307			4
2024.12.26	21:47:08.010		1.25306			4
2024.12.26	21:47:08.318		1.25307			4
2024.12.26	21:47:08.626		1.25306			4
2024.12.26	21:47:09.241		1.25304			4
2024.12.26	21:47:09.548		1.25305			4
2024.12.26	21:47:10.470	1.25300				2
2024.12.26	21:47:10.780		1.25306			4
2024.12.26	21:47:11.399	1.25299	1.25305			6
2024.12.26	21:47:12.321	1.25300				2
2024.12.26	21:47:12.627	1.25299				2
2024.12.26	21:47:17.229	1.25301	1.25308			6
2024.12.26	21:47:18.457	1.25300	1.25306			6
2024.12.26	21:47:19.074	1.25301				2
2024.12.26	21:47:19.692	1.25300	1.25305			6
2024.12.26	21:47:22.758	1.25299				2
2024.12.26	21:47:23.070		1.25304			4
2024.12.26	21:47:23.680		1.25303			4
2024.12.26	21:47:23.983		1.25305			4
2024.12.26	21:47:24.295		1.25303			4
2024.12.26	21:47:24.602		1.25304			4
2024.12.26	21:47:29.814		1.25306			4
2024.12.26	21:47:30.121	1.25301	1.25308			6
2024.12.26	21:47:30.427		1.25307			4
2024.12.26	21:47:30.737		1.25308			4
2024.12.26	21:47:31.961		1.25309			4
2024.12.26	21:47:33.480		1.25307			4
2024.12.26	21:47:35.938		1.25309			4
2024.12.26	21:47:36.240	1.25300	1.25305			6
2024.12.26	21:47:36.544		1.25306			4
2024.12.26	21:47:37.155	1.25303	1.25310			6
2024.12.26	21:47:37.458	1.25302				2
2024.12.26	21:47:37.764		1.25308			4
2024.12.26	21:47:38.385	1.25303	1.25309			6
2024.12.26	21:47:41.441	1.25305	1.25311			6
2024.12.26	21:47:41.752		1.25310			4
2024.12.26	21:47:42.054	1.25303				2
2024.12.26	21:47:42.361	1.25304	1.25309			6
2024.12.26	21:47:42.672	1.25305	1.25308			6
2024.12.26	21:47:42.972	1.25304				2
2024.12.26	21:47:43.278	1.25303	1.25309			6
2024.12.26	21:47:47.566		1.25310			4
2024.12.26	21:47:48.179	1.25306	1.25312			6
2024.12.26	21:47:51.575	1.25308	1.25313			6
2024.12.26	21:47:52.500		1.25314			4
2024.12.26	21:47:52.801	1.25307				2
2024.12.26	21:47:53.419	1.25308				2
2024.12.26	21:47:54.641	1.25305	1.25310			6
2024.12.26	21:47:54.948	1.25304				2
2024.12.26	21:47:55.561	1.25307				2
2024.12.26	21:47:57.400		1.25312			4
2024.12.26	21:48:00.161	1.25307				2
2024.12.26	21:48:00.465	1.25305	1.25309			6
2024.12.26	21:48:00.771	1.25303				2
2024.12.26	21:48:01.387	1.25304	1.25310			6
2024.12.26	21:48:01.690		1.25309			4
2024.12.26	21:48:02.001		1.25310			4
2024.12.26	21:48:03.838	1.25303				2
2024.12.26	21:48:06.293	1.25304				2
2024.12.26	21:48:06.908		1.25309			4
2024.12.26	21:48:07.524		1.25310			4
2024.12.26	21:48:08.745	1.25303	1.25309			6
2024.12.26	21:48:10.273	1.25304				2
2024.12.26	21:48:11.199		1.25310			4
2024.12.26	21:48:12.424	1.25305	1.25311			6
2024.12.26	21:48:12.729	1.25307				2
2024.12.26	21:48:13.033	1.25309	1.25314			6
2024.12.26	21:48:13.951	1.25308				2
2024.12.26	21:48:16.399	1.25307				2
2024.12.26	21:48:17.318	1.25308				2
2024.12.26	21:48:18.241	1.25303	1.25308			6
2024.12.26	21:48:18.856	1.25301	1.25307			6
2024.12.26	21:48:19.464	1.25300	1.25306			6
2024.12.26	21:48:19.775	1.25301	1.25307			6
2024.12.26	21:48:20.085	1.25300				2
2024.12.26	21:48:20.388	1.25301				2
2024.12.26	21:48:24.994		1.25306			4
2024.12.26	21:48:25.297		1.25307			4
2024.12.26	21:48:26.520		1.25306			4
2024.12.26	21:48:27.437		1.25307			4
2024.12.26	21:48:29.283		1.25306			4
2024.12.26	21:48:29.592		1.25307			4
2024.12.26	21:48:29.901		1.25306			4
2024.12.26	21:48:32.974		1.25307			4
2024.12.26	21:48:33.275		1.25306			4
2024.12.26	21:48:34.505	1.25302	1.25307			6
2024.12.26	21:48:37.578	1.25303	1.25308			6
2024.12.26	21:48:37.883	1.25302				2
2024.12.26	21:48:40.031	1.25304	1.25309			6
2024.12.26	21:48:40.340	1.25302	1.25308			6
2024.12.26	21:48:40.952		1.25306			4
2024.12.26	21:48:41.558	1.25301				2
2024.12.26	21:48:47.058	1.25302	1.25307			6
2024.12.26	21:48:48.292		1.25306			4
2024.12.26	21:48:55.334	1.25303				2
2024.12.26	21:48:56.550	1.25304	1.25307			6
2024.12.26	21:48:58.391	1.25303	1.25306			6
2024.12.26	21:48:59.004	1.25304	1.25307			6
2024.12.26	21:49:00.216	1.25304				2
2024.12.26	21:49:00.521	1.25303	1.25306			6
2024.12.26	21:49:00.829	1.25304	1.25307			6
2024.12.26	21:49:01.445	1.25303	1.25306			6
2024.12.26	21:49:07.261	1.25304				2
2024.12.26	21:49:08.482	1.25303	1.25305			6
2024.12.26	21:49:09.704	1.25304	1.25306			6
2024.12.26	21:49:12.153	1.25303	1.25305			6
2024.12.26	21:49:13.670	1.25305	1.25307			6
2024.12.26	21:49:14.580	1.25303	1.25305			6
2024.12.26	21:49:20.096	1.25304	1.25306			6
2024.12.26	21:49:20.406	1.25306	1.25308			6
2024.12.26	21:49:20.716	1.25305	1.25307			6
2024.12.26	21:49:21.324		1.25308			4
2024.12.26	21:49:24.383	1.25304	1.25307			6
2024.12.26	21:49:25.304	1.25305				2
2024.12.26	21:49:25.614	1.25304	1.25306			6
2024.12.26	21:49:30.192	1.25305	1.25307			6
2024.12.26	21:49:32.015	1.25304	1.25306			6
2024.12.26	21:49:32.626	1.25305	1.25307			6
2024.12.26	21:49:32.931	1.25304	1.25306			6
2024.12.26	21:49:40.270	1.25303	1.25305			6
2024.12.26	21:49:48.220	1.25304	1.25306			6
2024.12.26	21:49:51.288	1.25303	1.25305			6
2024.12.26	21:49:53.741	1.25300	1.25302			6
2024.12.26	21:49:55.271	1.25301	1.25303			6
2024.12.26	21:49:56.798	1.25302	1.25304			6
2024.12.26	21:49:57.101	1.25301	1.25303			6
2024.12.26	21:49:59.253	1.25300	1.25302			6
2024.12.26	21:50:00.179	1.25300				2
2024.12.26	21:50:00.794	1.25301				2
2024.12.26	21:50:01.713	1.25298	1.25299			6
2024.12.26	21:50:02.015	1.25296	1.25298			6
2024.12.26	21:50:02.322	1.25295				2
2024.12.26	21:50:02.641	1.25291	1.25294			6
2024.12.26	21:50:02.947	1.25292	1.25295			6
2024.12.26	21:50:03.253	1.25290	1.25296			6
2024.12.26	21:50:03.561	1.25291	1.25297			6
2024.12.26	21:50:04.178		1.25296			4
2024.12.26	21:50:05.103	1.25290				2
2024.12.26	21:50:05.416	1.25291	1.25297			6
2024.12.26	21:50:07.261		1.25296			4
2024.12.26	21:50:07.569	1.25292	1.25297			6
2024.12.26	21:50:07.877	1.25291	1.25296			6
2024.12.26	21:50:08.799	1.25290	1.25295			6
2024.12.26	21:50:10.034	1.25292	1.25297			6
2024.12.26	21:50:10.340	1.25291	1.25296			6
2024.12.26	21:50:12.185	1.25293				2
2024.12.26	21:50:12.492	1.25292	1.25295			6
2024.12.26	21:50:12.800	1.25293				2
2024.12.26	21:50:13.726	1.25292				2
2024.12.26	21:50:14.653	1.25293				2
2024.12.26	21:50:15.577		1.25296			4
2024.12.26	21:50:15.882		1.25295			4
2024.12.26	21:50:16.805	1.25292	1.25294			6
2024.12.26	21:50:22.313		1.25295			4
2024.12.26	21:50:24.156		1.25294			4
2024.12.26	21:50:24.461	1.25293	1.25295			6
2024.12.26	21:50:25.065		1.25294			4
2024.12.26	21:50:25.367	1.25291				2
2024.12.26	21:50:26.284	1.25292				2
2024.12.26	21:50:27.810	1.25293				2
2024.12.26	21:50:28.723	1.25292				2
2024.12.26	21:50:29.342	1.25290	1.25291			6
2024.12.26	21:50:29.646		1.25292			4
2024.12.26	21:50:30.257	1.25291	1.25294			6
2024.12.26	21:50:30.558	1.25290	1.25293			6
2024.12.26	21:50:30.863	1.25291	1.25294			6
2024.12.26	21:50:31.163		1.25295			4
2024.12.26	21:50:33.317	1.25292				2
2024.12.26	21:50:39.769	1.25294	1.25297			6
2024.12.26	21:50:40.384	1.25292	1.25295			6
2024.12.26	21:50:42.851	1.25293	1.25296			6
2024.12.26	21:50:45.938	1.25292	1.25295			6
2024.12.26	21:50:46.238	1.25293	1.25296			6
2024.12.26	21:50:48.712	1.25292	1.25295			6
2024.12.26	21:50:51.184	1.25293				2
2024.12.26	21:51:00.037	1.25293				2
2024.12.26	21:51:00.649	1.25295	1.25297			6
2024.12.26	21:51:02.482	1.25294	1.25296			6
2024.12.26	21:51:04.922	1.25295	1.25297			6
2024.12.26	21:51:05.225	1.25293	1.25295			6
2024.12.26	21:51:05.534	1.25295	1.25297			6
2024.12.26	21:51:08.259	1.25294	1.25296			6
2024.12.26	21:51:10.097	1.25291	1.25293			6
2024.12.26	21:51:13.749	1.25290	1.25292			6
2024.12.26	21:51:14.056	1.25291	1.25293			6
2024.12.26	21:51:15.602	1.25290	1.25292			6
2024.12.26	21:51:16.213	1.25291	1.25293			6
2024.12.26	21:51:16.820	1.25290	1.25292			6
2024.12.26	21:51:22.022	1.25291	1.25293			6
2024.12.26	21:51:25.708	1.25292	1.25294			6
2024.12.26	21:51:26.621	1.25291	1.25293			6
2024.12.26	21:51:29.057	1.25290	1.25292			6
2024.12.26	21:51:31.818	1.25291	1.25293			6
2024.12.26	21:51:40.100	1.25292	1.25294			6
2024.12.26	21:51:40.707	1.25293	1.25295			6
2024.12.26	21:51:41.639	1.25294	1.25296			6
2024.12.26	21:51:42.244	1.25293	1.25295			6
2024.12.26	21:51:43.762	1.25292	1.25294			6
2024.12.26	21:51:45.596	1.25293	1.25295			6
2024.12.26	21:51:54.193	1.25294	1.25296			6
2024.12.26	21:51:55.736	1.25293	1.25295			6
2024.12.26	21:51:57.879	1.25294	1.25296			6
2024.12.26	21:51:58.184	1.25295	1.25297			6
2024.12.26	21:51:58.799	1.25294	1.25296			6
2024.12.26	21:52:00.015	1.25294				2
2024.12.26	21:52:01.231	1.25293	1.25295			6
2024.12.26	21:52:01.843	1.25292	1.25294			6
2024.12.26	21:52:05.232	1.25295	1.25297			6
2024.12.26	21:52:06.464	1.25293	1.25295			6
2024.12.26	21:52:07.699	1.25292	1.25294			6
2024.12.26	21:52:08.006	1.25293	1.25295			6
2024.12.26	21:52:08.616	1.25294	1.25296			6
2024.12.26	21:52:11.104	1.25293	1.25295			6
2024.12.26	21:52:14.185	1.25294	1.25296			6
2024.12.26	21:52:15.425	1.25295	1.25297			6
2024.12.26	21:52:15.735	1.25294	1.25296			6
2024.12.26	21:52:20.673	1.25293	1.25295			6
2024.12.26	21:52:22.514	1.25292	1.25294			6
2024.12.26	21:52:25.888	1.25291	1.25293			6
2024.12.26	21:52:29.270	1.25292	1.25294			6
2024.12.26	21:52:34.201	1.25293	1.25295			6
2024.12.26	21:52:35.119	1.25292	1.25294			6
2024.12.26	21:52:49.585	1.25293	1.25295			6
2024.12.26	21:52:49.898	1.25292	1.25294			6
2024.12.26	21:52:50.821	1.25294	1.25296			6
2024.12.26	21:52:52.977	1.25293	1.25295			6
2024.12.26	21:52:53.281	1.25294				2
2024.12.26	21:52:56.054	1.25292	1.25294			6
2024.12.26	21:52:56.977	1.25291	1.25293			6
2024.12.26	21:52:57.592	1.25290	1.25292			6
2024.12.26	21:52:59.744	1.25291				2
2024.12.26	21:53:00.058	1.25291				2
2024.12.26	21:53:00.674	1.25290				2
2024.12.26	21:53:00.987	1.25291	1.25293			6
2024.12.26	21:53:01.903		1.25292			4
2024.12.26	21:53:02.213		1.25293			4
2024.12.26	21:53:02.521		1.25292			4
2024.12.26	21:53:05.290		1.25293			4
2024.12.26	21:53:05.899		1.25292			4
2024.12.26	21:53:08.982		1.25293			4
2024.12.26	21:53:16.993	1.25285	1.25286			6
2024.12.26	21:53:17.608	1.25284				2
2024.12.26	21:53:17.909	1.25285	1.25287			6
2024.12.26	21:53:18.230	1.25282				2
2024.12.26	21:53:19.151	1.25281				2
2024.12.26	21:53:20.381	1.25282				2
2024.12.26	21:53:22.229		1.25286			4
2024.12.26	21:53:22.540	1.25279	1.25284			6
2024.12.26	21:53:23.149		1.25283			4
2024.12.26	21:53:25.614		1.25282			4
2024.12.26	21:53:37.319		1.25283			4
2024.12.26	21:53:44.077	1.25280				2
2024.12.26	21:53:44.390	1.25279				2
2024.12.26	21:53:45.303		1.25281			4
2024.12.26	21:53:45.605	1.25274	1.25278			6
2024.12.26	21:53:46.221	1.25273	1.25279			6
2024.12.26	21:53:48.059		1.25278			4
2024.12.26	21:53:48.366		1.25277			4
2024.12.26	21:53:48.668		1.25279			4
2024.12.26	21:53:48.975	1.25272	1.25278			6
2024.12.26	21:53:49.279		1.25277			4
2024.12.26	21:53:49.580	1.25273	1.25278			6
2024.12.26	21:53:50.801	1.25272	1.25279			6
2024.12.26	21:53:52.031		1.25275			4
2024.12.26	21:53:52.339	1.25271	1.25276			6
2024.12.26	21:53:52.643	1.25270	1.25273			6
2024.12.26	21:53:52.945		1.25275			4
2024.12.26	21:53:56.339	1.25271				2
2024.12.26	21:53:57.568	1.25270				2
2024.12.26	21:53:58.494		1.25273			4
2024.12.26	21:53:59.110	1.25271	1.25275			6
2024.12.26	21:54:00.037	1.25271				2
2024.12.26	21:54:00.348		1.25274			4
2024.12.26	21:54:00.651	1.25270	1.25273			6
2024.12.26	21:54:01.571	1.25268	1.25271			6
2024.12.26	21:54:02.493	1.25269	1.25273			6
2024.12.26	21:54:02.801		1.25271			4
2024.12.26	21:54:03.104		1.25273			4
2024.12.26	21:54:03.728		1.25271			4
2024.12.26	21:54:04.343	1.25268				2
2024.12.26	21:54:06.813	1.25264	1.25266			6
2024.12.26	21:54:07.122	1.25262	1.25265			6
2024.12.26	21:54:07.428	1.25263	1.25269			6
2024.12.26	21:54:08.353	1.25262	1.25270			6
2024.12.26	21:54:09.588	1.25263				2
2024.12.26	21:54:09.895	1.25262	1.25268			6
2024.12.26	21:54:10.830		1.25266			4
2024.12.26	21:54:11.133	1.25261				2
2024.12.26	21:54:13.612	1.25260				2
2024.12.26	21:54:14.841		1.25267			4
2024.12.26	21:54:15.150		1.25266			4
2024.12.26	21:54:16.389	1.25261				2
2024.12.26	21:54:17.315		1.25268			4
2024.12.26	21:54:17.620		1.25267			4
2024.12.26	21:54:20.406	1.25263	1.25269			6
2024.12.26	21:54:22.556	1.25262				2
2024.12.26	21:54:23.791	1.25265	1.25268			6
2024.12.26	21:54:24.094	1.25262				2
2024.12.26	21:54:24.406		1.25269			4
2024.12.26	21:54:25.326	1.25263	1.25268			6
2024.12.26	21:54:29.029		1.25269			4
2024.12.26	21:54:29.334		1.25268			4
2024.12.26	21:54:29.949	1.25264	1.25269			6
2024.12.26	21:54:30.568	1.25263	1.25268			6
2024.12.26	21:54:31.794	1.25264	1.25269			6
2024.12.26	21:54:32.106	1.25263	1.25268			6
2024.12.26	21:54:32.721		1.25269			4
2024.12.26	21:54:33.027		1.25268			4
2024.12.26	21:54:33.642	1.25264	1.25270			6
2024.12.26	21:54:33.949		1.25268			4
2024.12.26	21:54:34.567		1.25270			4
2024.12.26	21:54:34.878		1.25268			4
2024.12.26	21:54:35.795	1.25269	1.25272			6
2024.12.26	21:54:36.103	1.25267				2
2024.12.26	21:54:37.022	1.25268	1.25273			6
2024.12.26	21:54:39.482	1.25269				2
2024.12.26	21:54:39.785	1.25270	1.25275			6
2024.12.26	21:54:40.095	1.25269				2
2024.12.26	21:54:40.399	1.25270	1.25274			6
2024.12.26	21:54:40.706	1.25269				2
2024.12.26	21:54:41.015	1.25268				2
2024.12.26	21:54:41.325	1.25269				2
2024.12.26	21:54:41.938		1.25275			4
2024.12.26	21:54:43.472	1.25271	1.25276			6
2024.12.26	21:54:43.783		1.25277			4
2024.12.26	21:54:44.083		1.25276			4
2024.12.26	21:54:44.391	1.25270				2
2024.12.26	21:54:45.312	1.25271				2
2024.12.26	21:54:46.237		1.25277			4
2024.12.26	21:54:46.541		1.25276			4
2024.12.26	21:54:47.774	1.25270	1.25275			6
2024.12.26	21:54:48.390	1.25269	1.25274			6
2024.12.26	21:54:50.543	1.25270				2
2024.12.26	21:54:53.613	1.25271	1.25275			6
2024.12.26	21:54:53.916		1.25276			4
2024.12.26	21:54:54.221	1.25273	1.25278			6
2024.12.26	21:54:55.137	1.25271	1.25275			6
2024.12.26	21:54:55.441		1.25276			4
2024.12.26	21:54:55.747	1.25272				2
2024.12.26	21:54:56.056	1.25274	1.25279			6
2024.12.26	21:54:56.362	1.25279	1.25284			6
2024.12.26	21:54:56.663		1.25283			4
2024.12.26	21:54:56.976		1.25282			4
2024.12.26	21:54:57.281	1.25278				2
2024.12.26	21:54:57.586	1.25280				2
2024.12.26	21:54:58.196	1.25278				2
2024.12.26	21:54:59.111	1.25276	1.25280			6
2024.12.26	21:54:59.725	1.25275				2
2024.12.26	21:55:00.032	1.25275				2
2024.12.26	21:55:00.341	1.25276				2
2024.12.26	21:55:00.956	1.25273	1.25279			6
2024.12.26	21:55:01.269		1.25278			4
2024.12.26	21:55:02.176		1.25279			4
2024.12.26	21:55:03.084		1.25278			4
2024.12.26	21:55:03.696		1.25279			4
2024.12.26	21:55:04.003		1.25278			4
2024.12.26	21:55:05.528	1.25271				2
2024.12.26	21:55:05.829	1.25267	1.25268			6
2024.12.26	21:55:06.147	1.25266	1.25267			6
2024.12.26	21:55:06.452	1.25262	1.25268			6
2024.12.26	21:55:06.761	1.25263	1.25266			6
2024.12.26	21:55:07.376		1.25268			4
2024.12.26	21:55:07.684	1.25262				2
2024.12.26	21:55:09.209		1.25267			4
2024.12.26	21:55:10.447	1.25261				2
2024.12.26	21:55:10.751		1.25266			4
2024.12.26	21:55:12.600		1.25265			4
2024.12.26	21:55:13.515		1.25266			4
2024.12.26	21:55:21.205	1.25262	1.25267			6
2024.12.26	21:55:21.822	1.25261				2
2024.12.26	21:55:24.895		1.25266			4
2024.12.26	21:55:25.200	1.25260	1.25264			6
2024.12.26	21:55:26.424		1.25265			4
2024.12.26	21:55:26.735		1.25264			4
2024.12.26	21:55:37.756	1.25261	1.25265			6
2024.12.26	21:55:39.588		1.25266			4
2024.12.26	21:55:40.200		1.25265			4
2024.12.26	21:55:42.346		1.25264			4
2024.12.26	21:55:43.566		1.25263			4
2024.12.26	21:55:43.872		1.25264			4
2024.12.26	21:55:46.930		1.25263			4
2024.12.26	21:55:49.068		1.25264			4
2024.12.26	21:55:49.981	1.25262	1.25268			6
2024.12.26	21:55:50.293	1.25265				2
2024.12.26	21:55:53.047	1.25266				2
2024.12.26	21:55:53.361	1.25265				2
2024.12.26	21:55:53.663	1.25264				2
2024.12.26	21:55:54.901	1.25265				2
2024.12.26	21:55:55.202	1.25264				2
2024.12.26	21:55:57.357	1.25265				2
2024.12.26	21:55:58.579	1.25261	1.25265			6
2024.12.26	21:55:58.884	1.25262	1.25267			6
2024.12.26	21:56:00.119	1.25262				2
2024.12.26	21:56:01.036		1.25265			4
2024.12.26	21:56:01.647		1.25267			4
2024.12.26	21:56:02.566		1.25265			4
2024.12.26	21:56:03.184		1.25266			4
2024.12.26	21:56:03.491		1.25264			4
2024.12.26	21:56:04.108		1.25265			4
2024.12.26	21:56:04.415	1.25263				2
2024.12.26	21:56:04.723	1.25262	1.25264			6
2024.12.26	21:56:05.026	1.25261				2
2024.12.26	21:56:05.330	1.25260	1.25263			6
2024.12.26	21:56:05.642	1.25261				2
2024.12.26	21:56:06.261	1.25257	1.25258			6
2024.12.26	21:56:06.569	1.25255	1.25259			6
2024.12.26	21:56:07.185		1.25258			4
2024.12.26	21:56:07.488	1.25254				2
2024.12.26	21:56:07.798	1.25255				2
2024.12.26	21:56:08.106	1.25253	1.25257			6
2024.12.26	21:56:08.415	1.25254	1.25258			6
2024.12.26	21:56:09.322	1.25255				2
2024.12.26	21:56:10.252	1.25254				2
2024.12.26	21:56:10.559	1.25250	1.25254			6
2024.12.26	21:56:10.861	1.25249				2
2024.12.26	21:56:12.407	1.25250	1.25255			6
2024.12.26	21:56:12.716		1.25254			4
2024.12.26	21:56:13.018		1.25255			4
2024.12.26	21:56:14.250		1.25256			4
2024.12.26	21:56:15.792		1.25254			4
2024.12.26	21:56:16.405		1.25255			4
2024.12.26	21:56:17.325		1.25254			4
2024.12.26	21:56:17.632		1.25255			4
2024.12.26	21:56:21.326	1.25251	1.25257			6
2024.12.26	21:56:21.634	1.25252	1.25258			6
2024.12.26	21:56:22.254		1.25256			4
2024.12.26	21:56:23.176		1.25255			4
2024.12.26	21:56:23.486		1.25256			4
2024.12.26	21:56:24.413	1.25250	1.25254			6
2024.12.26	21:56:24.721		1.25255			4
2024.12.26	21:56:26.256		1.25254			4
2024.12.26	21:56:29.944	1.25251	1.25255			6
2024.12.26	21:56:31.480	1.25250	1.25253			6
2024.12.26	21:56:31.783		1.25254			4
2024.12.26	21:56:37.945	1.25252	1.25258			6
2024.12.26	21:56:39.801		1.25256			4
2024.12.26	21:56:40.103		1.25255			4
2024.12.26	21:56:40.418	1.25251	1.25254			6
2024.12.26	21:56:40.725	1.25250				2
2024.12.26	21:56:42.880		1.25253			4
2024.12.26	21:56:43.490		1.25254			4
2024.12.26	21:56:43.801	1.25251				2
2024.12.26	21:56:44.108		1.25255			4
2024.12.26	21:56:44.415		1.25254			4
2024.12.26	21:56:46.563	1.25250				2
2024.12.26	21:56:47.483	1.25251				2
2024.12.26	21:56:48.097	1.25252				2
2024.12.26	21:56:48.405	1.25251				2
2024.12.26	21:56:55.445	1.25253	1.25255			6
2024.12.26	21:56:56.061	1.25252	1.25254			6
2024.12.26	21:56:57.891	1.25253	1.25255			6
2024.12.26	21:56:58.195		1.25258			4
2024.12.26	21:56:58.504	1.25254	1.25257			6
2024.12.26	21:56:58.810	1.25255				2
2024.12.26	21:56:59.115		1.25258			4
2024.12.26	21:56:59.726	1.25256	1.25257			6
2024.12.26	21:57:00.033	1.25255	1.25258			6
2024.12.26	21:57:00.340		1.25257			4
2024.12.26	21:57:00.643		1.25258			4
2024.12.26	21:57:01.256	1.25260	1.25263			6
2024.12.26	21:57:01.561	1.25262	1.25264			6
2024.12.26	21:57:01.864	1.25261				2
2024.12.26	21:57:02.177	1.25260				2
2024.12.26	21:57:05.228	1.25261				2
2024.12.26	21:57:05.533	1.25260				2
2024.12.26	21:57:08.594	1.25262	1.25265			6
2024.12.26	21:57:09.503	1.25264	1.25267			6
2024.12.26	21:57:13.190	1.25263				2
2024.12.26	21:57:14.720		1.25266			4
2024.12.26	21:57:16.245	1.25261	1.25263			6
2024.12.26	21:57:16.548	1.25260	1.25264			6
2024.12.26	21:57:17.770	1.25262	1.25266			6
2024.12.26	21:57:18.077		1.25265			4
2024.12.26	21:57:19.612	1.25261	1.25264			6
2024.12.26	21:57:19.914	1.25260	1.25263			6
2024.12.26	21:57:20.231	1.25261	1.25264			6
2024.12.26	21:57:20.537	1.25259				2
2024.12.26	21:57:20.846	1.25260				2
2024.12.26	21:57:21.148		1.25263			4
2024.12.26	21:57:22.072	1.25259				2
2024.12.26	21:57:22.384	1.25260				2
2024.12.26	21:57:23.306	1.25261	1.25264			6
2024.12.26	21:57:30.385		1.25265			4
2024.12.26	21:57:30.689		1.25264			4
2024.12.26	21:57:30.995	1.25263	1.25268			6
2024.12.26	21:57:31.303	1.25265				2
2024.12.26	21:57:31.920		1.25267			4
2024.12.26	21:57:32.538	1.25264				2
2024.12.26	21:57:36.227	1.25266	1.25269			6
2024.12.26	21:57:36.535	1.25265	1.25267			6
2024.12.26	21:57:38.380	1.25266	1.25268			6
2024.12.26	21:57:38.997	1.25267				2
2024.12.26	21:57:39.305	1.25264	1.25265			6
2024.12.26	21:57:39.613	1.25263	1.25266			6
2024.12.26	21:57:40.535	1.25267	1.25269			6
2024.12.26	21:57:41.457	1.25269	1.25270			6
2024.12.26	21:57:41.758	1.25268	1.25273			6
2024.12.26	21:57:42.075	1.25269	1.25274			6
2024.12.26	21:57:43.310		1.25272			4
2024.12.26	21:57:43.620	1.25268	1.25273			6
2024.12.26	21:57:45.467	1.25271	1.25274			6
2024.12.26	21:57:47.310	1.25269				2
2024.12.26	21:57:49.152		1.25273			4
2024.12.26	21:57:51.306	1.25268	1.25272			6
2024.12.26	21:57:51.615	1.25270	1.25275			6
2024.12.26	21:57:51.921	1.25271	1.25276			6
2024.12.26	21:57:52.222		1.25274			4
2024.12.26	21:58:00.224	1.25275	1.25279			6
2024.12.26	21:58:00.531	1.25277	1.25280			6
2024.12.26	21:58:00.836		1.25282			4
2024.12.26	21:58:01.145	1.25276	1.25281			6
2024.12.26	21:58:01.452	1.25278	1.25282			6
2024.12.26	21:58:02.063	1.25276	1.25281			6
2024.12.26	21:58:02.371	1.25279	1.25282			6
2024.12.26	21:58:02.681	1.25282	1.25288			6
2024.12.26	21:58:02.986		1.25287			4
2024.12.26	21:58:03.295		1.25285			4
2024.12.26	21:58:03.601		1.25286			4
2024.12.26	21:58:03.910		1.25287			4
2024.12.26	21:58:04.223	1.25286	1.25289			6
2024.12.26	21:58:05.146	1.25284				2
2024.12.26	21:58:05.461	1.25283	1.25287			6
2024.12.26	21:58:05.763	1.25284	1.25288			6
2024.12.26	21:58:06.074	1.25283				2
2024.12.26	21:58:06.385		1.25287			4
2024.12.26	21:58:07.922	1.25281	1.25286			6
2024.12.26	21:58:08.229		1.25285			4
2024.12.26	21:58:08.537		1.25286			4
2024.12.26	21:58:08.846		1.25285			4
2024.12.26	21:58:10.382	1.25283	1.25288			6
2024.12.26	21:58:11.001	1.25281	1.25285			6
2024.12.26	21:58:18.401		1.25284			4
2024.12.26	21:58:19.316		1.25285			4
2024.12.26	21:58:20.234		1.25284			4
2024.12.26	21:58:20.544	1.25282				2
2024.12.26	21:58:21.158	1.25280	1.25283			6
2024.12.26	21:58:21.463	1.25281	1.25284			6
2024.12.26	21:58:23.301	1.25277	1.25283			6
2024.12.26	21:58:24.524	1.25279	1.25284			6
2024.12.26	21:58:24.827	1.25282	1.25285			6
2024.12.26	21:58:27.586		1.25284			4
2024.12.26	21:58:28.201	1.25281				2
2024.12.26	21:58:29.738	1.25279	1.25283			6
2024.12.26	21:58:30.349		1.25284			4
2024.12.26	21:58:30.969	1.25280				2
2024.12.26	21:58:31.277	1.25281				2
2024.12.26	21:58:32.202	1.25282	1.25285			6
2024.12.26	21:58:32.503	1.25280				2
2024.12.26	21:58:32.822	1.25282				2
2024.12.26	21:58:33.430	1.25281	1.25284			6
2024.12.26	21:58:34.358	1.25282				2
2024.12.26	21:58:36.522		1.25285			4
2024.12.26	21:58:37.426	1.25281	1.25287			6
2024.12.26	21:58:38.359		1.25284			4
2024.12.26	21:58:39.883		1.25286			4
2024.12.26	21:58:40.188	1.25283	1.25288			6
2024.12.26	21:58:40.492	1.25284	1.25287			6
2024.12.26	21:58:40.794		1.25286			4
2024.12.26	21:58:41.096	1.25282	1.25285			6
2024.12.26	21:58:41.405	1.25283	1.25286			6
2024.12.26	21:58:43.876	1.25285	1.25288			6
2024.12.26	21:58:44.183	1.25284	1.25287			6
2024.12.26	21:58:44.495	1.25283	1.25286			6
2024.12.26	21:58:48.481	1.25282	1.25285			6
2024.12.26	21:58:49.096	1.25281	1.25284			6
2024.12.26	21:58:50.618	1.25280				2
2024.12.26	21:58:50.921		1.25283			4
2024.12.26	21:58:51.225	1.25281	1.25284			6
2024.12.26	21:59:00.106	1.25280	1.25283			6
2024.12.26	21:59:00.412		1.25284			4
2024.12.26	21:59:00.715	1.25279				2
2024.12.26	21:59:01.020	1.25280	1.25283			6
2024.12.26	21:59:01.631	1.25279	1.25284			6
2024.12.26	21:59:01.934		1.25283			4
2024.12.26	21:59:02.243		1.25282			4
2024.12.26	21:59:03.158	1.25280	1.25284			6
2024.12.26	21:59:03.464		1.25283			4
2024.12.26	21:59:03.772	1.25279				2
2024.12.26	21:59:04.078		1.25284			4
2024.12.26	21:59:04.382		1.25283			4
2024.12.26	21:59:04.688	1.25281	1.25284			6
2024.12.26	21:59:05.002	1.25280	1.25283			6
2024.12.26	21:59:05.309	1.25281	1.25284			6
2024.12.26	21:59:05.621	1.25282	1.25285			6
2024.12.26	21:59:05.928	1.25280	1.25283			6
2024.12.26	21:59:06.231		1.25284			4
2024.12.26	21:59:06.544	1.25277	1.25279			6
2024.12.26	21:59:06.846		1.25280			4
2024.12.26	21:59:07.163		1.25279			4
2024.12.26	21:59:07.468	1.25272	1.25277			6
2024.12.26	21:59:07.777	1.25273	1.25276			6
2024.12.26	21:59:08.083	1.25271	1.25275			6
2024.12.26	21:59:08.397	1.25272				2
2024.12.26	21:59:09.318	1.25271	1.25274			6
2024.12.26	21:59:09.927	1.25270				2
2024.12.26	21:59:10.545	1.25272	1.25275			6
2024.12.26	21:59:12.686		1.25276			4
2024.12.26	21:59:13.302	1.25271	1.25275			6
2024.12.26	21:59:13.607		1.25274			4
2024.12.26	21:59:14.841	1.25272	1.25275			6
2024.12.26	21:59:15.446	1.25271				2
2024.12.26	21:59:15.748		1.25276			4
2024.12.26	21:59:16.355		1.25275			4
2024.12.26	21:59:17.270	1.25269	1.25271			6
2024.12.26	21:59:17.576	1.25268	1.25272			6
2024.12.26	21:59:18.193	1.25266	1.25270			6
2024.12.26	21:59:18.500	1.25267				2
2024.12.26	21:59:18.802		1.25271			4
2024.12.26	21:59:19.109	1.25266	1.25270			6
2024.12.26	21:59:20.643	1.25269	1.25272			6
2024.12.26	21:59:20.945	1.25268				2
2024.12.26	21:59:21.263	1.25267	1.25273			6
2024.12.26	21:59:21.870		1.25271			4
2024.12.26	21:59:22.177	1.25265	1.25268			6
2024.12.26	21:59:22.484	1.25264				2
2024.12.26	21:59:22.796	1.25263	1.25267			6
2024.12.26	21:59:23.104	1.25265	1.25268			6
2024.12.26	21:59:23.406	1.25264				2
2024.12.26	21:59:24.024	1.25263	1.25267			6
2024.12.26	21:59:24.636	1.25261	1.25266			6
2024.12.26	21:59:24.943		1.25268			4
2024.12.26	21:59:25.243	1.25262	1.25266			6
2024.12.26	21:59:25.864		1.25265			4
2024.12.26	21:59:26.169		1.25266			4
2024.12.26	21:59:26.473		1.25267			4
2024.12.26	21:59:26.777	1.25263				2
2024.12.26	21:59:27.399	1.25262				2
2024.12.26	21:59:27.707		1.25265			4
2024.12.26	21:59:28.015		1.25266			4
2024.12.26	21:59:28.317	1.25268	1.25271			6
2024.12.26	21:59:28.623		1.25273			4
2024.12.26	21:59:28.927		1.25271			4
2024.12.26	21:59:29.228	1.25267	1.25270			6
2024.12.26	21:59:29.540	1.25265	1.25268			6
2024.12.26	21:59:29.842	1.25267	1.25270			6
2024.12.26	21:59:30.145	1.25266	1.25269			6
2024.12.26	21:59:30.763	1.25262	1.25264			6
2024.12.26	21:59:31.381	1.25261	1.25265			6
2024.12.26	21:59:31.685	1.25263	1.25266			6
2024.12.26	21:59:32.001	1.25262				2
2024.12.26	21:59:32.614		1.25265			4
2024.12.26	21:59:32.928		1.25266			4
2024.12.26	21:59:33.228		1.25265			4
2024.12.26	21:59:34.156	1.25263	1.25266			6
2024.12.26	21:59:34.463	1.25262				2
2024.12.26	21:59:35.389		1.25265			4
2024.12.26	21:59:36.317	1.25263	1.25266			6
2024.12.26	21:59:36.627	1.25262				2
2024.12.26	21:59:36.928		1.25265			4
2024.12.26	21:59:37.238	1.25261				2
2024.12.26	21:59:37.547		1.25264			4
2024.12.26	21:59:37.861		1.25265			4
2024.12.26	21:59:38.163	1.25263	1.25266			6
2024.12.26	21:59:38.480	1.25262	1.25265			6
2024.12.26	21:59:39.399	1.25261	1.25264			6
2024.12.26	21:59:39.705	1.25263	1.25266			6
2024.12.26	21:59:40.013	1.25262	1.25265			6
2024.12.26	21:59:40.316	1.25264	1.25267			6
2024.12.26	21:59:40.624	1.25263				2
2024.12.26	21:59:40.931	1.25262				2
2024.12.26	21:59:41.237	1.25263				2
2024.12.26	21:59:41.544	1.25262				2
2024.12.26	21:59:41.851	1.25261				2
2024.12.26	21:59:42.154	1.25263	1.25266			6
2024.12.26	21:59:42.461	1.25262	1.25265			6
2024.12.26	21:59:43.077	1.25261	1.25264			6
2024.12.26	21:59:43.382	1.25260	1.25263			6
2024.12.26	21:59:43.687		1.25264			4
2024.12.26	21:59:43.996		1.25263			4
2024.12.26	21:59:44.605		1.25264			4
2024.12.26	21:59:44.916		1.25263			4
2024.12.26	21:59:45.226	1.25253	1.25256			6
2024.12.26	21:59:45.844	1.25254	1.25257			6
2024.12.26	21:59:46.763	1.25253				2
2024.12.26	21:59:47.065		1.25256			4
2024.12.26	21:59:47.366	1.25251	1.25257			6
2024.12.26	21:59:48.296	1.25253	1.25258			6
2024.12.26	21:59:48.604		1.25257			4
2024.12.26	21:59:48.907	1.25254				2
2024.12.26	21:59:49.222	1.25251				2
2024.12.26	21:59:49.532	1.25254				2
2024.12.26	21:59:49.838		1.25258			4
2024.12.26	21:59:50.145	1.25253	1.25256			6
2024.12.26	21:59:50.757	1.25252	1.25257			6
2024.12.26	21:59:51.064	1.25255	1.25258			6
2024.12.26	21:59:51.365	1.25252	1.25256			6
2024.12.26	21:59:51.974	1.25251	1.25257			6
2024.12.26	21:59:52.276		1.25255			4
2024.12.26	21:59:52.588		1.25254			4
2024.12.26	21:59:52.898	1.25252	1.25255			6
2024.12.26	21:59:53.515	1.25251	1.25254			6
2024.12.26	21:59:53.818	1.25252	1.25255			6
2024.12.26	21:59:54.125	1.25254	1.25257			6
2024.12.26	21:59:54.436	1.25251				2
2024.12.26	21:59:54.745	1.25254				2
2024.12.26	21:59:55.051	1.25251				2
2024.12.26	21:59:55.361	1.25254	1.25258			6
2024.12.26	21:59:55.667	1.25251	1.25257			6
2024.12.26	21:59:56.281	1.25252				2
2024.12.26	21:59:56.591	1.25254				2
2024.12.26	21:59:56.901	1.25251	1.25258			6
2024.12.26	21:59:57.203	1.25252	1.25257			6
2024.12.26	21:59:57.508	1.25253	1.25258			6
2024.12.26	21:59:57.810	1.25252	1.25256			6
2024.12.26	21:59:58.127	1.25253				2
2024.12.26	21:59:58.431	1.25252	1.25255			6
2024.12.26	21:59:58.743	1.25251				2
2024.12.26	21:59:59.046		1.25254			4
2024.12.26	21:59:59.359	1.25252	1.25255			6
2024.12.26	21:59:59.973	1.25253				2
2024.12.26	22:00:00.277	1.25250	1.25252			6
2024.12.26	22:00:00.587	1.25251	1.25254			6
2024.12.26	22:00:00.896	1.25247	1.25250			6
2024.12.26	22:00:01.204	1.25251	1.25254			6
2024.12.26	22:00:01.809	1.25252	1.25255			6
2024.12.26	22:00:02.126		1.25254			4
2024.12.26	22:00:03.044		1.25255			4
2024.12.26	22:00:03.965	1.25251	1.25254			6
2024.12.26	22:00:05.199		1.25255			4
2024.12.26	22:00:05.810		1.25254			4
2024.12.26	22:00:07.968	1.25252	1.25255			6
2024.12.26	22:00:10.746	1.25251	1.25254			6
2024.12.26	22:00:12.283	1.25253	1.25256			6
2024.12.26	22:00:12.585	1.25257	1.25260			6
2024.12.26	22:00:12.888		1.25263			4
2024.12.26	22:00:13.206		1.25260			4
2024.12.26	22:00:14.129		1.25263			4
2024.12.26	22:00:14.750		1.25260			4
2024.12.26	22:00:15.054		1.25263			4
2024.12.26	22:00:15.671		1.25262			4
2024.12.26	22:00:16.279		1.25260			4
2024.12.26	22:00:17.499		1.25263			4
2024.12.26	22:00:18.416		1.25260			4
2024.12.26	22:00:18.731		1.25263			4
2024.12.26	22:00:19.041		1.25260			4
2024.12.26	22:00:22.730	1.25256	1.25259			6
2024.12.26	22:00:23.037	1.25257	1.25260			6
2024.12.26	22:00:24.261	1.25251	1.25254			6
2024.12.26	22:00:29.168	1.25252	1.25255			6
2024.12.26	22:00:30.084	1.25253	1.25256			6
2024.12.26	22:00:30.386	1.25252	1.25255			6
2024.12.26	22:00:31.306	1.25251	1.25254			6
2024.12.26	22:00:31.924	1.25252	1.25255			6
2024.12.26	22:00:32.532	1.25251	1.25254			6
2024.12.26	22:00:39.250	1.25252	1.25255			6
2024.12.26	22:00:44.155	1.25246	1.25249			6
2024.12.26	22:00:44.459	1.25247	1.25250			6
2024.12.26	22:00:44.768	1.25246				2
2024.12.26	22:00:45.075	1.25247				2
2024.12.26	22:00:45.686	1.25246	1.25252			6
2024.12.26	22:00:45.991		1.25250			4
2024.12.26	22:00:46.293		1.25249			4
2024.12.26	22:00:46.606		1.25252			4
2024.12.26	22:00:47.220		1.25250			4
2024.12.26	22:00:47.528	1.25247				2
2024.12.26	22:00:47.833	1.25246	1.25252			6
2024.12.26	22:00:49.366	1.25245	1.25247			6
2024.12.26	22:00:49.668	1.25243	1.25246			6
2024.12.26	22:00:49.979	1.25245	1.25248			6
2024.12.26	22:00:50.285	1.25246	1.25252			6
2024.12.26	22:00:50.589	1.25247	1.25250			6
2024.12.26	22:00:53.956	1.25243	1.25246			6
2024.12.26	22:00:54.261	1.25244	1.25247			6
2024.12.26	22:00:55.477	1.25242	1.25245			6
2024.12.26	22:00:55.784	1.25248	1.25253			6
2024.12.26	22:00:56.086		1.25254			4
2024.12.26	22:00:56.395	1.25251	1.25255			6
2024.12.26	22:00:58.541		1.25254			4
2024.12.26	22:00:58.850	1.25246	1.25251			6
2024.12.26	22:00:59.465		1.25250			4
2024.12.26	22:01:00.077	1.25247	1.25251			6
2024.12.26	22:01:00.995	1.25244	1.25248			6
2024.12.26	22:01:01.300	1.25239	1.25243			6
2024.12.26	22:01:01.605	1.25237				2
2024.12.26	22:01:01.908	1.25240	1.25244			6
2024.12.26	22:01:02.214	1.25241	1.25245			6
2024.12.26	22:01:02.525		1.25244			4
2024.12.26	22:01:02.826		1.25245			4
2024.12.26	22:01:03.445	1.25243	1.25248			6
2024.12.26	22:01:03.751		1.25247			4
2024.12.26	22:01:05.905	1.25245	1.25249			6
2024.12.26	22:01:06.217	1.25244	1.25248			6
2024.12.26	22:01:09.908	1.25242	1.25249			6
2024.12.26	22:01:10.219		1.25248			4
2024.12.26	22:01:10.823	1.25241	1.25244			6
2024.12.26	22:01:12.042	1.25238				2
2024.12.26	22:01:12.353	1.25241	1.25245			6
2024.12.26	22:01:12.662		1.25244			4
2024.12.26	22:01:12.966		1.25245			4
2024.12.26	22:01:14.198		1.25244			4
2024.12.26	22:01:14.501		1.25245			4
2024.12.26	22:01:16.991	1.25242	1.25246			6
2024.12.26	22:01:17.301		1.25245			4
2024.12.26	22:01:17.607	1.25240	1.25243			6
2024.12.26	22:01:17.915	1.25237	1.25240			6
2024.12.26	22:01:20.984		1.25243			4
2024.12.26	22:01:21.295	1.25238				2
2024.12.26	22:01:21.600	1.25241				2
2024.12.26	22:01:21.910	1.25238	1.25244			6
2024.12.26	22:01:23.448		1.25241			4
2024.12.26	22:01:24.374		1.25242			4
2024.12.26	22:01:24.681	1.25239	1.25243			6
2024.12.26	22:01:24.986	1.25241	1.25244			6
2024.12.26	22:01:25.288	1.25238	1.25243			6
2024.12.26	22:01:25.890		1.25244			4
2024.12.26	22:01:26.195	1.25241				2
2024.12.26	22:01:27.739	1.25242	1.25245			6
2024.12.26	22:01:29.897	1.25243	1.25246			6
2024.12.26	22:01:30.205	1.25242	1.25245			6
2024.12.26	22:01:31.127	1.25241	1.25244			6
2024.12.26	22:01:31.741		1.25245			4
2024.12.26	22:01:32.050		1.25244			4
2024.12.26	22:01:32.353	1.25242	1.25245			6
2024.12.26	22:01:32.658	1.25243	1.25246			6
2024.12.26	22:01:33.265	1.25242	1.25245			6
2024.12.26	22:01:33.572	1.25245	1.25248			6
2024.12.26	22:01:33.874		1.25249			4
2024.12.26	22:01:34.192	1.25246				2
2024.12.26	22:01:40.049	1.25245	1.25248			6
2024.12.26	22:01:40.359	1.25239	1.25242			6
2024.12.26	22:01:40.668	1.25240	1.25243			6
2024.12.26	22:01:40.975	1.25241				2
2024.12.26	22:01:41.283	1.25240				2
2024.12.26	22:01:41.592	1.25239				2
2024.12.26	22:01:41.901	1.25241				2
2024.12.26	22:01:42.207	1.25242	1.25244			6
2024.12.26	22:01:42.517		1.25246			4
2024.12.26	22:01:42.821		1.25245			4
2024.12.26	22:01:44.060		1.25246			4
2024.12.26	22:01:45.598	1.25244	1.25245			6
2024.12.26	22:01:45.903	1.25243	1.25246			6
2024.12.26	22:01:46.219	1.25244	1.25247			6
2024.12.26	22:01:48.980	1.25247	1.25250			6
2024.12.26	22:01:49.294	1.25246	1.25249			6
2024.12.26	22:01:49.600	1.25245	1.25248			6
2024.12.26	22:01:54.212	1.25243	1.25246			6
2024.12.26	22:01:55.451	1.25241	1.25244			6
2024.12.26	22:01:55.758	1.25242	1.25245			6
2024.12.26	22:01:56.367	1.25243	1.25246			6
2024.12.26	22:02:00.053	1.25243				2
2024.12.26	22:02:02.808	1.25242	1.25248			6
2024.12.26	22:02:03.419	1.25244				2
2024.12.26	22:02:04.342	1.25242				2
2024.12.26	22:02:04.647	1.25244	1.25249			6
2024.12.26	22:02:04.950	1.25242	1.25248			6
2024.12.26	22:02:05.565	1.25244	1.25249			6
2024.12.26	22:02:07.400	1.25243	1.25248			6
2024.12.26	22:02:07.705	1.25244				2
2024.12.26	22:02:09.575	1.25242				2
2024.12.26	22:02:09.891	1.25244				2
2024.12.26	22:02:12.948	1.25242				2
2024.12.26	22:02:13.865	1.25241	1.25246			6
2024.12.26	22:02:18.436	1.25242				2
2024.12.26	22:02:21.489	1.25243				2
2024.12.26	22:02:21.795	1.25242	1.25245			6
2024.12.26	22:02:27.005	1.25245	1.25247			6
2024.12.26	22:02:28.535		1.25248			4
2024.12.26	22:02:30.379	1.25246	1.25249			6
2024.12.26	22:02:30.681	1.25244	1.25247			6
2024.12.26	22:02:33.133	1.25251	1.25252			6
2024.12.26	22:02:33.439	1.25248	1.25251			6
2024.12.26	22:02:33.741		1.25252			4
2024.12.26	22:02:34.656		1.25251			4
2024.12.26	22:02:36.478		1.25252			4
2024.12.26	22:02:36.789	1.25252	1.25253			6
2024.12.26	22:02:38.627	1.25248				2
2024.12.26	22:02:39.244	1.25250	1.25254			6
2024.12.26	22:02:39.545	1.25248	1.25253			6
2024.12.26	22:02:39.859	1.25251				2
2024.12.26	22:02:40.163		1.25254			4
2024.12.26	22:02:40.465	1.25252	1.25253			6
2024.12.26	22:02:41.701	1.25253	1.25255			6
2024.12.26	22:02:42.006		1.25256			4
2024.12.26	22:02:42.621	1.25255	1.25258			6
2024.12.26	22:02:43.841	1.25253				2
2024.12.26	22:02:44.142	1.25252	1.25257			6
2024.12.26	22:02:46.285	1.25253	1.25256			6
2024.12.26	22:02:46.593	1.25251	1.25253			6
2024.12.26	22:02:46.900	1.25242	1.25246			6
2024.12.26	22:02:47.204	1.25241	1.25247			6
2024.12.26	22:02:47.512	1.25243	1.25248			6
2024.12.26	22:02:48.427	1.25240	1.25245			6
2024.12.26	22:02:48.735	1.25241				2
2024.12.26	22:02:49.043		1.25246			4
2024.12.26	22:02:49.349	1.25240	1.25245			6
2024.12.26	22:02:50.276	1.25241				2
2024.12.26	22:02:55.200	1.25240	1.25244			6
2024.12.26	22:02:55.508	1.25238	1.25243			6
2024.12.26	22:02:55.812	1.25242	1.25245			6
2024.12.26	22:02:57.051	1.25244	1.25247			6
2024.12.26	22:02:58.593	1.25247	1.25248			6
2024.12.26	22:02:58.902	1.25244	1.25247			6
2024.12.26	22:03:00.127	1.25244				2
2024.12.26	22:03:03.199	1.25247	1.25252			6
2024.12.26	22:03:03.504		1.25253			4
2024.12.26	22:03:05.337		1.25252			4
2024.12.26	22:03:05.643	1.25249	1.25254			6
2024.12.26	22:03:07.168		1.25255			4
2024.12.26	22:03:07.475	1.25251	1.25254			6
2024.12.26	22:03:14.285	1.25253	1.25256			6
2024.12.26	22:03:15.205		1.25257			4
2024.12.26	22:03:15.511		1.25256			4
2024.12.26	22:03:17.338	1.25254	1.25257			6
2024.12.26	22:03:17.645	1.25253	1.25259			6
2024.12.26	22:03:18.562	1.25252	1.25258			6
2024.12.26	22:03:21.326		1.25259			4
2024.12.26	22:03:23.167		1.25258			4
2024.12.26	22:03:26.233		1.25256			4
2024.12.26	22:03:33.284		1.25257			4
2024.12.26	22:03:33.593		1.25256			4
2024.12.26	22:03:35.442	1.25253				2
2024.12.26	22:03:40.060	1.25251	1.25253			6
2024.12.26	22:03:40.364	1.25248	1.25252			6
2024.12.26	22:03:40.669		1.25251			4
2024.12.26	22:03:40.974	1.25251	1.25253			6
2024.12.26	22:03:41.282	1.25252	1.25255			6
2024.12.26	22:03:43.436	1.25253	1.25256			6
2024.12.26	22:03:44.974	1.25254	1.25257			6
2024.12.26	22:03:49.590	1.25253	1.25255			6
2024.12.26	22:03:50.511		1.25256			4
2024.12.26	22:03:50.822		1.25255			4
2024.12.26	22:03:51.749		1.25256			4
2024.12.26	22:03:52.374		1.25255			4
2024.12.26	22:03:52.986		1.25256			4
2024.12.26	22:03:53.293		1.25255			4
2024.12.26	22:03:54.834	1.25254	1.25259			6
2024.12.26	22:03:55.139		1.25258			4
2024.12.26	22:03:55.444	1.25251	1.25253			6
2024.12.26	22:03:55.754	1.25248				2
2024.12.26	22:03:56.061		1.25251			4
2024.12.26	22:03:56.366	1.25252	1.25255			6
2024.12.26	22:04:00.038	1.25252				2
2024.12.26	22:04:02.171	1.25253	1.25256			6
2024.12.26	22:04:04.300		1.25255			4
2024.12.26	22:04:07.661	1.25251	1.25254			6
2024.12.26	22:04:11.329	1.25247	1.25248			6
2024.12.26	22:04:11.631	1.25244	1.25246			6
2024.12.26	22:04:11.938		1.25247			4
2024.12.26	22:04:12.546	1.25246	1.25250			6
2024.12.26	22:04:14.373		1.25251			4
2024.12.26	22:04:18.381		1.25250			4
2024.12.26	22:04:18.685	1.25245	1.25249			6
2024.12.26	22:04:19.918		1.25250			4
2024.12.26	22:04:22.379	1.25246				2
2024.12.26	22:04:25.150		1.25251			4
2024.12.26	22:04:27.914	1.25250	1.25253			6
2024.12.26	22:04:28.216		1.25252			4
2024.12.26	22:04:32.814	1.25248	1.25250			6
2024.12.26	22:04:33.120	1.25246				2
2024.12.26	22:04:34.043	1.25250	1.25251			6
2024.12.26	22:04:34.346	1.25251	1.25252			6
2024.12.26	22:04:40.787	1.25249	1.25251			6
2024.12.26	22:04:41.089	1.25247	1.25250			6
2024.12.26	22:04:41.400		1.25251			4
2024.12.26	22:04:43.833	1.25248	1.25252			6
2024.12.26	22:04:46.286	1.25249				2
2024.12.26	22:04:46.592	1.25248				2
2024.12.26	22:04:48.121		1.25251			4
2024.12.26	22:04:48.734	1.25250				2
2024.12.26	22:04:49.343	1.25247	1.25250			6
2024.12.26	22:04:53.036	1.25248	1.25251			6
2024.12.26	22:05:00.056	1.25248				2
2024.12.26	22:05:02.204	1.25247	1.25250			6
2024.12.26	22:05:02.511	1.25248	1.25251			6
2024.12.26	22:05:03.128	1.25247	1.25250			6
2024.12.26	22:05:04.042	1.25248	1.25251			6
2024.12.26	22:05:06.174	1.25249				2
2024.12.26	22:05:07.392	1.25248	1.25250			6
2024.12.26	22:05:09.542	1.25249	1.25251			6
2024.12.26	22:05:16.598	1.25250	1.25252			6
2024.12.26	22:05:17.211	1.25252	1.25253			6
2024.12.26	22:05:17.520	1.25251				2
2024.12.26	22:05:20.280		1.25252			4
2024.12.26	22:05:21.813		1.25253			4
2024.12.26	22:05:22.732		1.25252			4
2024.12.26	22:05:25.185		1.25253			4
2024.12.26	22:05:25.487	1.25252				2
2024.12.26	22:05:27.625	1.25253	1.25255			6
2024.12.26	22:05:27.934	1.25252	1.25254			6
2024.12.26	22:05:28.550		1.25253			4
2024.12.26	22:05:29.463	1.25253	1.25254			6
2024.12.26	22:05:34.362	1.25254	1.25255			6
2024.12.26	22:05:35.898	1.25253	1.25254			6
2024.12.26	22:05:38.352	1.25252				2
2024.12.26	22:05:42.016	1.25254	1.25256			6
2024.12.26	22:05:43.235	1.25253	1.25255			6
2024.12.26	22:05:43.549	1.25254	1.25256			6
2024.12.26	22:05:52.142	1.25255				2
2024.12.26	22:05:52.446	1.25254				2
2024.12.26	22:05:53.053	1.25255				2
2024.12.26	22:05:53.977		1.25257			4
2024.12.26	22:05:54.592	1.25254	1.25256			6
2024.12.26	22:05:55.207	1.25255				2
2024.12.26	22:05:56.127	1.25254				2
2024.12.26	22:05:58.274	1.25255	1.25257			6
2024.12.26	22:06:00.107	1.25255				2
2024.12.26	22:06:00.413	1.25261	1.25262			6
2024.12.26	22:06:00.717	1.25258	1.25260			6
2024.12.26	22:06:01.022	1.25260	1.25261			6
2024.12.26	22:06:01.325	1.25258	1.25260			6
2024.12.26	22:06:05.002	1.25259	1.25261			6
2024.12.26	22:06:05.611	1.25255	1.25257			6
2024.12.26	22:06:09.888	1.25253	1.25255			6
2024.12.26	22:06:10.496	1.25252	1.25254			6
2024.12.26	22:06:12.939	1.25251	1.25253			6
2024.12.26	22:06:13.261	1.25252	1.25254			6
2024.12.26	22:06:22.139	1.25253	1.25255			6
2024.12.26	22:06:36.821	1.25256	1.25258			6
2024.12.26	22:06:37.123	1.25257	1.25259			6
2024.12.26	22:06:37.434	1.25256	1.25258			6
2024.12.26	22:06:37.741	1.25254	1.25256			6
2024.12.26	22:06:38.660		1.25255			4
2024.12.26	22:06:38.969	1.25252	1.25253			6
2024.12.26	22:06:39.272	1.25251				2
2024.12.26	22:06:39.577		1.25252			4
2024.12.26	22:06:40.498	1.25250				2
2024.12.26	22:06:42.340	1.25251				2
2024.12.26	22:06:52.434	1.25249	1.25251			6
2024.12.26	22:06:52.740	1.25250				2
2024.12.26	22:06:53.977		1.25252			4
2024.12.26	22:06:54.593	1.25249	1.25251			6
2024.12.26	22:06:54.894	1.25250				2
2024.12.26	22:06:56.444	1.25251	1.25252			6
2024.12.26	22:06:57.065	1.25250	1.25251			6
2024.12.26	22:06:57.369	1.25248	1.25250			6
2024.12.26	22:06:58.291	1.25243	1.25245			6
2024.12.26	22:06:58.598	1.25244	1.25246			6
2024.12.26	22:06:58.910	1.25243	1.25245			6
2024.12.26	22:06:59.215		1.25246			4
2024.12.26	22:07:00.134	1.25243				2
2024.12.26	22:07:00.747	1.25242	1.25245			6
2024.12.26	22:07:05.062	1.25244	1.25246			6
2024.12.26	22:07:05.369		1.25247			4
2024.12.26	22:07:05.680	1.25243	1.25246			6
2024.12.26	22:07:09.991	1.25244				2
2024.12.26	22:07:10.294	1.25243				2
2024.12.26	22:07:11.223	1.25244				2
2024.12.26	22:07:14.592	1.25245	1.25247			6
2024.12.26	22:07:18.265	1.25244	1.25246			6
2024.12.26	22:07:18.577	1.25245	1.25247			6
2024.12.26	22:07:19.804	1.25243	1.25245			6
2024.12.26	22:07:21.654	1.25244	1.25246			6
2024.12.26	22:07:23.197	1.25243	1.25245			6
2024.12.26	22:07:24.123	1.25244	1.25246			6
2024.12.26	22:07:24.737	1.25245	1.25247			6
2024.12.26	22:07:31.202	1.25247	1.25248			6
2024.12.26	22:07:31.506	1.25250	1.25252			6
2024.12.26	22:07:32.125	1.25251	1.25253			6
2024.12.26	22:07:32.433	1.25252				2
2024.12.26	22:07:32.740	1.25251				2
2024.12.26	22:07:35.202		1.25254			4
2024.12.26	22:07:35.508	1.25253	1.25255			6
2024.12.26	22:07:35.816	1.25252				2
2024.12.26	22:07:39.201		1.25254			4
2024.12.26	22:07:41.662	1.25247	1.25250			6
2024.12.26	22:07:42.281		1.25251			4
2024.12.26	22:07:43.505	1.25246				2
2024.12.26	22:07:46.269	1.25247				2
2024.12.26	22:07:54.262	1.25246	1.25250			6
2024.12.26	22:07:56.414	1.25251	1.25253			6
2024.12.26	22:07:58.873	1.25250				2
2024.12.26	22:08:00.101	1.25250				2
2024.12.26	22:08:00.711	1.25251				2
2024.12.26	22:08:05.641		1.25254			4
2024.12.26	22:08:06.874	1.25250	1.25253			6
2024.12.26	22:08:12.106	1.25251				2
2024.12.26	22:08:22.234		1.25252			4
2024.12.26	22:08:22.844	1.25250	1.25251			6
2024.12.26	22:08:23.148	1.25249				2
2024.12.26	22:08:25.295	1.25248	1.25250			6
2024.12.26	22:08:29.584	1.25249				2
2024.12.26	22:08:31.728	1.25251	1.25252			6
2024.12.26	22:08:33.251	1.25252	1.25253			6
2024.12.26	22:08:33.861	1.25251	1.25252			6
2024.12.26	22:08:34.469	1.25253	1.25254			6
2024.12.26	22:08:35.075	1.25251	1.25252			6
2024.12.26	22:08:39.934	1.25252	1.25254			6
2024.12.26	22:08:41.453		1.25253			4
2024.12.26	22:08:42.060		1.25254			4
2024.12.26	22:08:43.276	1.25253				2
2024.12.26	22:08:46.040		1.25255			4
2024.12.26	22:08:47.561	1.25259	1.25260			6
2024.12.26	22:08:47.868	1.25257	1.25259			6
2024.12.26	22:08:49.094		1.25260			4
2024.12.26	22:08:50.020	1.25258	1.25261			6
2024.12.26	22:08:51.552	1.25260	1.25262			6
2024.12.26	22:08:51.857	1.25258	1.25261			6
2024.12.26	22:08:52.164	1.25260	1.25262			6
2024.12.26	22:08:52.466	1.25259				2
2024.12.26	22:08:55.217		1.25261			4
2024.12.26	22:08:56.443		1.25262			4
2024.12.26	22:08:57.672		1.25261			4
2024.12.26	22:08:58.295	1.25258				2
2024.12.26	22:09:00.133	1.25258				2
2024.12.26	22:09:03.526	1.25254	1.25257			6
2024.12.26	22:09:04.443		1.25256			4
2024.12.26	22:09:04.748		1.25257			4
2024.12.26	22:09:08.457	1.25252	1.25255			6
2024.12.26	22:09:13.994		1.25256			4
2024.12.26	22:09:14.301	1.25254	1.25257			6
2024.12.26	22:09:14.608	1.25252	1.25256			6
2024.12.26	22:09:15.534		1.25255			4
2024.12.26	22:09:23.826		1.25253			4
2024.12.26	22:09:24.442		1.25254			4
2024.12.26	22:09:24.752		1.25253			4
2024.12.26	22:09:25.667		1.25254			4
2024.12.26	22:09:26.280		1.25253			4
2024.12.26	22:09:30.254		1.25254			4
2024.12.26	22:09:30.869	1.25254	1.25255			6
2024.12.26	22:09:31.174	1.25255	1.25257			6
2024.12.26	22:09:40.399	1.25254				2
2024.12.26	22:09:41.025	1.25253	1.25256			6
2024.12.26	22:09:41.326	1.25254	1.25257			6
2024.12.26	22:09:41.634	1.25253	1.25256			6
2024.12.26	22:09:42.251	1.25254	1.25255			6
2024.12.26	22:09:42.556		1.25256			4
2024.12.26	22:09:42.868	1.25252	1.25255			6
2024.12.26	22:09:43.171	1.25253	1.25256			6
2024.12.26	22:09:43.482	1.25252	1.25255			6
2024.12.26	22:09:44.097	1.25254	1.25257			6
2024.12.26	22:09:47.179		1.25256			4
2024.12.26	22:09:48.719	1.25255	1.25257			6
2024.12.26	22:09:49.023	1.25254	1.25256			6
2024.12.26	22:09:56.967	1.25253	1.25255			6
2024.12.26	22:10:00.032	1.25253				2
2024.12.26	22:10:01.863	1.25254				2
2024.12.26	22:10:02.167	1.25253				2
2024.12.26	22:10:02.475	1.25254	1.25256			6
2024.12.26	22:10:02.784	1.25253	1.25255			6
2024.12.26	22:10:04.320	1.25255	1.25257			6
2024.12.26	22:10:23.325	1.25260	1.25262			6
2024.12.26	22:10:23.631		1.25261			4
2024.12.26	22:10:23.941	1.25259				2
2024.12.26	22:10:24.244	1.25257	1.25260			6
2024.12.26	22:10:26.703	1.25258	1.25261			6
2024.12.26	22:10:27.005	1.25259	1.25262			6
2024.12.26	22:10:27.934	1.25260	1.25263			6
2024.12.26	22:10:28.548		1.25262			4
2024.12.26	22:10:28.850	1.25258	1.25261			6
2024.12.26	22:10:30.093	1.25260	1.25262			6
2024.12.26	22:10:30.394		1.25263			4
2024.12.26	22:10:30.708	1.25261	1.25264			6
2024.12.26	22:10:31.942	1.25264	1.25265			6
2024.12.26	22:10:32.246	1.25271	1.25274			6
2024.12.26	22:10:32.548	1.25267	1.25271			6
2024.12.26	22:10:33.173		1.25272			4
2024.12.26	22:10:40.562		1.25271			4
2024.12.26	22:10:43.643	1.25262	1.25266			6
2024.12.26	22:10:43.953	1.25261				2
2024.12.26	22:10:48.882	1.25265	1.25267			6
2024.12.26	22:10:49.189	1.25264				2
2024.12.26	22:10:55.347	1.25261	1.25266			6
2024.12.26	22:10:55.649	1.25262	1.25265			6
2024.12.26	22:10:59.043	1.25263	1.25266			6
2024.12.26	22:10:59.662	1.25266	1.25269			6
2024.12.26	22:11:00.280	1.25266				2
2024.12.26	22:11:01.207	1.25264	1.25268			6
2024.12.26	22:11:01.515		1.25267			4
2024.12.26	22:11:02.437	1.25260				2
2024.12.26	22:11:02.744	1.25261				2
2024.12.26	22:11:17.214		1.25266			4
2024.12.26	22:11:18.138	1.25262	1.25267			6
2024.12.26	22:11:18.446	1.25263				2
2024.12.26	22:11:19.058	1.25267	1.25270			6
2024.12.26	22:11:20.592	1.25264	1.25267			6
2024.12.26	22:11:20.903	1.25265	1.25268			6
2024.12.26	22:11:21.516	1.25264				2
2024.12.26	22:11:21.824	1.25265				2
2024.12.26	22:11:25.214	1.25264				2
2024.12.26	22:11:25.522		1.25267			4
2024.12.26	22:11:25.824		1.25268			4
2024.12.26	22:11:26.442		1.25267			4
2024.12.26	22:11:27.986		1.25266			4
2024.12.26	22:11:28.295		1.25267			4
2024.12.26	22:11:28.604		1.25268			4
2024.12.26	22:11:29.522	1.25265				2
2024.12.26	22:11:29.830	1.25264				2
2024.12.26	22:11:33.197	1.25265				2
2024.12.26	22:11:33.502	1.25264				2
2024.12.26	22:11:33.807	1.25262	1.25266			6
2024.12.26	22:11:34.721	1.25263				2
2024.12.26	22:11:37.801	1.25267	1.25269			6
2024.12.26	22:11:39.643	1.25265	1.25267			6
2024.12.26	22:11:39.954	1.25264				2
2024.12.26	22:11:47.042	1.25265	1.25268			6
2024.12.26	22:11:47.356	1.25264				2
2024.12.26	22:11:48.578	1.25265				2
2024.12.26	22:11:48.891	1.25267	1.25270			6
2024.12.26	22:11:50.431	1.25265	1.25268			6
2024.12.26	22:11:50.739	1.25264	1.25267			6
2024.12.26	22:11:51.663		1.25268			4
2024.12.26	22:11:52.588		1.25267			4
2024.12.26	22:12:00.258	1.25265				2
2024.12.26	22:12:00.560	1.25264				2
2024.12.26	22:12:00.863	1.25263				2
2024.12.26	22:12:02.418	1.25264				2
2024.12.26	22:12:03.330	1.25266				2
2024.12.26	22:12:03.636	1.25265				2
2024.12.26	22:12:03.938	1.25264				2
2024.12.26	22:12:04.548	1.25265				2
2024.12.26	22:12:08.819		1.25268			4
2024.12.26	22:12:09.123		1.25267			4
2024.12.26	22:12:10.663	1.25264	1.25266			6
2024.12.26	22:12:10.964		1.25267			4
2024.12.26	22:12:11.575	1.25265				2
2024.12.26	22:12:14.334		1.25268			4
2024.12.26	22:12:16.164	1.25267				2
2024.12.26	22:12:16.467	1.25262	1.25264			6
2024.12.26	22:12:16.777		1.25265			4
2024.12.26	22:12:21.711	1.25263	1.25266			6
2024.12.26	22:12:22.021		1.25265			4
2024.12.26	22:12:22.327	1.25262	1.25264			6
2024.12.26	22:12:23.862		1.25265			4
2024.12.26	22:12:24.774		1.25264			4
2024.12.26	22:12:25.995		1.25265			4
2024.12.26	22:12:26.603	1.25263				2
2024.12.26	22:12:29.654	1.25261	1.25264			6
2024.12.26	22:12:30.258	1.25262				2
2024.12.26	22:12:32.704		1.25265			4
2024.12.26	22:12:37.315	1.25263				2
2024.12.26	22:12:43.147	1.25262	1.25264			6
2024.12.26	22:12:46.817	1.25263	1.25265			6
2024.12.26	22:12:47.433	1.25262	1.25264			6
2024.12.26	22:12:58.142	1.25263	1.25265			6
2024.12.26	22:13:00.287	1.25265	1.25266			6
2024.12.26	22:13:02.431		1.25267			4
2024.12.26	22:13:05.192	1.25264	1.25266			6
2024.12.26	22:13:05.502	1.25265	1.25267			6
2024.12.26	22:13:07.338	1.25263	1.25265			6
2024.12.26	22:13:08.251	1.25264	1.25266			6
2024.12.26	22:13:10.079	1.25263	1.25265			6
2024.12.26	22:13:14.419	1.25262	1.25264			6
2024.12.26	22:13:14.722	1.25263	1.25265			6
2024.12.26	22:13:23.278	1.25264				2
2024.12.26	22:13:23.585	1.25265	1.25267			6
2024.12.26	22:13:28.494	1.25262	1.25264			6
2024.12.26	22:13:29.108	1.25263	1.25265			6
2024.12.26	22:13:30.335		1.25266			4
2024.12.26	22:13:31.254		1.25265			4
2024.12.26	22:13:34.609	1.25265	1.25266			6
2024.12.26	22:13:34.921		1.25267			4
2024.12.26	22:13:35.223		1.25268			4
2024.12.26	22:13:37.380		1.25267			4
2024.12.26	22:13:46.220	1.25266				2
2024.12.26	22:13:46.526	1.25265				2
2024.12.26	22:13:50.512	1.25266	1.25268			6
2024.12.26	22:13:56.613	1.25265	1.25267			6
2024.12.26	22:14:00.286	1.25265				2
2024.12.26	22:14:02.110	1.25266	1.25268			6
2024.12.26	22:14:05.768		1.25267			4
2024.12.26	22:14:06.073	1.25265				2
2024.12.26	22:14:06.377	1.25263	1.25265			6
2024.12.26	22:14:06.985	1.25264	1.25266			6
2024.12.26	22:14:07.910	1.25262	1.25264			6
2024.12.26	22:14:08.214	1.25264	1.25266			6
2024.12.26	22:14:13.712	1.25263	1.25265			6
2024.12.26	22:14:15.842		1.25264			4
2024.12.26	22:14:16.156	1.25262				2
2024.12.26	22:14:16.776	1.25263				2
2024.12.26	22:14:17.703		1.25265			4
2024.12.26	22:14:20.481	1.25264	1.25266			6
2024.12.26	22:14:21.099	1.25263	1.25265			6
2024.12.26	22:14:22.326	1.25262	1.25264			6
2024.12.26	22:14:23.563		1.25263			4
2024.12.26	22:14:24.791		1.25264			4
2024.12.26	22:14:25.095	1.25261	1.25263			6
2024.12.26	22:14:26.330	1.25263	1.25264			6
2024.12.26	22:14:26.634	1.25262				2
2024.12.26	22:14:29.407		1.25263			4
2024.12.26	22:14:32.493	1.25261				2
2024.12.26	22:14:35.857		1.25262			4
2024.12.26	22:14:42.640		1.25263			4
2024.12.26	22:14:46.350	1.25256	1.25258			6
2024.12.26	22:14:46.657	1.25257	1.25259			6
2024.12.26	22:14:47.889	1.25260	1.25261			6
2024.12.26	22:14:48.198	1.25261	1.25263			6
2024.12.26	22:14:49.124	1.25260	1.25262			6
2024.12.26	22:14:49.737		1.25263			4
2024.12.26	22:14:51.585	1.25261	1.25264			6
2024.12.26	22:14:54.665		1.25263			4
2024.12.26	22:14:54.976		1.25264			4
2024.12.26	22:14:55.287		1.25263			4
2024.12.26	22:14:56.203		1.25264			4
2024.12.26	22:14:58.974	1.25262				2
2024.12.26	22:15:00.204	1.25262				2
2024.12.26	22:15:10.064	1.25264	1.25266			6
2024.12.26	22:15:11.296		1.25267			4
2024.12.26	22:15:16.216		1.25266			4
2024.12.26	22:15:18.053	1.25263	1.25264			6
2024.12.26	22:15:18.363	1.25262				2
2024.12.26	22:15:19.285		1.25265			4
2024.12.26	22:15:19.592	1.25263	1.25266			6
2024.12.26	22:15:21.739	1.25264	1.25267			6
2024.12.26	22:15:23.571	1.25263	1.25266			6
2024.12.26	22:15:23.881	1.25264	1.25267			6
2024.12.26	22:15:24.185	1.25265				2
2024.12.26	22:15:24.492	1.25264				2
2024.12.26	22:15:25.102	1.25265				2
2024.12.26	22:15:25.717		1.25266			4
2024.12.26	22:15:26.025	1.25264				2
2024.12.26	22:15:26.333	1.25265				2
2024.12.26	22:15:26.641	1.25264				2
2024.12.26	22:15:27.254	1.25265	1.25267			6
2024.12.26	22:15:30.327	1.25264				2
2024.12.26	22:15:30.636	1.25265				2
2024.12.26	22:15:31.251	1.25264				2
2024.12.26	22:15:32.784		1.25266			4
2024.12.26	22:15:33.705	1.25265	1.25267			6
2024.12.26	22:15:37.086		1.25268			4
2024.12.26	22:15:38.617	1.25266				2
2024.12.26	22:15:40.440	1.25265				2
2024.12.26	22:15:43.213		1.25267			4
2024.12.26	22:15:45.642	1.25266	1.25268			6
2024.12.26	22:15:48.407	1.25264	1.25266			6
2024.12.26	22:15:51.154	1.25265	1.25267			6
2024.12.26	22:15:51.762	1.25264	1.25266			6
2024.12.26	22:15:55.136	1.25265	1.25267			6
2024.12.26	22:16:00.045	1.25265				2
2024.12.26	22:16:00.660	1.25268	1.25270			6
2024.12.26	22:16:00.963	1.25269	1.25271			6
2024.12.26	22:16:01.281	1.25270	1.25272			6
2024.12.26	22:16:02.195	1.25268	1.25273			6
2024.12.26	22:16:02.814	1.25271	1.25274			6
2024.12.26	22:16:05.573	1.25270				2
2024.12.26	22:16:06.182		1.25273			4
2024.12.26	22:16:16.756	1.25269				2
2024.12.26	22:16:21.358	1.25261	1.25262			6
2024.12.26	22:16:21.665		1.25263			4
2024.12.26	22:16:22.275		1.25264			4
2024.12.26	22:16:25.661	1.25262	1.25265			6
2024.12.26	22:16:27.826		1.25266			4
2024.12.26	22:16:38.929	1.25261	1.25264			6
2024.12.26	22:16:39.235		1.25265			4
2024.12.26	22:16:39.544	1.25264	1.25267			6
2024.12.26	22:16:39.845	1.25263	1.25268			6
2024.12.26	22:16:40.162	1.25262				2
2024.12.26	22:16:40.465		1.25265			4
2024.12.26	22:16:51.888	1.25263	1.25266			6
2024.12.26	22:16:57.428	1.25261	1.25264			6
2024.12.26	22:17:00.189	1.25261				2
2024.12.26	22:17:02.022	1.25260	1.25262			6
2024.12.26	22:17:02.329	1.25252	1.25258			6
2024.12.26	22:17:03.550	1.25250	1.25253			6
2024.12.26	22:17:03.851		1.25254			4
2024.12.26	22:17:04.158	1.25252	1.25255			6
2024.12.26	22:17:05.089	1.25251	1.25254			6
2024.12.26	22:17:06.931	1.25252	1.25255			6
2024.12.26	22:17:11.551	1.25250	1.25254			6
2024.12.26	22:17:11.855	1.25251				2
2024.12.26	22:17:16.149	1.25250	1.25253			6
2024.12.26	22:17:16.451		1.25254			4
2024.12.26	22:17:16.762		1.25253			4
2024.12.26	22:17:23.204		1.25254			4
2024.12.26	22:17:24.427	1.25251				2
2024.12.26	22:17:29.949	1.25253	1.25256			6
2024.12.26	22:17:30.262	1.25252				2
2024.12.26	22:17:30.569		1.25255			4
2024.12.26	22:17:35.167	1.25251	1.25254			6
2024.12.26	22:17:37.005		1.25255			4
2024.12.26	22:17:39.758	1.25252				2
2024.12.26	22:17:40.064		1.25256			4
2024.12.26	22:17:40.983		1.25255			4
2024.12.26	22:17:42.522		1.25256			4
2024.12.26	22:17:42.822		1.25255			4
2024.12.26	22:17:43.132		1.25256			4
2024.12.26	22:17:44.968		1.25255			4
2024.12.26	22:17:45.580		1.25256			4
2024.12.26	22:17:45.892		1.25255			4
2024.12.26	22:17:46.807		1.25257			4
2024.12.26	22:17:47.118		1.25258			4
2024.12.26	22:17:48.350		1.25257			4
2024.12.26	22:17:49.263		1.25255			4
2024.12.26	22:17:49.883		1.25258			4
2024.12.26	22:17:51.723		1.25255			4
2024.12.26	22:17:53.560	1.25251	1.25254			6
2024.12.26	22:18:00.003	1.25251				2
2024.12.26	22:18:01.232	1.25259	1.25262			6
2024.12.26	22:18:01.538	1.25258	1.25260			6
2024.12.26	22:18:01.839	1.25257	1.25263			6
2024.12.26	22:18:02.458		1.25260			4
2024.12.26	22:18:02.766		1.25263			4
2024.12.26	22:18:03.074		1.25260			4
2024.12.26	22:18:03.382		1.25263			4
2024.12.26	22:18:03.689	1.25260	1.25264			6
2024.12.26	22:18:04.611	1.25261				2
2024.12.26	22:18:10.470	1.25260	1.25263			6
2024.12.26	22:18:11.391		1.25264			4
2024.12.26	22:18:11.699	1.25261				2
2024.12.26	22:18:12.625	1.25260	1.25263			6
2024.12.26	22:18:13.244	1.25261	1.25264			6
2024.12.26	22:18:13.549	1.25260	1.25263			6
2024.12.26	22:18:13.853	1.25261	1.25264			6
2024.12.26	22:18:14.788	1.25260				2
2024.12.26	22:18:17.550	1.25255	1.25258			6
2024.12.26	22:18:17.853	1.25254				2
2024.12.26	22:18:18.169	1.25256	1.25259			6
2024.12.26	22:18:18.474	1.25257	1.25260			6
2024.12.26	22:18:19.706	1.25259	1.25264			6
2024.12.26	22:18:35.679	1.25262	1.25265			6
2024.12.26	22:18:35.981	1.25261	1.25264			6
2024.12.26	22:18:37.821	1.25260				2
2024.12.26	22:18:38.740		1.25263			4
2024.12.26	22:18:45.199	1.25259	1.25262			6
2024.12.26	22:18:45.814		1.25263			4
2024.12.26	22:18:55.885	1.25261	1.25264			6
2024.12.26	22:18:58.334	1.25260	1.25265			6
2024.12.26	22:18:59.876	1.25261				2
2024.12.26	22:19:00.178	1.25261	1.25264			6
2024.12.26	22:19:00.493	1.25260				2
2024.12.26	22:19:07.841	1.25261	1.25265			6
2024.12.26	22:19:13.050	1.25260	1.25264			6
2024.12.26	22:19:14.274	1.25261				2
2024.12.26	22:19:22.236	1.25260	1.25263			6
2024.12.26	22:19:26.812	1.25261	1.25264			6
2024.12.26	22:19:28.350		1.25263			4
2024.12.26	22:19:29.576	1.25263	1.25265			6
2024.12.26	22:19:30.181		1.25266			4
2024.12.26	22:19:32.618	1.25262	1.25265			6
2024.12.26	22:19:34.146	1.25261	1.25264			6
2024.12.26	22:19:39.361	1.25262				2
2024.12.26	22:19:40.575	1.25263	1.25265			6
2024.12.26	22:19:41.181	1.25261	1.25263			6
2024.12.26	22:19:42.103	1.25262	1.25265			6
2024.12.26	22:19:44.245	1.25263				2
2024.12.26	22:19:50.347	1.25262	1.25264			6
2024.12.26	22:19:51.564	1.25263	1.25265			6
2024.12.26	22:19:52.476	1.25261	1.25263			6
2024.12.26	22:19:52.782	1.25264	1.25266			6
2024.12.26	22:19:53.084	1.25266	1.25268			6
2024.12.26	22:19:53.702	1.25265	1.25267			6
2024.12.26	22:19:54.306	1.25264				2
2024.12.26	22:19:55.822	1.25270	1.25272			6
2024.12.26	22:19:56.430		1.25273			4
2024.12.26	22:19:57.038		1.25272			4
2024.12.26	22:19:57.340		1.25274			4
2024.12.26	22:19:57.643		1.25273			4
2024.12.26	22:19:59.475		1.25274			4
2024.12.26	22:19:59.780		1.25273			4
2024.12.26	22:20:00.083	1.25270				2
2024.12.26	22:20:00.385		1.25274			4
2024.12.26	22:20:02.535	1.25269	1.25273			6
2024.12.26	22:20:04.073	1.25271	1.25276			6
2024.12.26	22:20:04.379	1.25272	1.25277			6
2024.12.26	22:20:04.684	1.25271	1.25276			6
2024.12.26	22:20:04.995	1.25272	1.25277			6
2024.12.26	22:20:07.146	1.25270	1.25273			6
2024.12.26	22:20:07.456		1.25274			4
2024.12.26	22:20:07.761	1.25271	1.25275			6
2024.12.26	22:20:09.923	1.25270	1.25274			6
2024.12.26	22:20:13.005	1.25271	1.25275			6
2024.12.26	22:20:17.613	1.25270	1.25274			6
2024.12.26	22:20:21.923	1.25271	1.25275			6
2024.12.26	22:20:24.682	1.25270				2
2024.12.26	22:20:25.620		1.25274			4
2024.12.26	22:20:30.548	1.25271				2
2024.12.26	22:20:34.249		1.25275			4
2024.12.26	22:20:34.865	1.25272				2
2024.12.26	22:20:35.481	1.25270	1.25274			6
2024.12.26	22:20:35.783		1.25273			4
2024.12.26	22:20:36.401		1.25274			4
2024.12.26	22:20:40.384	1.25271				2
2024.12.26	22:20:41.001		1.25273			4
2024.12.26	22:20:42.536		1.25274			4
2024.12.26	22:20:44.380	1.25270	1.25272			6
2024.12.26	22:20:45.299		1.25273			4
2024.12.26	22:20:52.329		1.25272			4
2024.12.26	22:20:52.953		1.25273			4
2024.12.26	22:20:56.929	1.25266	1.25269			6
2024.12.26	22:20:57.233	1.25268	1.25270			6
2024.12.26	22:20:58.452	1.25267				2
2024.12.26	22:20:58.759	1.25268				2
2024.12.26	22:21:00.288	1.25268				2
2024.12.26	22:21:00.593	1.25267				2
2024.12.26	22:21:01.511	1.25269	1.25272			6
2024.12.26	22:21:04.557	1.25270	1.25273			6
2024.12.26	22:21:04.867	1.25271	1.25274			6
2024.12.26	22:21:08.835	1.25272	1.25275			6
2024.12.26	22:21:09.136	1.25273	1.25276			6
2024.12.26	22:21:09.444		1.25275			4
2024.12.26	22:21:09.753		1.25276			4
2024.12.26	22:21:10.055		1.25275			4
2024.12.26	22:21:11.582	1.25271	1.25274			6
2024.12.26	22:21:11.893		1.25273			4
2024.12.26	22:21:13.106		1.25274			4
2024.12.26	22:21:16.179	1.25270	1.25273			6
2024.12.26	22:21:17.403	1.25269				2
2024.12.26	22:21:22.309	1.25270				2
2024.12.26	22:21:30.575	1.25269	1.25272			6
2024.12.26	22:21:30.879	1.25270				2
2024.12.26	22:21:31.490	1.25269				2
2024.12.26	22:21:32.411	1.25270				2
2024.12.26	22:21:38.538	1.25269	1.25271			6
2024.12.26	22:21:44.361	1.25270				2
2024.12.26	22:21:44.670		1.25272			4
2024.12.26	22:21:45.587	1.25271	1.25273			6
2024.12.26	22:21:49.568	1.25272	1.25274			6
2024.12.26	22:21:50.182	1.25271	1.25273			6
2024.12.26	22:21:51.717		1.25272			4
2024.12.26	22:21:52.024	1.25270				2
2024.12.26	22:21:52.331	1.25272	1.25274			6
2024.12.26	22:21:52.637	1.25271	1.25273			6
2024.12.26	22:22:00.291	1.25271				2
2024.12.26	22:22:00.899		1.25272			4
2024.12.26	22:22:01.203	1.25270				2
2024.12.26	22:22:37.307	1.25271	1.25273			6
2024.12.26	22:22:37.918	1.25270	1.25272			6
2024.12.26	22:22:38.220	1.25263	1.25265			6
2024.12.26	22:22:39.124	1.25262	1.25269			6
2024.12.26	22:22:39.448	1.25261	1.25266			6
2024.12.26	22:22:41.607	1.25260				2
2024.12.26	22:22:42.224		1.25265			4
2024.12.26	22:22:43.756	1.25261	1.25266			6
2024.12.26	22:22:45.284	1.25262				2
2024.12.26	22:22:45.586		1.25267			4
2024.12.26	22:22:45.895	1.25261	1.25266			6
2024.12.26	22:22:46.203	1.25262	1.25267			6
2024.12.26	22:22:46.504		1.25266			4
2024.12.26	22:22:48.355	1.25261				2
2024.12.26	22:22:56.655	1.25262				2
2024.12.26	22:22:56.962	1.25264	1.25269			6
2024.12.26	22:22:57.270	1.25263				2
2024.12.26	22:23:00.029	1.25263				2
2024.12.26	22:23:00.333	1.25261	1.25265			6
2024.12.26	22:23:00.941	1.25263	1.25268			6
2024.12.26	22:23:02.465	1.25264	1.25269			6
2024.12.26	22:23:05.834		1.25268			4
2024.12.26	22:23:15.346	1.25263	1.25267			6
2024.12.26	22:23:15.650		1.25268			4
2024.12.26	22:23:17.493		1.25266			4
2024.12.26	22:23:20.256		1.25267			4
2024.12.26	22:23:20.561		1.25265			4
2024.12.26	22:23:20.868		1.25266			4
2024.12.26	22:23:21.786		1.25268			4
2024.12.26	22:23:22.096	1.25264				2
2024.12.26	22:23:23.936	1.25265				2
2024.12.26	22:23:24.862	1.25264				2
2024.12.26	22:23:29.463	1.25263	1.25267			6
2024.12.26	22:23:38.699	1.25261	1.25264			6
2024.12.26	22:23:39.005	1.25262	1.25265			6
2024.12.26	22:23:41.470	1.25263	1.25266			6
2024.12.26	22:23:41.780		1.25265			4
2024.12.26	22:23:42.085	1.25262				2
2024.12.26	22:23:45.469	1.25263				2
2024.12.26	22:23:45.771	1.25262				2
2024.12.26	22:23:46.080	1.25263				2
2024.12.26	22:23:47.000	1.25262				2
2024.12.26	22:23:52.807	1.25263	1.25266			6
2024.12.26	22:23:53.425		1.25265			4
2024.12.26	22:23:54.650	1.25262				2
2024.12.26	22:23:55.568	1.25263				2
2024.12.26	22:23:58.624		1.25264			4
2024.12.26	22:23:58.929		1.25265			4
2024.12.26	22:24:00.154	1.25263	1.25264			6
2024.12.26	22:24:00.459	1.25262				2
2024.12.26	22:24:07.784		1.25265			4
2024.12.26	22:24:10.229		1.25264			4
2024.12.26	22:24:10.537	1.25263	1.25265			6
2024.12.26	22:24:11.454		1.25264			4
2024.12.26	22:24:12.074	1.25262				2
2024.12.26	22:24:12.375		1.25265			4
2024.12.26	22:24:13.294	1.25263				2
2024.12.26	22:24:21.252		1.25264			4
2024.12.26	22:24:21.558	1.25264	1.25266			6
2024.12.26	22:24:21.863	1.25265	1.25267			6
2024.12.26	22:24:22.165	1.25264	1.25268			6
2024.12.26	22:24:23.086	1.25265				2
2024.12.26	22:24:26.474	1.25268	1.25270			6
2024.12.26	22:24:26.781	1.25267				2
2024.12.26	22:24:28.934	1.25268	1.25271			6
2024.12.26	22:24:29.243	1.25269	1.25273			6
2024.12.26	22:24:30.469	1.25270				2
2024.12.26	22:24:30.776	1.25269				2
2024.12.26	22:24:34.163	1.25270	1.25274			6
2024.12.26	22:24:35.079		1.25273			4
2024.12.26	22:24:50.377		1.25272			4
2024.12.26	22:24:55.587		1.25273			4
2024.12.26	22:25:00.175	1.25270				2
2024.12.26	22:25:00.790	1.25271	1.25274			6
2024.12.26	22:25:01.709	1.25270	1.25273			6
2024.12.26	22:25:05.382		1.25272			4
2024.12.26	22:25:06.597	1.25267	1.25268			6
2024.12.26	22:25:06.899	1.25265	1.25267			6
2024.12.26	22:25:07.201	1.25263	1.25268			6
2024.12.26	22:25:07.518	1.25264	1.25269			6
2024.12.26	22:25:09.058	1.25263	1.25268			6
2024.12.26	22:25:09.372		1.25269			4
2024.12.26	22:25:10.293		1.25268			4
2024.12.26	22:25:12.141	1.25270	1.25274			6
2024.12.26	22:25:12.758	1.25269	1.25273			6
2024.12.26	22:25:15.224	1.25267	1.25274			6
2024.12.26	22:25:22.622	1.25268				2
2024.12.26	22:25:26.291		1.25275			4
2024.12.26	22:25:27.819		1.25274			4
2024.12.26	22:25:28.129	1.25264	1.25271			6
2024.12.26	22:25:28.434		1.25270			4
2024.12.26	22:25:29.050		1.25271			4
2024.12.26	22:25:29.354	1.25270	1.25275			6
2024.12.26	22:25:30.278	1.25267	1.25274			6
2024.12.26	22:25:30.894	1.25266				2
2024.12.26	22:25:31.201		1.25273			4
2024.12.26	22:25:33.054		1.25272			4
2024.12.26	22:25:34.580	1.25267	1.25274			6
2024.12.26	22:25:35.504		1.25273			4
2024.12.26	22:25:36.115		1.25274			4
2024.12.26	22:25:37.035		1.25273			4
2024.12.26	22:25:37.346		1.25274			4
2024.12.26	22:25:37.652		1.25273			4
2024.12.26	22:25:38.577		1.25274			4
2024.12.26	22:25:39.806	1.25265	1.25272			6
2024.12.26	22:25:40.732		1.25270			4
2024.12.26	22:25:41.347		1.25271			4
2024.12.26	22:25:41.653	1.25263	1.25270			6
2024.12.26	22:25:41.963		1.25269			4
2024.12.26	22:25:42.888	1.25265				2
2024.12.26	22:25:43.508		1.25270			4
2024.12.26	22:25:44.426	1.25264	1.25269			6
2024.12.26	22:25:45.345	1.25263	1.25267			6
2024.12.26	22:25:45.646		1.25268			4
2024.12.26	22:25:45.963	1.25264				2
2024.12.26	22:25:46.887		1.25269			4
2024.12.26	22:25:47.497		1.25268			4
2024.12.26	22:25:49.032	1.25261	1.25267			6
2024.12.26	22:25:49.338	1.25262	1.25268			6
2024.12.26	22:25:54.238	1.25263				2
2024.12.26	22:25:58.232	1.25264	1.25270			6
2024.12.26	22:25:59.452		1.25269			4
2024.12.26	22:26:00.071	1.25264				2
2024.12.26	22:26:00.378		1.25268			4
2024.12.26	22:26:00.681		1.25270			4
2024.12.26	22:26:03.737		1.25269			4
2024.12.26	22:26:06.188	1.25270	1.25276			6
2024.12.26	22:26:06.499	1.25269	1.25275			6
2024.12.26	22:26:15.049	1.25270				2
2024.12.26	22:26:15.353		1.25276			4
2024.12.26	22:26:15.661	1.25269	1.25274			6
2024.12.26	22:26:16.272	1.25273	1.25278			6
2024.12.26	22:26:16.578	1.25271	1.25276			6
2024.12.26	22:26:17.186		1.25277			4
2024.12.26	22:26:17.492		1.25276			4
2024.12.26	22:26:18.404	1.25266	1.25271			6
2024.12.26	22:26:18.708	1.25270	1.25275			6
2024.12.26	22:26:20.546	1.25271	1.25276			6
2024.12.26	22:26:34.392	1.25270				2
2024.12.26	22:26:35.616		1.25275			4
2024.12.26	22:26:42.066	1.25271	1.25276			6
2024.12.26	22:26:45.136		1.25275			4
2024.12.26	22:26:45.445		1.25276			4
2024.12.26	22:26:46.372		1.25275			4
2024.12.26	22:26:48.230	1.25270				2
2024.12.26	22:26:54.397		1.25274			4
2024.12.26	22:26:54.706	1.25269	1.25275			6
2024.12.26	22:26:55.938		1.25273			4
2024.12.26	22:26:56.246		1.25275			4
2024.12.26	22:26:57.174		1.25274			4
2024.12.26	22:27:00.204	1.25269				2
2024.12.26	22:27:09.079		1.25273			4
2024.12.26	22:27:19.498	1.25270	1.25274			6
2024.12.26	22:27:20.110	1.25269	1.25273			6
2024.12.26	22:27:21.341	1.25270				2
2024.12.26	22:27:27.475	1.25271	1.25274			6
2024.12.26	22:27:32.359	1.25273	1.25276			6
2024.12.26	22:27:33.271		1.25277			4
2024.12.26	22:27:34.184		1.25276			4
2024.12.26	22:27:34.488	1.25274				2
2024.12.26	22:27:35.401	1.25273				2
2024.12.26	22:27:35.702	1.25274				2
2024.12.26	22:27:36.304	1.25273				2
2024.12.26	22:27:39.048	1.25274				2
2024.12.26	22:27:39.354	1.25273				2
2024.12.26	22:27:39.965	1.25272	1.25275			6
2024.12.26	22:27:40.268	1.25271	1.25274			6
2024.12.26	22:27:41.187		1.25275			4
2024.12.26	22:27:42.102		1.25274			4
2024.12.26	22:27:52.487	1.25272	1.25275			6
2024.12.26	22:27:58.333	1.25273	1.25276			6
2024.12.26	22:28:00.166	1.25274	1.25277			6
2024.12.26	22:28:00.472	1.25273	1.25276			6
2024.12.26	22:28:00.780	1.25272	1.25275			6
2024.12.26	22:28:01.083	1.25273	1.25276			6
2024.12.26	22:28:01.385	1.25278	1.25281			6
2024.12.26	22:28:02.303	1.25277	1.25282			6
2024.12.26	22:28:05.081		1.25283			4
2024.12.26	22:28:06.008		1.25282			4
2024.12.26	22:28:06.934	1.25276				2
2024.12.26	22:28:07.544	1.25277	1.25283			6
2024.12.26	22:28:09.696	1.25276	1.25282			6
2024.12.26	22:28:10.003		1.25281			4
2024.12.26	22:28:10.311	1.25277	1.25282			6
2024.12.26	22:28:11.538	1.25276	1.25281			6
2024.12.26	22:28:12.761	1.25279	1.25283			6
2024.12.26	22:28:18.932	1.25277				2
2024.12.26	22:28:26.322	1.25278				2
2024.12.26	22:28:37.336	1.25279				2
2024.12.26	22:28:45.308	1.25280	1.25284			6
2024.12.26	22:28:49.610	1.25279	1.25283			6
2024.12.26	22:28:52.672	1.25280	1.25284			6
2024.12.26	22:28:52.982	1.25281	1.25285			6
2024.12.26	22:28:53.592	1.25279	1.25283			6
2024.12.26	22:28:54.208	1.25281	1.25285			6
2024.12.26	22:28:54.515	1.25282	1.25286			6
2024.12.26	22:28:55.127	1.25281				2
2024.12.26	22:28:55.748	1.25282				2
2024.12.26	22:28:57.287	1.25281				2
2024.12.26	22:28:58.217	1.25280	1.25285			6
2024.12.26	22:29:00.069	1.25280	1.25284			6
2024.12.26	22:29:00.376	1.25274	1.25279			6
2024.12.26	22:29:01.300	1.25273	1.25281			6
2024.12.26	22:29:03.152		1.25280			4
2024.12.26	22:29:03.461	1.25274				2
2024.12.26	22:29:04.076		1.25281			4
2024.12.26	22:29:04.996	1.25275				2
2024.12.26	22:29:05.617	1.25274				2
2024.12.26	22:29:05.930	1.25275	1.25282			6
2024.12.26	22:29:12.411	1.25274	1.25281			6
2024.12.26	22:29:13.643	1.25275	1.25282			6
2024.12.26	22:29:15.186		1.25281			4
2024.12.26	22:29:17.935	1.25276	1.25282			6
2024.12.26	22:29:26.267	1.25277				2
2024.12.26	22:29:30.894	1.25278	1.25283			6
2024.12.26	22:29:31.203		1.25284			4
2024.12.26	22:29:32.436	1.25277	1.25283			6
2024.12.26	22:29:33.363	1.25276	1.25282			6
2024.12.26	22:29:34.291	1.25275	1.25281			6
2024.12.26	22:29:35.832	1.25276	1.25282			6
2024.12.26	22:29:38.307	1.25278	1.25283			6
2024.12.26	22:29:38.921	1.25277	1.25282			6
2024.12.26	22:29:46.630	1.25276	1.25281			6
2024.12.26	22:29:47.858	1.25277	1.25282			6
2024.12.26	22:29:52.179		1.25281			4
2024.12.26	22:29:55.541	1.25276	1.25280			6
2024.12.26	22:29:56.460	1.25277	1.25281			6
2024.12.26	22:29:57.379	1.25276	1.25280			6
2024.12.26	22:29:59.207	1.25275	1.25279			6
2024.12.26	22:29:59.516	1.25274	1.25278			6
2024.12.26	22:30:00.133	1.25274				2
2024.12.26	22:30:00.740	1.25272	1.25276			6
2024.12.26	22:30:01.047	1.25270	1.25274			6
2024.12.26	22:30:01.353	1.25269	1.25275			6
2024.12.26	22:30:01.972	1.25270	1.25276			6
2024.12.26	22:30:02.280	1.25269	1.25275			6
2024.12.26	22:30:04.133	1.25267	1.25273			6
2024.12.26	22:30:04.442	1.25268	1.25274			6
2024.12.26	22:30:09.381		1.25273			4
2024.12.26	22:30:11.543	1.25262	1.25267			6
2024.12.26	22:30:12.165	1.25260	1.25268			6
2024.12.26	22:30:13.397		1.25267			4
2024.12.26	22:30:13.709	1.25261	1.25268			6
2024.12.26	22:30:14.012		1.25269			4
2024.12.26	22:30:14.633	1.25262				2
2024.12.26	22:30:18.642	1.25261	1.25268			6
2024.12.26	22:30:18.952		1.25269			4
2024.12.26	22:30:19.259		1.25268			4
2024.12.26	22:30:20.181	1.25262	1.25269			6
2024.12.26	22:30:21.421	1.25260	1.25267			6
2024.12.26	22:30:22.961	1.25261				2
2024.12.26	22:30:23.269	1.25262	1.25269			6
2024.12.26	22:30:24.497	1.25261				2
2024.12.26	22:30:27.273	1.25260	1.25267			6
2024.12.26	22:30:28.201	1.25259				2
2024.12.26	22:30:29.430	1.25260	1.25268			6
2024.12.26	22:30:30.355		1.25267			4
2024.12.26	22:30:33.742	1.25265	1.25271			6
2024.12.26	22:30:34.050	1.25268	1.25275			6
2024.12.26	22:30:34.357	1.25267				2
2024.12.26	22:30:34.977	1.25266	1.25274			6
2024.12.26	22:30:36.521	1.25267	1.25275			6
2024.12.26	22:30:37.130	1.25266	1.25274			6
2024.12.26	22:30:37.741	1.25267	1.25275			6
2024.12.26	22:30:38.056	1.25266	1.25274			6
2024.12.26	22:30:38.364	1.25267	1.25275			6
2024.12.26	22:30:38.981	1.25266	1.25274			6
2024.12.26	22:30:39.601	1.25267	1.25275			6
2024.12.26	22:30:41.758	1.25265	1.25273			6
2024.12.26	22:30:42.376	1.25264	1.25271			6
2024.12.26	22:30:45.154	1.25262	1.25267			6
2024.12.26	22:30:45.462	1.25260				2
2024.12.26	22:30:45.770	1.25261	1.25268			6
2024.12.26	22:30:46.382	1.25260				2
2024.12.26	22:30:47.005	1.25258	1.25265			6
2024.12.26	22:30:47.629	1.25257	1.25264			6
2024.12.26	22:30:51.946	1.25259	1.25266			6
2024.12.26	22:30:52.261		1.25265			4
2024.12.26	22:31:00.262	1.25259				2
2024.12.26	22:31:01.186	1.25261	1.25269			6
2024.12.26	22:31:02.732	1.25262	1.25270			6
2024.12.26	22:31:03.351	1.25263				2
2024.12.26	22:31:04.586	1.25262				2
2024.12.26	22:31:05.821	1.25263				2
2024.12.26	22:31:07.359	1.25262				2
2024.12.26	22:31:08.590	1.25261	1.25269			6
2024.12.26	22:31:10.130	1.25262				2
2024.12.26	22:31:11.363	1.25260	1.25266			6
2024.12.26	22:31:13.201		1.25267			4
2024.12.26	22:31:14.119	1.25261	1.25269			6
2024.12.26	22:31:15.964	1.25260	1.25268			6
2024.12.26	22:31:16.573	1.25261	1.25269			6
2024.12.26	22:31:21.488	1.25259	1.25264			6
2024.12.26	22:31:21.792	1.25258				2
2024.12.26	22:31:22.405		1.25265			4
2024.12.26	22:31:23.316		1.25264			4
2024.12.26	22:31:32.571		1.25265			4
2024.12.26	22:31:32.886	1.25257	1.25264			6
2024.12.26	22:31:33.804	1.25255	1.25263			6
2024.12.26	22:31:34.108		1.25262			4
2024.12.26	22:31:34.426		1.25263			4
2024.12.26	22:31:34.739	1.25254	1.25262			6
2024.12.26	22:31:35.353		1.25261			4
2024.12.26	22:31:36.591	1.25252	1.25259			6
2024.12.26	22:31:36.902		1.25260			4
2024.12.26	22:31:37.828	1.25253				2
2024.12.26	22:31:38.137	1.25250	1.25258			6
2024.12.26	22:31:38.448		1.25257			4
2024.12.26	22:31:38.757	1.25252	1.25260			6
2024.12.26	22:31:39.073	1.25251	1.25259			6
2024.12.26	22:31:40.602		1.25257			4
2024.12.26	22:31:41.220	1.25250	1.25255			6
2024.12.26	22:31:48.316	1.25251	1.25257			6
2024.12.26	22:31:48.629	1.25252	1.25260			6
2024.12.26	22:31:50.770	1.25251	1.25259			6
2024.12.26	22:31:53.219		1.25258			4
2024.12.26	22:31:56.581		1.25259			4
2024.12.26	22:31:59.332		1.25258			4
2024.12.26	22:32:00.248	1.25251	1.25256			6
2024.12.26	22:32:00.551		1.25258			4
2024.12.26	22:32:01.780	1.25252	1.25259			6
2024.12.26	22:32:05.453	1.25251	1.25258			6
2024.12.26	22:32:06.986	1.25253	1.25259			6
2024.12.26	22:32:07.295		1.25260			4
2024.12.26	22:32:08.836	1.25252	1.25259			6
2024.12.26	22:32:09.451	1.25253				2
2024.12.26	22:32:09.762	1.25252	1.25258			6
2024.12.26	22:32:10.065	1.25253				2
2024.12.26	22:32:10.991	1.25252				2
2024.12.26	22:32:12.532	1.25251				2
2024.12.26	22:32:13.458		1.25257			4
2024.12.26	22:32:13.763	1.25249	1.25256			6
2024.12.26	22:32:14.075	1.25248	1.25255			6
2024.12.26	22:32:14.999	1.25249	1.25256			6
2024.12.26	22:32:15.926	1.25250	1.25257			6
2024.12.26	22:32:16.236	1.25249				2
2024.12.26	22:32:17.164	1.25250				2
2024.12.26	22:32:19.328	1.25251				2
2024.12.26	22:32:19.633	1.25250				2
2024.12.26	22:32:19.942	1.25251				2
2024.12.26	22:32:20.243		1.25258			4
2024.12.26	22:32:25.177	1.25252				2
2024.12.26	22:32:28.552	1.25253	1.25259			6
2024.12.26	22:32:29.164	1.25251	1.25256			6
2024.12.26	22:32:31.613	1.25250				2
2024.12.26	22:32:32.525	1.25251				2
2024.12.26	22:32:32.833	1.25250				2
2024.12.26	22:32:33.445	1.25249	1.25255			6
2024.12.26	22:32:34.664	1.25250	1.25256			6
2024.12.26	22:32:34.971	1.25249	1.25255			6
2024.12.26	22:32:37.130	1.25250				2
2024.12.26	22:32:40.805	1.25251	1.25256			6
2024.12.26	22:32:44.500	1.25252	1.25257			6
2024.12.26	22:32:47.257		1.25256			4
2024.12.26	22:32:49.401	1.25254	1.25258			6
2024.12.26	22:32:51.845	1.25252	1.25256			6
2024.12.26	22:32:53.072	1.25251	1.25255			6
2024.12.26	22:32:53.385		1.25256			4
2024.12.26	22:32:54.299		1.25255			4
2024.12.26	22:32:59.818	1.25252	1.25256			6
2024.12.26	22:33:00.120	1.25252				2
2024.12.26	22:33:01.962	1.25251	1.25255			6
2024.12.26	22:33:04.099	1.25252				2
2024.12.26	22:33:05.624	1.25253	1.25256			6
2024.12.26	22:33:06.239		1.25257			4
2024.12.26	22:33:07.157		1.25256			4
2024.12.26	22:33:08.984	1.25254	1.25257			6
2024.12.26	22:33:09.601	1.25253	1.25256			6
2024.12.26	22:33:10.828	1.25254	1.25257			6
2024.12.26	22:33:11.136	1.25255	1.25258			6
2024.12.26	22:33:16.635	1.25254	1.25257			6
2024.12.26	22:33:22.151		1.25256			4
2024.12.26	22:33:23.382	1.25252	1.25254			6
2024.12.26	22:33:23.683	1.25253	1.25255			6
2024.12.26	22:33:24.288		1.25256			4
2024.12.26	22:33:25.207	1.25252	1.25255			6
2024.12.26	22:33:26.119	1.25253	1.25256			6
2024.12.26	22:33:27.349		1.25257			4
2024.12.26	22:33:30.093	1.25254				2
2024.12.26	22:33:30.700	1.25255				2
2024.12.26	22:33:31.614		1.25258			4
2024.12.26	22:33:31.917	1.25254	1.25257			6
2024.12.26	22:33:32.218	1.25252	1.25255			6
2024.12.26	22:33:32.825	1.25256	1.25259			6
2024.12.26	22:33:33.127	1.25255	1.25258			6
2024.12.26	22:33:33.429	1.25254	1.25257			6
2024.12.26	22:33:34.976	1.25255	1.25258			6
2024.12.26	22:33:35.588	1.25254	1.25257			6
2024.12.26	22:33:37.109	1.25255	1.25258			6
2024.12.26	22:33:37.715	1.25254	1.25257			6
2024.12.26	22:33:39.241	1.25255	1.25258			6
2024.12.26	22:33:39.849	1.25254	1.25257			6
2024.12.26	22:33:41.368	1.25255	1.25258			6
2024.12.26	22:33:41.973	1.25259	1.25262			6
2024.12.26	22:33:42.279	1.25260	1.25263			6
2024.12.26	22:33:43.186	1.25259	1.25265			6
2024.12.26	22:33:44.414	1.25258	1.25263			6
2024.12.26	22:33:44.714	1.25259	1.25265			6
2024.12.26	22:33:45.022		1.25264			4
2024.12.26	22:33:45.941		1.25265			4
2024.12.26	22:33:47.157	1.25260	1.25266			6
2024.12.26	22:33:48.083	1.25261	1.25267			6
2024.12.26	22:33:48.689	1.25260	1.25266			6
2024.12.26	22:33:48.998	1.25261	1.25267			6
2024.12.26	22:33:50.215	1.25262				2
2024.12.26	22:33:50.520	1.25261				2
2024.12.26	22:33:51.132	1.25260	1.25266			6
2024.12.26	22:33:52.352	1.25261	1.25267			6
2024.12.26	22:33:52.661	1.25260	1.25266			6
2024.12.26	22:33:53.889	1.25262	1.25268			6
2024.12.26	22:33:54.195	1.25264				2
2024.12.26	22:33:54.813	1.25263	1.25267			6
2024.12.26	22:33:55.118	1.25262	1.25268			6
2024.12.26	22:33:56.037	1.25260	1.25265			6
2024.12.26	22:33:56.338	1.25259	1.25264			6
2024.12.26	22:33:56.654	1.25260	1.25265			6
2024.12.26	22:33:56.959		1.25266			4
2024.12.26	22:33:57.267	1.25259	1.25265			6
2024.12.26	22:33:58.795	1.25260	1.25266			6
2024.12.26	22:33:59.101	1.25259	1.25265			6
2024.12.26	22:34:00.021	1.25259				2
2024.12.26	22:34:00.629	1.25260				2
2024.12.26	22:34:00.933		1.25266			4
2024.12.26	22:34:01.546		1.25265			4
2024.12.26	22:34:02.157		1.25266			4
2024.12.26	22:34:02.762	1.25262	1.25267			6
2024.12.26	22:34:03.069	1.25263	1.25268			6
2024.12.26	22:34:03.381	1.25261				2
2024.12.26	22:34:04.289	1.25262				2
2024.12.26	22:34:04.903	1.25263	1.25269			6
2024.12.26	22:34:05.205		1.25270			4
2024.12.26	22:34:05.508	1.25262	1.25269			6
2024.12.26	22:34:07.034	1.25263	1.25270			6
2024.12.26	22:34:07.340	1.25262	1.25268			6
2024.12.26	22:34:09.177	1.25263	1.25269			6
2024.12.26	22:34:09.481	1.25262	1.25268			6
2024.12.26	22:34:11.306	1.25263	1.25269			6
2024.12.26	22:34:11.920	1.25261	1.25267			6
2024.12.26	22:34:13.439	1.25262				2
2024.12.26	22:34:13.748	1.25260	1.25266			6
2024.12.26	22:34:14.056	1.25261	1.25267			6
2024.12.26	22:34:15.281	1.25262				2
2024.12.26	22:34:17.120	1.25263				2
2024.12.26	22:34:19.272	1.25261	1.25266			6
2024.12.26	22:34:19.885	1.25262	1.25267			6
2024.12.26	22:34:20.194	1.25261	1.25266			6
2024.12.26	22:34:20.804	1.25259	1.25264			6
2024.12.26	22:34:21.116		1.25265			4
2024.12.26	22:34:25.098		1.25264			4
2024.12.26	22:34:26.015	1.25260	1.25265			6
2024.12.26	22:34:26.628	1.25259	1.25264			6
2024.12.26	22:34:26.933	1.25260	1.25265			6
2024.12.26	22:34:28.160	1.25261	1.25266			6
2024.12.26	22:34:28.775	1.25259	1.25264			6
2024.12.26	22:34:30.621	1.25261	1.25266			6
2024.12.26	22:34:30.924	1.25260	1.25265			6
2024.12.26	22:34:31.541		1.25266			4
2024.12.26	22:34:32.145		1.25265			4
2024.12.26	22:34:32.456	1.25261	1.25266			6
2024.12.26	22:34:33.078	1.25260	1.25265			6
2024.12.26	22:34:33.988	1.25259	1.25264			6
2024.12.26	22:34:34.304		1.25265			4
2024.12.26	22:34:35.224		1.25264			4
2024.12.26	22:34:37.064	1.25260	1.25265			6
2024.12.26	22:34:37.366	1.25259	1.25264			6
2024.12.26	22:34:38.900	1.25260	1.25265			6
2024.12.26	22:34:39.510	1.25259	1.25264			6
2024.12.26	22:34:40.739	1.25260	1.25265			6
2024.12.26	22:34:41.044	1.25261	1.25266			6
2024.12.26	22:34:41.661	1.25260	1.25265			6
2024.12.26	22:34:43.194	1.25261	1.25266			6
2024.12.26	22:34:43.807	1.25260	1.25265			6
2024.12.26	22:34:44.114		1.25264			4
2024.12.26	22:34:44.727	1.25261	1.25265			6
2024.12.26	22:34:45.341	1.25262	1.25266			6
2024.12.26	22:34:45.648	1.25261	1.25265			6
2024.12.26	22:34:45.956	1.25260	1.25264			6
2024.12.26	22:34:47.494	1.25261	1.25265			6
2024.12.26	22:34:48.105	1.25260	1.25264			6
2024.12.26	22:34:49.636	1.25261	1.25265			6
2024.12.26	22:34:50.240	1.25260	1.25264			6
2024.12.26	22:34:50.849	1.25261	1.25265			6
2024.12.26	22:34:55.431	1.25260	1.25264			6
2024.12.26	22:34:56.046	1.25261	1.25265			6
2024.12.26	22:34:57.272	1.25262				2
2024.12.26	22:34:57.893	1.25261	1.25264			6
2024.12.26	22:35:00.038	1.25262	1.25265			6
2024.12.26	22:35:00.341		1.25264			4
2024.12.26	22:35:01.563		1.25265			4
2024.12.26	22:35:09.235		1.25264			4
2024.12.26	22:35:11.077		1.25263			4
2024.12.26	22:35:14.740		1.25264			4
2024.12.26	22:35:18.107		1.25263			4
2024.12.26	22:35:19.014		1.25264			4
2024.12.26	22:35:19.320	1.25261	1.25263			6
2024.12.26	22:35:32.479	1.25262	1.25264			6
2024.12.26	22:35:33.090	1.25263	1.25265			6
2024.12.26	22:35:33.701	1.25264	1.25266			6
2024.12.26	22:35:34.004	1.25265	1.25267			6
2024.12.26	22:35:34.922	1.25267	1.25269			6
2024.12.26	22:35:35.225		1.25270			4
2024.12.26	22:35:35.539	1.25266	1.25269			6
2024.12.26	22:35:37.066	1.25267	1.25270			6
2024.12.26	22:35:37.382		1.25269			4
2024.12.26	22:35:37.988	1.25266	1.25268			6
2024.12.26	22:35:38.297	1.25265				2
2024.12.26	22:35:39.219	1.25266	1.25269			6
2024.12.26	22:35:39.523	1.25268	1.25271			6
2024.12.26	22:35:39.824	1.25270	1.25273			6
2024.12.26	22:35:40.126	1.25269	1.25275			6
2024.12.26	22:35:40.447	1.25266	1.25272			6
2024.12.26	22:35:41.060	1.25267	1.25273			6
2024.12.26	22:35:41.365	1.25268	1.25274			6
2024.12.26	22:35:41.987	1.25267	1.25273			6
2024.12.26	22:35:42.598	1.25265	1.25271			6
2024.12.26	22:35:43.518	1.25266				2
2024.12.26	22:35:44.134	1.25265				2
2024.12.26	22:35:45.672	1.25266				2
2024.12.26	22:35:46.279	1.25265				2
2024.12.26	22:35:46.894	1.25266	1.25272			6
2024.12.26	22:35:47.202	1.25265	1.25271			6
2024.12.26	22:35:47.820	1.25266	1.25272			6
2024.12.26	22:35:48.121		1.25271			4
2024.12.26	22:35:49.352	1.25267	1.25272			6
2024.12.26	22:35:50.272	1.25266	1.25271			6
2024.12.26	22:35:52.729	1.25265	1.25270			6
2024.12.26	22:35:54.260	1.25266	1.25271			6
2024.12.26	22:35:54.875	1.25265	1.25270			6
2024.12.26	22:35:55.182	1.25267	1.25272			6
2024.12.26	22:35:55.491	1.25268				2
2024.12.26	22:35:55.801	1.25267				2
2024.12.26	22:35:56.103	1.25266	1.25271			6
2024.12.26	22:35:56.410	1.25268	1.25273			6
2024.12.26	22:35:56.714	1.25267	1.25272			6
2024.12.26	22:35:57.021	1.25268	1.25273			6
2024.12.26	22:35:58.240	1.25266	1.25271			6
2024.12.26	22:35:58.545	1.25267	1.25272			6
2024.12.26	22:35:58.850	1.25269	1.25273			6
2024.12.26	22:35:59.153	1.25268				2
2024.12.26	22:35:59.459	1.25266	1.25271			6
2024.12.26	22:36:00.067	1.25266				2
2024.12.26	22:36:00.681	1.25267				2
2024.12.26	22:36:01.292	1.25266				2
2024.12.26	22:36:03.136	1.25267	1.25272			6
2024.12.26	22:36:03.442	1.25266	1.25271			6
2024.12.26	22:36:04.977	1.25267	1.25272			6
2024.12.26	22:36:05.591	1.25266				2
2024.12.26	22:36:07.423	1.25270	1.25275			6
2024.12.26	22:36:08.337	1.25268	1.25274			6
2024.12.26	22:36:08.642	1.25269				2
2024.12.26	22:36:09.254	1.25268				2
2024.12.26	22:36:09.865	1.25267				2
2024.12.26	22:36:11.399	1.25268				2
2024.12.26	22:36:12.010	1.25267				2
2024.12.26	22:36:13.541	1.25268				2
2024.12.26	22:36:14.153	1.25267				2
2024.12.26	22:36:15.073	1.25268				2
2024.12.26	22:36:16.300	1.25267	1.25273			6
2024.12.26	22:36:17.833	1.25268	1.25274			6
2024.12.26	22:36:18.140	1.25267	1.25273			6
2024.12.26	22:36:19.674	1.25268	1.25274			6
2024.12.26	22:36:20.287	1.25267	1.25273			6
2024.12.26	22:36:21.207	1.25269	1.25275			6
2024.12.26	22:36:24.278		1.25274			4
2024.12.26	22:36:24.890		1.25275			4
2024.12.26	22:36:25.192	1.25270				2
2024.12.26	22:36:25.805	1.25272				2
2024.12.26	22:36:26.728	1.25273	1.25277			6
2024.12.26	22:36:27.030	1.25282	1.25287			6
2024.12.26	22:36:27.340		1.25286			4
2024.12.26	22:36:27.953	1.25283				2
2024.12.26	22:36:30.104		1.25287			4
2024.12.26	22:36:30.407		1.25286			4
2024.12.26	22:36:36.235	1.25284	1.25290			6
2024.12.26	22:36:37.163		1.25289			4
2024.12.26	22:36:40.543		1.25290			4
2024.12.26	22:36:41.767	1.25292	1.25295			6
2024.12.26	22:36:42.075	1.25290	1.25296			6
2024.12.26	22:36:42.380		1.25295			4
2024.12.26	22:36:42.690		1.25294			4
2024.12.26	22:36:43.300	1.25291	1.25296			6
2024.12.26	22:36:49.766	1.25292				2
2024.12.26	22:36:50.991	1.25291	1.25295			6
2024.12.26	22:36:51.299		1.25296			4
2024.12.26	22:36:56.835		1.25295			4
2024.12.26	22:36:58.066	1.25292	1.25296			6
2024.12.26	22:36:58.377	1.25291				2
2024.12.26	22:37:00.219	1.25292				2
2024.12.26	22:37:01.136	1.25291	1.25295			6
2024.12.26	22:37:02.370	1.25287	1.25292			6
2024.12.26	22:37:02.986		1.25294			4
2024.12.26	22:37:03.601	1.25291	1.25297			6
2024.12.26	22:37:03.905		1.25296			4
2024.12.26	22:37:04.522		1.25297			4
2024.12.26	22:37:06.060	1.25288	1.25293			6
2024.12.26	22:37:06.677		1.25295			4
2024.12.26	22:37:09.441		1.25294			4
2024.12.26	22:37:10.979	1.25287				2
2024.12.26	22:37:11.285		1.25293			4
2024.12.26	22:37:17.444		1.25292			4
2024.12.26	22:37:18.673		1.25293			4
2024.12.26	22:37:21.444		1.25292			4
2024.12.26	22:37:21.758		1.25293			4
2024.12.26	22:37:25.435	1.25286				2
2024.12.26	22:37:26.359		1.25292			4
2024.12.26	22:37:26.969		1.25293			4
2024.12.26	22:37:27.279		1.25292			4
2024.12.26	22:37:27.584		1.25293			4
2024.12.26	22:37:28.197		1.25292			4
2024.12.26	22:37:34.930	1.25282	1.25288			6
2024.12.26	22:37:35.844	1.25281				2
2024.12.26	22:37:36.150	1.25282	1.25289			6
2024.12.26	22:37:37.381		1.25288			4
2024.12.26	22:37:38.302	1.25281				2
2024.12.26	22:37:41.998	1.25282				2
2024.12.26	22:37:43.534	1.25283	1.25290			6
2024.12.26	22:37:45.382	1.25282	1.25289			6
2024.12.26	22:37:48.151	1.25281	1.25287			6
2024.12.26	22:37:50.301	1.25282				2
2024.12.26	22:37:50.914	1.25283	1.25289			6
2024.12.26	22:37:52.151	1.25282	1.25288			6
2024.12.26	22:37:56.751	1.25285	1.25290			6
2024.12.26	22:37:57.061	1.25283	1.25289			6
2024.12.26	22:37:57.362	1.25284				2
2024.12.26	22:38:00.119	1.25284				2
2024.12.26	22:38:04.098		1.25288			4
2024.12.26	22:38:05.930	1.25285	1.25289			6
2024.12.26	22:38:12.350	1.25286				2
2024.12.26	22:38:14.498	1.25285	1.25288			6
2024.12.26	22:38:23.387	1.25286				2
2024.12.26	22:38:23.997	1.25283	1.25285			6
2024.12.26	22:38:25.228	1.25282	1.25286			6
2024.12.26	22:38:26.141		1.25285			4
2024.12.26	22:38:27.067	1.25283	1.25286			6
2024.12.26	22:38:30.740	1.25284	1.25287			6
2024.12.26	22:38:34.719	1.25282	1.25285			6
2024.12.26	22:38:35.024	1.25281	1.25284			6
2024.12.26	22:38:36.250		1.25285			4
2024.12.26	22:38:37.156		1.25284			4
2024.12.26	22:38:38.378	1.25283	1.25285			6
2024.12.26	22:38:39.289	1.25282				2
2024.12.26	22:38:40.509	1.25280	1.25283			6
2024.12.26	22:38:41.127	1.25282	1.25286			6
2024.12.26	22:38:44.196	1.25281				2
2024.12.26	22:38:44.502	1.25282				2
2024.12.26	22:38:46.034		1.25287			4
2024.12.26	22:38:46.644	1.25281	1.25286			6
2024.12.26	22:38:47.258	1.25282				2
2024.12.26	22:38:54.306	1.25283				2
2024.12.26	22:38:57.364	1.25285	1.25288			6
2024.12.26	22:39:00.096	1.25285				2
2024.12.26	22:39:00.398	1.25283	1.25286			6
2024.12.26	22:39:01.312	1.25282				2
2024.12.26	22:39:02.227	1.25283				2
2024.12.26	22:39:03.761	1.25282	1.25285			6
2024.12.26	22:39:04.068	1.25283	1.25286			6
2024.12.26	22:39:09.270	1.25284				2
2024.12.26	22:39:09.573	1.25283	1.25285			6
2024.12.26	22:39:09.873	1.25284	1.25286			6
2024.12.26	22:39:12.300	1.25283	1.25285			6
2024.12.26	22:39:13.213	1.25284	1.25286			6
2024.12.26	22:39:16.265	1.25283	1.25285			6
2024.12.26	22:39:26.354	1.25282	1.25284			6
2024.12.26	22:39:26.959	1.25281	1.25283			6
2024.12.26	22:39:28.497	1.25282	1.25284			6
2024.12.26	22:39:29.106	1.25281	1.25283			6
2024.12.26	22:39:30.931	1.25282	1.25284			6
2024.12.26	22:39:31.237	1.25281	1.25283			6
2024.12.26	22:39:32.769	1.25282	1.25284			6
2024.12.26	22:39:33.382	1.25281	1.25283			6
2024.12.26	22:39:34.909	1.25282	1.25284			6
2024.12.26	22:39:35.522	1.25283	1.25285			6
2024.12.26	22:39:36.740	1.25282	1.25284			6
2024.12.26	22:39:37.043	1.25283	1.25285			6
2024.12.26	22:39:37.650	1.25282	1.25284			6
2024.12.26	22:39:38.563	1.25283	1.25285			6
2024.12.26	22:39:38.864	1.25282	1.25284			6
2024.12.26	22:39:41.310	1.25283	1.25285			6
2024.12.26	22:39:41.612	1.25282	1.25284			6
2024.12.26	22:39:43.452	1.25283	1.25285			6
2024.12.26	22:39:44.064	1.25282	1.25284			6
2024.12.26	22:39:45.584	1.25283	1.25285			6
2024.12.26	22:39:46.196	1.25282	1.25284			6
2024.12.26	22:39:48.024	1.25283	1.25285			6
2024.12.26	22:39:48.628	1.25282	1.25284			6
2024.12.26	22:39:50.172	1.25283	1.25285			6
2024.12.26	22:39:50.786	1.25282	1.25284			6
2024.12.26	22:39:51.397	1.25277	1.25279			6
2024.12.26	22:39:52.006	1.25278	1.25280			6
2024.12.26	22:39:52.310		1.25283			4
2024.12.26	22:39:52.620	1.25277	1.25282			6
2024.12.26	22:39:52.922	1.25276	1.25281			6
2024.12.26	22:39:58.162		1.25280			4
2024.12.26	22:39:58.778	1.25278	1.25282			6
2024.12.26	22:39:59.398	1.25277	1.25281			6
2024.12.26	22:40:00.012	1.25277				2
2024.12.26	22:40:03.088	1.25278	1.25282			6
2024.12.26	22:40:03.397	1.25277	1.25281			6
2024.12.26	22:40:03.701	1.25276	1.25280			6
2024.12.26	22:40:04.007	1.25277	1.25281			6
2024.12.26	22:40:05.238	1.25278	1.25282			6
2024.12.26	22:40:05.545	1.25276	1.25280			6
2024.12.26	22:40:05.853	1.25277	1.25281			6
2024.12.26	22:40:07.394	1.25278	1.25282			6
2024.12.26	22:40:07.701	1.25277	1.25281			6
2024.12.26	22:40:08.316		1.25280			4
2024.12.26	22:40:09.547	1.25278	1.25281			6
2024.12.26	22:40:10.162	1.25277	1.25280			6
2024.12.26	22:40:11.696	1.25278	1.25281			6
2024.12.26	22:40:12.305	1.25277	1.25280			6
2024.12.26	22:40:13.228		1.25281			4
2024.12.26	22:40:13.536	1.25276	1.25280			6
2024.12.26	22:40:13.848	1.25277	1.25281			6
2024.12.26	22:40:14.459	1.25276	1.25280			6
2024.12.26	22:40:15.379	1.25277	1.25281			6
2024.12.26	22:40:15.685	1.25276	1.25280			6
2024.12.26	22:40:15.990	1.25277	1.25281			6
2024.12.26	22:40:19.358	1.25282	1.25286			6
2024.12.26	22:40:19.664	1.25280	1.25284			6
2024.12.26	22:40:20.280	1.25281	1.25286			6
2024.12.26	22:40:21.510		1.25285			4
2024.12.26	22:40:22.442		1.25286			4
2024.12.26	22:40:22.746		1.25285			4
2024.12.26	22:40:24.601		1.25286			4
2024.12.26	22:40:25.209		1.25285			4
2024.12.26	22:40:25.826	1.25280	1.25284			6
2024.12.26	22:40:26.133	1.25279				2
2024.12.26	22:40:31.370		1.25283			4
2024.12.26	22:40:38.128	1.25280				2
2024.12.26	22:40:41.801	1.25274	1.25277			6
2024.12.26	22:40:42.108	1.25273	1.25279			6
2024.12.26	22:40:43.032	1.25272	1.25278			6
2024.12.26	22:40:43.646	1.25271	1.25277			6
2024.12.26	22:40:43.960	1.25273	1.25279			6
2024.12.26	22:40:44.267	1.25272	1.25278			6
2024.12.26	22:40:44.573	1.25271	1.25277			6
2024.12.26	22:40:44.876	1.25272	1.25278			6
2024.12.26	22:40:46.121	1.25273	1.25279			6
2024.12.26	22:40:46.422	1.25271	1.25277			6
2024.12.26	22:40:47.032	1.25272	1.25278			6
2024.12.26	22:40:48.273	1.25273	1.25279			6
2024.12.26	22:40:48.579	1.25272	1.25278			6
2024.12.26	22:40:50.433	1.25273	1.25279			6
2024.12.26	22:40:51.041	1.25272	1.25278			6
2024.12.26	22:40:52.583	1.25273	1.25279			6
2024.12.26	22:40:53.197	1.25272	1.25277			6
2024.12.26	22:40:54.739	1.25274	1.25279			6
2024.12.26	22:40:55.354	1.25272	1.25277			6
2024.12.26	22:40:56.279		1.25278			4
2024.12.26	22:40:56.890	1.25273	1.25279			6
2024.12.26	22:40:57.504	1.25272	1.25278			6
2024.12.26	22:40:59.028	1.25273	1.25279			6
2024.12.26	22:40:59.644	1.25272	1.25278			6
2024.12.26	22:41:00.254	1.25272				2
2024.12.26	22:41:00.564		1.25276			4
2024.12.26	22:41:00.868		1.25277			4
2024.12.26	22:41:01.169	1.25273	1.25279			6
2024.12.26	22:41:01.475	1.25272	1.25278			6
2024.12.26	22:41:02.086	1.25270	1.25276			6
2024.12.26	22:41:04.859		1.25275			4
2024.12.26	22:41:05.164		1.25276			4
2024.12.26	22:41:05.474	1.25271				2
2024.12.26	22:41:06.091	1.25270				2
2024.12.26	22:41:07.324	1.25271				2
2024.12.26	22:41:13.761	1.25272	1.25277			6
2024.12.26	22:41:14.069	1.25274	1.25279			6
2024.12.26	22:41:14.382	1.25273				2
2024.12.26	22:41:14.687	1.25272	1.25278			6
2024.12.26	22:41:15.298	1.25273	1.25279			6
2024.12.26	22:41:16.216	1.25274	1.25280			6
2024.12.26	22:41:17.129	1.25272	1.25278			6
2024.12.26	22:41:18.360	1.25273	1.25279			6
2024.12.26	22:41:18.974	1.25272	1.25278			6
2024.12.26	22:41:19.283	1.25273				2
2024.12.26	22:41:22.654	1.25274	1.25279			6
2024.12.26	22:41:22.958	1.25273	1.25277			6
2024.12.26	22:41:23.264	1.25272				2
2024.12.26	22:41:23.571	1.25273	1.25278			6
2024.12.26	22:41:24.796	1.25274	1.25279			6
2024.12.26	22:41:25.412	1.25272	1.25277			6
2024.12.26	22:41:26.018	1.25273	1.25278			6
2024.12.26	22:41:26.325	1.25272	1.25277			6
2024.12.26	22:41:26.941	1.25274	1.25279			6
2024.12.26	22:41:27.555	1.25272	1.25277			6
2024.12.26	22:41:28.167		1.25278			4
2024.12.26	22:41:29.086	1.25273	1.25279			6
2024.12.26	22:41:29.700	1.25272	1.25278			6
2024.12.26	22:41:31.232	1.25273	1.25279			6
2024.12.26	22:41:31.845	1.25272	1.25278			6
2024.12.26	22:41:33.382	1.25273	1.25279			6
2024.12.26	22:41:33.989	1.25272	1.25278			6
2024.12.26	22:41:34.910	1.25271	1.25276			6
2024.12.26	22:41:35.216	1.25272	1.25277			6
2024.12.26	22:41:35.521	1.25273	1.25278			6
2024.12.26	22:41:36.130	1.25272	1.25277			6
2024.12.26	22:41:37.657	1.25275	1.25280			6
2024.12.26	22:41:37.959		1.25279			4
2024.12.26	22:41:38.273	1.25274				2
2024.12.26	22:41:39.188	1.25273				2
2024.12.26	22:41:40.421	1.25272	1.25278			6
2024.12.26	22:41:40.722	1.25273	1.25279			6
2024.12.26	22:41:41.963	1.25274	1.25280			6
2024.12.26	22:41:42.272		1.25279			4
2024.12.26	22:41:42.580	1.25272	1.25277			6
2024.12.26	22:41:44.129	1.25273	1.25278			6
2024.12.26	22:41:44.744	1.25272	1.25277			6
2024.12.26	22:41:46.289	1.25273	1.25278			6
2024.12.26	22:41:46.898	1.25272	1.25277			6
2024.12.26	22:41:48.439	1.25273	1.25278			6
2024.12.26	22:41:49.057	1.25272	1.25277			6
2024.12.26	22:41:50.602	1.25273	1.25278			6
2024.12.26	22:41:51.219		1.25277			4
2024.12.26	22:41:57.349	1.25274				2
2024.12.26	22:41:57.653	1.25273	1.25276			6
2024.12.26	22:41:58.880	1.25274	1.25277			6
2024.12.26	22:41:59.185	1.25275	1.25278			6
2024.12.26	22:41:59.797	1.25274	1.25277			6
2024.12.26	22:42:00.100	1.25272	1.25276			6
2024.12.26	22:42:00.720	1.25271	1.25275			6
2024.12.26	22:42:01.022	1.25273	1.25277			6
2024.12.26	22:42:01.328	1.25274	1.25279			6
2024.12.26	22:42:01.933	1.25272	1.25277			6
2024.12.26	22:42:02.556	1.25271	1.25276			6
2024.12.26	22:42:03.480	1.25272	1.25277			6
2024.12.26	22:42:04.095		1.25276			4
2024.12.26	22:42:04.401	1.25271	1.25275			6
2024.12.26	22:42:05.635	1.25272	1.25276			6
2024.12.26	22:42:06.243	1.25273	1.25277			6
2024.12.26	22:42:06.551	1.25272	1.25276			6
2024.12.26	22:42:07.780	1.25273	1.25277			6
2024.12.26	22:42:08.394	1.25272	1.25276			6
2024.12.26	22:42:10.527	1.25271	1.25275			6
2024.12.26	22:42:14.816	1.25270	1.25274			6
2024.12.26	22:42:15.120	1.25271				2
2024.12.26	22:42:16.333	1.25272	1.25275			6
2024.12.26	22:42:16.635	1.25271	1.25274			6
2024.12.26	22:42:24.287	1.25272				2
2024.12.26	22:42:32.835	1.25273	1.25275			6
2024.12.26	22:42:33.761	1.25275	1.25277			6
2024.12.26	22:42:34.065	1.25273	1.25275			6
2024.12.26	22:42:34.674	1.25274	1.25276			6
2024.12.26	22:42:37.424	1.25275	1.25277			6
2024.12.26	22:42:38.332	1.25274	1.25276			6
2024.12.26	22:42:39.865	1.25275	1.25277			6
2024.12.26	22:42:40.477	1.25274	1.25276			6
2024.12.26	22:42:42.003	1.25275	1.25277			6
2024.12.26	22:42:42.619	1.25274	1.25276			6
2024.12.26	22:42:43.534	1.25275	1.25277			6
2024.12.26	22:42:43.839	1.25274	1.25276			6
2024.12.26	22:42:44.150	1.25275	1.25277			6
2024.12.26	22:42:44.767	1.25274	1.25276			6
2024.12.26	22:42:46.288	1.25275	1.25277			6
2024.12.26	22:42:46.910	1.25274	1.25276			6
2024.12.26	22:42:48.440	1.25276	1.25278			6
2024.12.26	22:42:49.057	1.25275	1.25277			6
2024.12.26	22:42:49.974	1.25274	1.25276			6
2024.12.26	22:42:50.579	1.25276	1.25278			6
2024.12.26	22:42:51.183	1.25275	1.25277			6
2024.12.26	22:42:51.497	1.25274	1.25276			6
2024.12.26	22:42:51.802	1.25275	1.25277			6
2024.12.26	22:42:52.716	1.25276	1.25278			6
2024.12.26	22:42:53.031	1.25277	1.25279			6
2024.12.26	22:42:56.702	1.25276	1.25278			6
2024.12.26	22:42:57.006	1.25277	1.25279			6
2024.12.26	22:42:58.543	1.25278				2
2024.12.26	22:42:59.458	1.25277				2
2024.12.26	22:42:59.768	1.25278				2
2024.12.26	22:43:00.071	1.25278				2
2024.12.26	22:43:00.373	1.25277				2
2024.12.26	22:43:05.890	1.25276	1.25278			6
2024.12.26	22:43:06.197	1.25275	1.25277			6
2024.12.26	22:43:07.118	1.25276	1.25278			6
2024.12.26	22:43:07.422	1.25275	1.25277			6
2024.12.26	22:43:07.723	1.25276	1.25278			6
2024.12.26	22:43:08.029	1.25275	1.25277			6
2024.12.26	22:43:09.856	1.25276	1.25278			6
2024.12.26	22:43:10.164	1.25275	1.25277			6
2024.12.26	22:43:12.011	1.25276	1.25278			6
2024.12.26	22:43:12.316	1.25275	1.25277			6
2024.12.26	22:43:14.152	1.25276	1.25278			6
2024.12.26	22:43:14.754	1.25275	1.25277			6
2024.12.26	22:43:15.983	1.25276	1.25278			6
2024.12.26	22:43:16.284	1.25277	1.25279			6
2024.12.26	22:43:16.902	1.25275	1.25277			6
2024.12.26	22:43:18.439	1.25276	1.25278			6
2024.12.26	22:43:19.045	1.25275	1.25277			6
2024.12.26	22:43:20.588	1.25276	1.25278			6
2024.12.26	22:43:21.200	1.25275	1.25277			6
2024.12.26	22:43:21.507	1.25276	1.25278			6
2024.12.26	22:43:21.810	1.25277	1.25279			6
2024.12.26	22:43:23.641	1.25276	1.25278			6
2024.12.26	22:43:24.253	1.25277	1.25279			6
2024.12.26	22:43:25.166	1.25276	1.25278			6
2024.12.26	22:43:27.287	1.25277	1.25279			6
2024.12.26	22:43:27.900	1.25276	1.25278			6
2024.12.26	22:43:29.434	1.25277	1.25279			6
2024.12.26	22:43:30.039	1.25276	1.25278			6
2024.12.26	22:43:30.341		1.25279			4
2024.12.26	22:43:31.265	1.25275	1.25278			6
2024.12.26	22:43:31.572	1.25276	1.25279			6
2024.12.26	22:43:31.881	1.25275	1.25278			6
2024.12.26	22:43:32.187	1.25276				2
2024.12.26	22:43:32.801	1.25277	1.25279			6
2024.12.26	22:43:46.284	1.25276	1.25278			6
2024.12.26	22:43:46.590	1.25277	1.25279			6
2024.12.26	22:43:47.201	1.25276	1.25278			6
2024.12.26	22:43:55.159	1.25277	1.25279			6
2024.12.26	22:43:55.461	1.25276	1.25278			6
2024.12.26	22:43:56.991	1.25275	1.25277			6
2024.12.26	22:43:57.293	1.25276	1.25278			6
2024.12.26	22:43:58.208	1.25275	1.25277			6
2024.12.26	22:43:58.820	1.25276	1.25278			6
2024.12.26	22:43:59.740	1.25273	1.25275			6
2024.12.26	22:44:00.041	1.25273				2
2024.12.26	22:44:00.343	1.25274	1.25276			6
2024.12.26	22:44:00.645	1.25273	1.25275			6
2024.12.26	22:44:03.115		1.25274			4
2024.12.26	22:44:03.420	1.25268	1.25270			6
2024.12.26	22:44:03.725	1.25267	1.25268			6
2024.12.26	22:44:04.347	1.25270	1.25272			6
2024.12.26	22:44:04.657	1.25267				2
2024.12.26	22:44:07.126		1.25273			4
2024.12.26	22:44:21.303	1.25268				2
2024.12.26	22:44:21.610	1.25267	1.25272			6
2024.12.26	22:44:23.151	1.25268	1.25273			6
2024.12.26	22:44:23.762	1.25267	1.25272			6
2024.12.26	22:44:24.068	1.25270	1.25273			6
2024.12.26	22:44:24.687	1.25269	1.25272			6
2024.12.26	22:44:29.313		1.25271			4
2024.12.26	22:44:33.635	1.25268				2
2024.12.26	22:44:34.555	1.25267				2
2024.12.26	22:44:36.094	1.25268	1.25272			6
2024.12.26	22:44:36.713	1.25267	1.25271			6
2024.12.26	22:44:38.251	1.25269	1.25272			6
2024.12.26	22:44:38.859	1.25267	1.25270			6
2024.12.26	22:44:39.161		1.25271			4
2024.12.26	22:44:40.705	1.25268	1.25272			6
2024.12.26	22:44:41.011	1.25267	1.25271			6
2024.12.26	22:44:42.236	1.25266				2
2024.12.26	22:44:42.538	1.25268	1.25273			6
2024.12.26	22:44:43.142	1.25266	1.25271			6
2024.12.26	22:44:44.683	1.25268	1.25273			6
2024.12.26	22:44:45.301	1.25266	1.25271			6
2024.12.26	22:44:46.223		1.25272			4
2024.12.26	22:44:46.842		1.25271			4
2024.12.26	22:44:47.146	1.25267				2
2024.12.26	22:44:50.542	1.25266	1.25272			6
2024.12.26	22:44:51.162	1.25267				2
2024.12.26	22:44:51.468	1.25266				2
2024.12.26	22:44:53.318	1.25267				2
2024.12.26	22:44:53.628	1.25266				2
2024.12.26	22:44:53.937		1.25271			4
2024.12.26	22:44:54.239	1.25265	1.25270			6
2024.12.26	22:44:56.403	1.25267	1.25271			6
2024.12.26	22:44:57.635	1.25266	1.25270			6
2024.12.26	22:44:58.557	1.25267	1.25271			6
2024.12.26	22:44:58.865		1.25270			4
2024.12.26	22:44:59.484	1.25266				2
2024.12.26	22:44:59.795	1.25264	1.25268			6
2024.12.26	22:45:00.101	1.25264				2
2024.12.26	22:45:00.719	1.25262	1.25265			6
2024.12.26	22:45:01.336	1.25261	1.25266			6
2024.12.26	22:45:01.644	1.25262				2
2024.12.26	22:45:01.948	1.25261				2
2024.12.26	22:45:02.260	1.25262				2
2024.12.26	22:45:05.647		1.25265			4
2024.12.26	22:45:07.803		1.25266			4
2024.12.26	22:45:08.409		1.25265			4
2024.12.26	22:45:10.545	1.25261	1.25266			6
2024.12.26	22:45:12.095	1.25262				2
2024.12.26	22:45:14.566	1.25260	1.25264			6
2024.12.26	22:45:15.180	1.25261				2
2024.12.26	22:45:20.111	1.25262	1.25265			6
2024.12.26	22:45:20.421	1.25261				2
2024.12.26	22:45:21.341		1.25264			4
2024.12.26	22:45:28.360	1.25262				2
2024.12.26	22:45:33.865	1.25263	1.25265			6
2024.12.26	22:45:36.308	1.25262	1.25264			6
2024.12.26	22:45:45.479	1.25257	1.25259			6
2024.12.26	22:45:46.091	1.25256	1.25261			6
2024.12.26	22:45:48.233		1.25260			4
2024.12.26	22:45:49.462	1.25257	1.25261			6
2024.12.26	22:45:50.083	1.25258	1.25262			6
2024.12.26	22:45:50.389	1.25257				2
2024.12.26	22:45:51.309	1.25258				2
2024.12.26	22:45:56.839	1.25259	1.25263			6
2024.12.26	22:45:57.452	1.25258	1.25262			6
2024.12.26	22:45:58.369	1.25259	1.25263			6
2024.12.26	22:45:59.600	1.25257	1.25261			6
2024.12.26	22:45:59.903		1.25260			4
2024.12.26	22:46:00.207	1.25257	1.25261			6
2024.12.26	22:46:05.140		1.25260			4
2024.12.26	22:46:11.263	1.25258				2
2024.12.26	22:46:12.476	1.25257	1.25259			6
2024.12.26	22:46:12.777	1.25255	1.25257			6
2024.12.26	22:46:13.084	1.25254				2
2024.12.26	22:46:18.301	1.25255	1.25258			6
2024.12.26	22:46:18.913	1.25256				2
2024.12.26	22:46:19.216	1.25258	1.25262			6
2024.12.26	22:46:20.128	1.25257				2
2024.12.26	22:46:20.434	1.25258				2
2024.12.26	22:46:20.741	1.25257				2
2024.12.26	22:46:22.890	1.25260	1.25264			6
2024.12.26	22:46:28.111	1.25261	1.25266			6
2024.12.26	22:46:32.095	1.25262				2
2024.12.26	22:46:34.255	1.25260	1.25264			6
2024.12.26	22:46:41.317	1.25261				2
2024.12.26	22:46:44.982	1.25262	1.25265			6
2024.12.26	22:46:45.595	1.25263	1.25266			6
2024.12.26	22:46:52.332	1.25264				2
2024.12.26	22:47:00.272	1.25267	1.25269			6
2024.12.26	22:47:02.108	1.25266				2
2024.12.26	22:47:02.734	1.25264	1.25267			6
2024.12.26	22:47:04.264		1.25268			4
2024.12.26	22:47:07.350		1.25267			4
2024.12.26	22:47:14.097	1.25265				2
2024.12.26	22:47:26.911	1.25260	1.25262			6
2024.12.26	22:47:28.128	1.25258				2
2024.12.26	22:47:33.381	1.25254	1.25257			6
2024.12.26	22:47:33.684	1.25255	1.25260			6
2024.12.26	22:47:36.770	1.25256				2
2024.12.26	22:47:37.078		1.25261			4
2024.12.26	22:47:37.387	1.25257				2
2024.12.26	22:47:38.004	1.25258				2
2024.12.26	22:47:38.306		1.25263			4
2024.12.26	22:47:38.621	1.25257				2
2024.12.26	22:47:38.932	1.25258				2
2024.12.26	22:47:39.236	1.25257				2
2024.12.26	22:47:41.092	1.25258				2
2024.12.26	22:47:41.401	1.25257				2
2024.12.26	22:47:41.713	1.25258				2
2024.12.26	22:47:45.706	1.25257				2
2024.12.26	22:47:46.019	1.25258				2
2024.12.26	22:47:46.630	1.25257				2
2024.12.26	22:47:47.242		1.25262			4
2024.12.26	22:47:47.546	1.25256	1.25261			6
2024.12.26	22:47:47.852	1.25257	1.25262			6
2024.12.26	22:47:52.136	1.25258	1.25263			6
2024.12.26	22:47:52.753	1.25257	1.25262			6
2024.12.26	22:47:53.057	1.25272	1.25275			6
2024.12.26	22:47:53.968	1.25271				2
2024.12.26	22:47:55.508	1.25270	1.25274			6
2024.12.26	22:47:55.815	1.25271				2
2024.12.26	22:47:56.122	1.25267	1.25272			6
2024.12.26	22:47:56.422	1.25266				2
2024.12.26	22:48:00.127	1.25266				2
2024.12.26	22:48:10.573		1.25273			4
2024.12.26	22:48:11.492		1.25270			4
2024.12.26	22:48:18.542	1.25267				2
2024.12.26	22:48:21.315	1.25266				2
2024.12.26	22:48:21.619	1.25271	1.25276			6
2024.12.26	22:48:21.930	1.25272				2
2024.12.26	22:48:22.547	1.25270	1.25274			6
2024.12.26	22:48:22.858		1.25273			4
2024.12.26	22:48:24.406		1.25274			4
2024.12.26	22:48:28.105		1.25273			4
2024.12.26	22:48:29.952	1.25267				2
2024.12.26	22:48:30.260	1.25266				2
2024.12.26	22:48:39.502	1.25265	1.25268			6
2024.12.26	22:48:39.804	1.25268	1.25274			6
2024.12.26	22:48:44.412	1.25270				2
2024.12.26	22:48:45.025	1.25268				2
2024.12.26	22:48:47.787	1.25270				2
2024.12.26	22:48:48.096	1.25268				2
2024.12.26	22:48:49.316	1.25271				2
2024.12.26	22:48:49.927	1.25270				2
2024.12.26	22:48:50.236	1.25271				2
2024.12.26	22:48:50.539	1.25270				2
2024.12.26	22:48:50.843	1.25271				2
2024.12.26	22:48:51.150	1.25270				2
2024.12.26	22:48:51.458	1.25271				2
2024.12.26	22:48:55.136	1.25273	1.25278			6
2024.12.26	22:48:55.440	1.25271	1.25275			6
2024.12.26	22:48:55.742	1.25272				2
2024.12.26	22:48:56.356		1.25276			4
2024.12.26	22:48:58.508	1.25273				2
2024.12.26	22:49:00.049	1.25273				2
2024.12.26	22:49:00.358	1.25275	1.25278			6
2024.12.26	22:49:00.668	1.25273	1.25277			6
2024.12.26	22:49:00.973	1.25272				2
2024.12.26	22:49:01.901	1.25271				2
2024.12.26	22:49:07.136	1.25272				2
2024.12.26	22:49:07.443	1.25271				2
2024.12.26	22:49:11.134		1.25276			4
2024.12.26	22:49:11.440		1.25274			4
2024.12.26	22:49:11.755	1.25272	1.25275			6
2024.12.26	22:49:12.058		1.25276			4
2024.12.26	22:49:15.442		1.25275			4
2024.12.26	22:49:16.366	1.25271				2
2024.12.26	22:49:30.764	1.25272				2
2024.12.26	22:49:33.215	1.25271	1.25274			6
2024.12.26	22:49:34.444	1.25272				2
2024.12.26	22:49:35.052	1.25271				2
2024.12.26	22:49:35.971	1.25272				2
2024.12.26	22:49:37.504	1.25271				2
2024.12.26	22:49:39.335	1.25272				2
2024.12.26	22:49:39.637	1.25273				2
2024.12.26	22:49:40.861	1.25274	1.25276			6
2024.12.26	22:49:42.095	1.25273				2
2024.12.26	22:49:43.011		1.25275			4
2024.12.26	22:49:45.464	1.25272	1.25274			6
2024.12.26	22:49:46.075	1.25273	1.25275			6
2024.12.26	22:49:57.084	1.25274	1.25276			6
2024.12.26	22:49:57.394	1.25275	1.25277			6
2024.12.26	22:50:00.155	1.25274	1.25276			6
2024.12.26	22:50:02.610	1.25272	1.25274			6
2024.12.26	22:50:03.222	1.25273	1.25275			6
2024.12.26	22:50:05.066	1.25272	1.25274			6
2024.12.26	22:50:05.368	1.25273	1.25275			6
2024.12.26	22:50:05.678	1.25274	1.25276			6
2024.12.26	22:50:07.813	1.25275	1.25277			6
2024.12.26	22:50:24.925	1.25276	1.25278			6
2024.12.26	22:50:25.234	1.25277	1.25279			6
2024.12.26	22:50:25.851	1.25276	1.25278			6
2024.12.26	22:50:26.759	1.25274	1.25276			6
2024.12.26	22:50:27.061	1.25272	1.25274			6
2024.12.26	22:50:27.363	1.25273	1.25275			6
2024.12.26	22:50:37.780		1.25274			4
2024.12.26	22:50:38.694	1.25272				2
2024.12.26	22:50:42.352		1.25273			4
2024.12.26	22:50:42.667	1.25265	1.25267			6
2024.12.26	22:50:42.967	1.25266	1.25268			6
2024.12.26	22:50:43.272	1.25263				2
2024.12.26	22:50:43.887		1.25267			4
2024.12.26	22:50:48.176	1.25264				2
2024.12.26	22:50:50.624	1.25263				2
2024.12.26	22:50:51.546		1.25268			4
2024.12.26	22:50:52.772	1.25264				2
2024.12.26	22:50:54.602	1.25262				2
2024.12.26	22:50:55.209	1.25265				2
2024.12.26	22:50:55.819	1.25264				2
2024.12.26	22:50:56.123		1.25267			4
2024.12.26	22:50:56.735	1.25263				2
2024.12.26	22:50:57.659	1.25262	1.25268			6
2024.12.26	22:50:57.966	1.25264	1.25267			6
2024.12.26	22:50:58.274	1.25262	1.25268			6
2024.12.26	22:51:00.103	1.25263				2
2024.12.26	22:51:01.928		1.25267			4
2024.12.26	22:51:02.235		1.25268			4
2024.12.26	22:51:02.539	1.25265				2
2024.12.26	22:51:07.735	1.25267	1.25271			6
2024.12.26	22:51:08.046	1.25268	1.25272			6
2024.12.26	22:51:10.501	1.25269	1.25274			6
2024.12.26	22:51:10.807	1.25271	1.25276			6
2024.12.26	22:51:11.114	1.25272	1.25278			6
2024.12.26	22:51:13.254	1.25271	1.25275			6
2024.12.26	22:51:13.562	1.25272				2
2024.12.26	22:51:14.794	1.25278	1.25283			6
2024.12.26	22:51:15.715		1.25284			4
2024.12.26	22:51:21.244	1.25281	1.25285			6
2024.12.26	22:51:23.091	1.25282	1.25286			6
2024.12.26	22:51:24.933		1.25285			4
2024.12.26	22:51:26.469	1.25281	1.25287			6
2024.12.26	22:51:27.698		1.25288			4
2024.12.26	22:51:29.239	1.25280	1.25285			6
2024.12.26	22:51:29.544	1.25282	1.25286			6
2024.12.26	22:51:35.089		1.25285			4
2024.12.26	22:51:35.705	1.25281				2
2024.12.26	22:51:37.561	1.25282				2
2024.12.26	22:51:37.864	1.25281				2
2024.12.26	22:51:38.789	1.25282				2
2024.12.26	22:51:41.258	1.25275	1.25278			6
2024.12.26	22:51:41.565	1.25274				2
2024.12.26	22:51:41.877	1.25275				2
2024.12.26	22:51:42.486	1.25274				2
2024.12.26	22:51:43.110	1.25275				2
2024.12.26	22:51:44.340	1.25274	1.25277			6
2024.12.26	22:51:45.569	1.25275	1.25278			6
2024.12.26	22:51:45.877	1.25274	1.25277			6
2024.12.26	22:51:46.487	1.25276	1.25283			6
2024.12.26	22:51:46.793	1.25277				2
2024.12.26	22:52:00.020	1.25277				2
2024.12.26	22:52:03.098	1.25281	1.25285			6
2024.12.26	22:52:03.406	1.25280				2
2024.12.26	22:52:03.718	1.25281	1.25284			6
2024.12.26	22:52:04.021	1.25278				2
2024.12.26	22:52:05.554	1.25282	1.25285			6
2024.12.26	22:52:10.455	1.25278	1.25283			6
2024.12.26	22:52:18.448	1.25276	1.25282			6
2024.12.26	22:52:18.758		1.25281			4
2024.12.26	22:52:19.066	1.25277				2
2024.12.26	22:52:26.431	1.25276				2
2024.12.26	22:52:26.741		1.25280			4
2024.12.26	22:52:27.043	1.25277				2
2024.12.26	22:52:27.346	1.25276	1.25281			6
2024.12.26	22:52:27.659	1.25277	1.25280			6
2024.12.26	22:52:37.735	1.25281	1.25283			6
2024.12.26	22:52:38.043	1.25282	1.25284			6
2024.12.26	22:52:38.345		1.25283			4
2024.12.26	22:52:39.264		1.25285			4
2024.12.26	22:52:45.711	1.25281				2
2024.12.26	22:52:46.012	1.25282	1.25286			6
2024.12.26	22:52:49.683		1.25285			4
2024.12.26	22:52:51.221	1.25283				2
2024.12.26	22:52:51.525		1.25286			4
2024.12.26	22:52:57.313		1.25285			4
2024.12.26	22:52:58.836	1.25285	1.25286			6
2024.12.26	22:52:59.138		1.25287			4
2024.12.26	22:52:59.441	1.25284	1.25286			6
2024.12.26	22:53:00.053	1.25284				2
2024.12.26	22:53:00.662	1.25283	1.25285			6
2024.12.26	22:53:04.945	1.25284	1.25286			6
2024.12.26	22:53:07.396	1.25282	1.25284			6
2024.12.26	22:53:08.014	1.25283	1.25285			6
2024.12.26	22:53:09.536	1.25290	1.25292			6
2024.12.26	22:53:10.147	1.25289				2
2024.12.26	22:53:11.367	1.25288	1.25294			6
2024.12.26	22:53:12.912	1.25287	1.25293			6
2024.12.26	22:53:13.830	1.25291	1.25296			6
2024.12.26	22:53:14.449		1.25295			4
2024.12.26	22:53:14.758	1.25288	1.25294			6
2024.12.26	22:53:20.612	1.25290	1.25295			6
2024.12.26	22:53:20.913	1.25289	1.25294			6
2024.12.26	22:53:21.220	1.25290	1.25295			6
2024.12.26	22:53:21.535		1.25294			4
2024.12.26	22:53:21.842	1.25291				2
2024.12.26	22:53:22.143	1.25290	1.25293			6
2024.12.26	22:53:22.452	1.25291	1.25294			6
2024.12.26	22:53:22.760	1.25290	1.25293			6
2024.12.26	22:53:23.071	1.25291	1.25294			6
2024.12.26	22:53:23.374	1.25290	1.25293			6
2024.12.26	22:53:24.296		1.25294			4
2024.12.26	22:53:24.602	1.25291	1.25295			6
2024.12.26	22:53:25.527	1.25290	1.25294			6
2024.12.26	22:53:25.828	1.25291				2
2024.12.26	22:53:27.984	1.25289	1.25293			6
2024.12.26	22:53:28.286	1.25287	1.25292			6
2024.12.26	22:53:29.219	1.25288	1.25293			6
2024.12.26	22:53:30.141		1.25292			4
2024.12.26	22:53:31.364	1.25289	1.25293			6
2024.12.26	22:53:31.667	1.25288				2
2024.12.26	22:53:33.203		1.25292			4
2024.12.26	22:53:35.037	1.25287				2
2024.12.26	22:53:35.648	1.25288				2
2024.12.26	22:53:39.304	1.25289	1.25293			6
2024.12.26	22:53:40.214	1.25290	1.25294			6
2024.12.26	22:53:40.522	1.25292				2
2024.12.26	22:53:40.828		1.25295			4
2024.12.26	22:53:41.130	1.25291				2
2024.12.26	22:53:42.962		1.25293			4
2024.12.26	22:53:44.181		1.25294			4
2024.12.26	22:53:45.704	1.25292	1.25295			6
2024.12.26	22:53:48.750	1.25293				2
2024.12.26	22:53:50.894	1.25296	1.25298			6
2024.12.26	22:53:52.120	1.25295				2
2024.12.26	22:53:52.736	1.25293				2
2024.12.26	22:53:55.503	1.25294	1.25299			6
2024.12.26	22:53:57.350	1.25293	1.25297			6
2024.12.26	22:53:58.267	1.25294	1.25298			6
2024.12.26	22:53:58.576	1.25292	1.25295			6
2024.12.26	22:53:58.884	1.25291				2
2024.12.26	22:53:59.491	1.25293				2
2024.12.26	22:53:59.809		1.25296			4
2024.12.26	22:54:00.120	1.25293				2
2024.12.26	22:54:00.421	1.25292	1.25295			6
2024.12.26	22:54:01.956		1.25294			4
2024.12.26	22:54:02.267	1.25291				2
2024.12.26	22:54:02.574		1.25293			4
2024.12.26	22:54:03.190		1.25294			4
2024.12.26	22:54:05.338	1.25292				2
2024.12.26	22:54:05.643		1.25297			4
2024.12.26	22:54:05.949	1.25293				2
2024.12.26	22:54:06.261		1.25298			4
2024.12.26	22:54:06.569		1.25297			4
2024.12.26	22:54:07.181		1.25298			4
2024.12.26	22:54:07.486	1.25292				2
2024.12.26	22:54:08.104	1.25293				2
2024.12.26	22:54:08.412		1.25297			4
2024.12.26	22:54:09.032		1.25298			4
2024.12.26	22:54:09.644		1.25297			4
2024.12.26	22:54:09.954		1.25298			4
2024.12.26	22:54:10.263	1.25295	1.25300			6
2024.12.26	22:54:10.565		1.25299			4
2024.12.26	22:54:10.865		1.25300			4
2024.12.26	22:54:11.186	1.25293	1.25297			6
2024.12.26	22:54:12.110	1.25292				2
2024.12.26	22:54:12.419	1.25291				2
2024.12.26	22:54:14.262	1.25292				2
2024.12.26	22:54:16.422	1.25293	1.25298			6
2024.12.26	22:54:18.271		1.25297			4
2024.12.26	22:54:23.197		1.25296			4
2024.12.26	22:54:24.115	1.25294	1.25297			6
2024.12.26	22:54:28.102		1.25296			4
2024.12.26	22:54:28.711	1.25295	1.25297			6
2024.12.26	22:54:29.017	1.25294	1.25296			6
2024.12.26	22:54:30.233	1.25292	1.25294			6
2024.12.26	22:54:30.536	1.25293	1.25295			6
2024.12.26	22:54:31.753	1.25292	1.25294			6
2024.12.26	22:54:32.666	1.25293	1.25295			6
2024.12.26	22:54:39.097	1.25292	1.25294			6
2024.12.26	22:54:39.407	1.25291	1.25293			6
2024.12.26	22:54:40.328	1.25292	1.25294			6
2024.12.26	22:54:40.635	1.25291	1.25293			6
2024.12.26	22:54:41.855	1.25292				2
2024.12.26	22:54:42.475		1.25294			4
2024.12.26	22:54:44.316		1.25293			4
2024.12.26	22:54:44.928		1.25294			4
2024.12.26	22:54:47.377	1.25293	1.25295			6
2024.12.26	22:54:47.682	1.25292	1.25294			6
2024.12.26	22:54:49.638	1.25293	1.25295			6
2024.12.26	22:54:49.942	1.25292	1.25294			6
2024.12.26	22:54:56.992	1.25293	1.25295			6
2024.12.26	22:54:58.219	1.25294	1.25296			6
2024.12.26	22:54:58.836	1.25293	1.25295			6
2024.12.26	22:55:00.058	1.25293				2
2024.12.26	22:55:00.364	1.25292	1.25294			6
2024.12.26	22:55:00.670	1.25293	1.25295			6
2024.12.26	22:55:00.975	1.25292	1.25294			6
2024.12.26	22:55:01.894	1.25293	1.25295			6
2024.12.26	22:55:12.879	1.25295	1.25297			6
2024.12.26	22:55:13.182	1.25294	1.25296			6
2024.12.26	22:55:15.635	1.25293	1.25295			6
2024.12.26	22:55:17.177	1.25294	1.25296			6
2024.12.26	22:55:20.842	1.25293	1.25295			6
2024.12.26	22:55:27.897	1.25294				2
2024.12.26	22:55:30.958	1.25292	1.25294			6
2024.12.26	22:55:36.146	1.25290	1.25291			6
2024.12.26	22:55:36.451	1.25291	1.25292			6
2024.12.26	22:55:37.063	1.25290				2
2024.12.26	22:55:37.978	1.25289	1.25291			6
2024.12.26	22:55:38.585	1.25288	1.25289			6
2024.12.26	22:55:38.896		1.25290			4
2024.12.26	22:55:39.804	1.25287	1.25289			6
2024.12.26	22:55:41.942	1.25288	1.25290			6
2024.12.26	22:55:44.382	1.25291	1.25292			6
2024.12.26	22:55:45.292		1.25293			4
2024.12.26	22:55:46.211	1.25290	1.25292			6
2024.12.26	22:55:46.517	1.25289	1.25291			6
2024.12.26	22:55:46.823	1.25288	1.25290			6
2024.12.26	22:55:50.199	1.25289	1.25291			6
2024.12.26	22:55:50.504	1.25288	1.25290			6
2024.12.26	22:55:54.181	1.25289	1.25291			6
2024.12.26	22:56:00.003	1.25289				2
2024.12.26	22:56:00.304	1.25287	1.25289			6
2024.12.26	22:56:02.730	1.25288	1.25290			6
2024.12.26	22:56:06.072	1.25291	1.25293			6
2024.12.26	22:56:06.378		1.25294			4
2024.12.26	22:56:07.619	1.25292				2
2024.12.26	22:56:07.925		1.25293			4
2024.12.26	22:56:08.542		1.25294			4
2024.12.26	22:56:12.363	1.25290	1.25292			6
2024.12.26	22:56:13.283		1.25293			4
2024.12.26	22:56:13.590	1.25291				2
2024.12.26	22:56:15.117		1.25292			4
2024.12.26	22:56:15.423	1.25290				2
2024.12.26	22:56:15.729	1.25289	1.25291			6
2024.12.26	22:56:16.030	1.25280	1.25281			6
2024.12.26	22:56:16.337	1.25277	1.25282			6
2024.12.26	22:56:16.948	1.25280	1.25283			6
2024.12.26	22:56:17.567	1.25281				2
2024.12.26	22:56:19.106	1.25282				2
2024.12.26	22:56:19.414	1.25281				2
2024.12.26	22:56:19.719	1.25282				2
2024.12.26	22:56:20.028		1.25284			4
2024.12.26	22:56:20.640	1.25281				2
2024.12.26	22:56:21.254	1.25282	1.25283			6
2024.12.26	22:56:22.480	1.25281				2
2024.12.26	22:56:23.407		1.25284			4
2024.12.26	22:56:27.713	1.25282				2
2024.12.26	22:56:28.021		1.25286			4
2024.12.26	22:56:30.169	1.25278	1.25282			6
2024.12.26	22:56:32.927	1.25277				2
2024.12.26	22:56:35.073	1.25278				2
2024.12.26	22:56:38.132	1.25281	1.25284			6
2024.12.26	22:56:38.439		1.25285			4
2024.12.26	22:56:39.058	1.25282				2
2024.12.26	22:56:40.295		1.25286			4
2024.12.26	22:56:49.518	1.25281	1.25285			6
2024.12.26	22:56:49.824	1.25282				2
2024.12.26	22:56:51.355		1.25286			4
2024.12.26	22:56:52.582	1.25281	1.25285			6
2024.12.26	22:56:52.892	1.25279	1.25283			6
2024.12.26	22:56:53.503	1.25280				2
2024.12.26	22:56:53.806	1.25281				2
2024.12.26	22:56:54.423	1.25280				2
2024.12.26	22:57:00.246	1.25280				2
2024.12.26	22:57:00.555	1.25278				2
2024.12.26	22:57:01.165	1.25279				2
2024.12.26	22:57:01.467	1.25280				2
2024.12.26	22:57:05.146	1.25278				2
2024.12.26	22:57:08.520	1.25282	1.25284			6
2024.12.26	22:57:10.659	1.25281	1.25283			6
2024.12.26	22:57:14.342		1.25284			4
2024.12.26	22:57:17.409	1.25282				2
2024.12.26	22:57:20.779	1.25281	1.25283			6
2024.12.26	22:57:21.388	1.25279	1.25284			6
2024.12.26	22:57:22.619	1.25278				2
2024.12.26	22:57:23.234	1.25280	1.25283			6
2024.12.26	22:57:24.463	1.25278	1.25284			6
2024.12.26	22:57:25.993	1.25279				2
2024.12.26	22:57:26.302	1.25278				2
2024.12.26	22:57:29.676	1.25279				2
2024.12.26	22:57:30.288	1.25278				2
2024.12.26	22:57:30.595	1.25277	1.25283			6
2024.12.26	22:57:33.650	1.25279	1.25284			6
2024.12.26	22:57:33.953	1.25278	1.25283			6
2024.12.26	22:57:40.065	1.25279				2
2024.12.26	22:57:41.290	1.25278				2
2024.12.26	22:57:43.427	1.25279	1.25284			6
2024.12.26	22:57:44.045	1.25278	1.25280			6
2024.12.26	22:57:44.350	1.25280	1.25283			6
2024.12.26	22:57:45.264		1.25282			4
2024.12.26	22:57:45.569	1.25279	1.25283			6
2024.12.26	22:57:45.871	1.25280				2
2024.12.26	22:57:46.485	1.25279				2
2024.12.26	22:57:46.791	1.25280	1.25282			6
2024.12.26	22:57:47.093	1.25279	1.25283			6
2024.12.26	22:57:47.394	1.25282	1.25284			6
2024.12.26	22:57:47.700		1.25286			4
2024.12.26	22:57:48.002	1.25281	1.25284			6
2024.12.26	22:57:48.925		1.25286			4
2024.12.26	22:57:49.226	1.25282	1.25285			6
2024.12.26	22:57:49.528	1.25281				2
2024.12.26	22:57:50.136	1.25282				2
2024.12.26	22:57:52.890		1.25284			4
2024.12.26	22:57:53.492	1.25280	1.25283			6
2024.12.26	22:57:55.324	1.25279				2
2024.12.26	22:57:55.631		1.25284			4
2024.12.26	22:57:56.245		1.25283			4
2024.12.26	22:57:58.685	1.25280				2
2024.12.26	22:57:58.993		1.25284			4
2024.12.26	22:58:00.215	1.25280				2
2024.12.26	22:58:01.136		1.25283			4
2024.12.26	22:58:06.332	1.25281				2
2024.12.26	22:58:20.711	1.25282	1.25284			6
2024.12.26	22:58:21.015	1.25281	1.25283			6
2024.12.26	22:58:22.245	1.25282	1.25284			6
2024.12.26	22:58:22.552	1.25281	1.25283			6
2024.12.26	22:58:24.080	1.25280	1.25282			6
2024.12.26	22:58:26.522	1.25281	1.25283			6
2024.12.26	22:58:29.885	1.25280	1.25282			6
2024.12.26	22:58:45.217	1.25281	1.25283			6
2024.12.26	22:58:45.521	1.25274	1.25276			6
2024.12.26	22:58:46.128	1.25273	1.25277			6
2024.12.26	22:58:46.736	1.25277	1.25280			6
2024.12.26	22:58:50.738		1.25281			4
2024.12.26	22:58:54.738	1.25276	1.25282			6
2024.12.26	22:58:56.264		1.25281			4
2024.12.26	22:58:56.879	1.25277				2
2024.12.26	22:58:57.490		1.25280			4
2024.12.26	22:59:00.247	1.25275	1.25276			6
2024.12.26	22:59:00.553	1.25274				2
2024.12.26	22:59:00.861		1.25277			4
2024.12.26	22:59:01.477	1.25273				2
2024.12.26	22:59:07.007	1.25272				2
2024.12.26	22:59:10.063	1.25278	1.25281			6
2024.12.26	22:59:10.371	1.25279				2
2024.12.26	22:59:10.677		1.25280			4
2024.12.26	22:59:11.289	1.25276	1.25279			6
2024.12.26	22:59:11.908	1.25273	1.25277			6
2024.12.26	22:59:12.210	1.25272				2
2024.12.26	22:59:12.513	1.25271	1.25276			6
2024.12.26	22:59:12.818	1.25273				2
2024.12.26	22:59:15.872	1.25272				2
2024.12.26	22:59:18.012	1.25273				2
2024.12.26	22:59:18.924	1.25274	1.25277			6
2024.12.26	22:59:19.843		1.25276			4
2024.12.26	22:59:20.148	1.25277	1.25279			6
2024.12.26	22:59:20.455		1.25278			4
2024.12.26	22:59:29.323		1.25280			4
2024.12.26	22:59:29.941		1.25281			4
2024.12.26	22:59:30.246	1.25278				2
2024.12.26	22:59:31.780		1.25280			4
2024.12.26	22:59:38.864	1.25279				2
2024.12.26	22:59:39.172	1.25277				2
2024.12.26	22:59:39.789	1.25276	1.25281			6
2024.12.26	22:59:40.402	1.25277				2
2024.12.26	22:59:41.325	1.25276	1.25278			6
2024.12.26	22:59:43.475		1.25281			4
2024.12.26	22:59:43.782	1.25272	1.25278			6
2024.12.26	22:59:46.542	1.25273				2
2024.12.26	22:59:48.069	1.25277	1.25283			6
2024.12.26	22:59:48.374	1.25276	1.25281			6
2024.12.26	22:59:48.984	1.25277				2
2024.12.26	22:59:49.287	1.25276				2
2024.12.26	22:59:52.058		1.25282			4
2024.12.26	22:59:52.368		1.25281			4
2024.12.26	22:59:52.986	1.25277				2
2024.12.26	22:59:53.294	1.25276				2
2024.12.26	22:59:53.596		1.25282			4
2024.12.26	22:59:56.667	1.25278	1.25284			6
2024.12.26	22:59:56.983	1.25279	1.25285			6
2024.12.26	22:59:57.288	1.25278				2
2024.12.26	22:59:59.751	1.25280				2
2024.12.26	23:00:00.057	1.25280	1.25286			6
2024.12.26	23:00:00.366	1.25282	1.25287			6
2024.12.26	23:00:00.973	1.25283				2
2024.12.26	23:00:01.287	1.25282				2
2024.12.26	23:00:03.136	1.25283				2
2024.12.26	23:00:03.443	1.25282				2
2024.12.26	23:00:04.060		1.25286			4
2024.12.26	23:00:05.282	1.25281	1.25285			6
2024.12.26	23:00:05.590	1.25280				2
2024.12.26	23:00:10.199	1.25278	1.25284			6
2024.12.26	23:00:10.501	1.25279				2
2024.12.26	23:00:10.810	1.25278				2
2024.12.26	23:00:14.176	1.25279				2
2024.12.26	23:00:22.102	1.25280				2
2024.12.26	23:00:23.931	1.25279				2
2024.12.26	23:00:24.551	1.25280				2
2024.12.26	23:00:28.835		1.25283			4
2024.12.26	23:00:30.057	1.25279	1.25282			6
2024.12.26	23:00:33.114	1.25280				2
2024.12.26	23:00:33.733	1.25279				2
2024.12.26	23:00:35.253	1.25280				2
2024.12.26	23:00:35.866	1.25279				2
2024.12.26	23:00:37.087	1.25280				2
2024.12.26	23:00:41.364		1.25281			4
2024.12.26	23:00:42.581	1.25279				2
2024.12.26	23:00:44.111	1.25280	1.25282			6
2024.12.26	23:00:44.419	1.25279	1.25281			6
2024.12.26	23:00:46.252	1.25280				2
2024.12.26	23:00:46.866		1.25282			4
2024.12.26	23:00:49.305	1.25285	1.25286			6
2024.12.26	23:00:50.228	1.25283	1.25285			6
2024.12.26	23:00:50.842		1.25287			4
2024.12.26	23:00:51.143	1.25279	1.25283			6
2024.12.26	23:00:51.447	1.25280				2
2024.12.26	23:00:52.980		1.25285			4
2024.12.26	23:00:53.281	1.25281				2
2024.12.26	23:00:54.198		1.25283			4
2024.12.26	23:00:54.502	1.25279				2
2024.12.26	23:00:54.809	1.25278				2
2024.12.26	23:00:56.650	1.25280				2
2024.12.26	23:00:57.870	1.25278				2
2024.12.26	23:00:59.093	1.25280				2
2024.12.26	23:01:00.016	1.25280				2
2024.12.26	23:01:00.626	1.25278				2
2024.12.26	23:01:00.932	1.25280				2
2024.12.26	23:01:01.548	1.25279				2
2024.12.26	23:01:01.856	1.25278				2
2024.12.26	23:01:03.391	1.25279				2
2024.12.26	23:01:04.006	1.25278				2
2024.12.26	23:01:04.620	1.25279				2
2024.12.26	23:01:04.925	1.25278				2
2024.12.26	23:01:05.236	1.25279				2
2024.12.26	23:01:06.460		1.25285			4
2024.12.26	23:01:07.680	1.25278	1.25284			6
2024.12.26	23:01:07.989		1.25283			4
2024.12.26	23:01:16.868		1.25282			4
2024.12.26	23:01:17.173	1.25279				2
2024.12.26	23:01:20.847		1.25281			4
2024.12.26	23:01:21.153	1.25278				2
2024.12.26	23:01:22.379	1.25279				2
2024.12.26	23:01:25.738		1.25282			4
2024.12.26	23:01:27.269	1.25281				2
2024.12.26	23:01:27.570	1.25280				2
2024.12.26	23:01:29.110	1.25281				2
2024.12.26	23:01:29.712	1.25280				2
2024.12.26	23:01:31.547	1.25281				2
2024.12.26	23:01:31.849	1.25280				2
2024.12.26	23:01:33.373	1.25281				2
2024.12.26	23:01:33.986	1.25280				2
2024.12.26	23:01:35.512	1.25281				2
2024.12.26	23:01:36.122	1.25279	1.25281			6
2024.12.26	23:01:36.430	1.25280	1.25282			6
2024.12.26	23:01:36.734	1.25279	1.25281			6
2024.12.26	23:01:37.651	1.25280	1.25282			6
2024.12.26	23:01:38.259	1.25279	1.25281			6
2024.12.26	23:01:38.862	1.25280	1.25282			6
2024.12.26	23:01:39.164	1.25279	1.25281			6
2024.12.26	23:01:39.780	1.25280	1.25282			6
2024.12.26	23:01:40.385	1.25279	1.25281			6
2024.12.26	23:01:42.220	1.25280	1.25282			6
2024.12.26	23:01:42.524	1.25279	1.25281			6
2024.12.26	23:01:44.344	1.25280	1.25282			6
2024.12.26	23:01:44.956	1.25279	1.25281			6
2024.12.26	23:01:46.481	1.25280	1.25282			6
2024.12.26	23:01:46.787	1.25279	1.25281			6
2024.12.26	23:01:48.620	1.25280	1.25282			6
2024.12.26	23:01:49.226	1.25279	1.25281			6
2024.12.26	23:01:50.751	1.25280	1.25282			6
2024.12.26	23:01:51.056	1.25279	1.25281			6
2024.12.26	23:01:52.582	1.25280	1.25282			6
2024.12.26	23:01:53.189	1.25279	1.25281			6
2024.12.26	23:01:55.026	1.25280	1.25282			6
2024.12.26	23:01:55.329	1.25279	1.25281			6
2024.12.26	23:01:56.248	1.25280	1.25282			6
2024.12.26	23:01:56.862	1.25279	1.25281			6
2024.12.26	23:01:57.161	1.25280	1.25282			6
2024.12.26	23:01:57.768	1.25279	1.25281			6
2024.12.26	23:01:58.069	1.25280	1.25282			6
2024.12.26	23:01:58.678	1.25279	1.25281			6
2024.12.26	23:01:59.292	1.25280	1.25282			6
2024.12.26	23:02:00.215	1.25279	1.25281			6
2024.12.26	23:02:00.521	1.25280	1.25282			6
2024.12.26	23:02:01.126	1.25279	1.25281			6
2024.12.26	23:02:01.434	1.25280	1.25282			6
2024.12.26	23:02:02.661	1.25279	1.25281			6
2024.12.26	23:02:02.962	1.25280	1.25282			6
2024.12.26	23:02:03.263	1.25279	1.25281			6
2024.12.26	23:02:03.570	1.25280	1.25282			6
2024.12.26	23:02:08.762	1.25279	1.25281			6
2024.12.26	23:02:09.682	1.25280	1.25282			6
2024.12.26	23:02:10.295	1.25279	1.25281			6
2024.12.26	23:02:12.126	1.25280	1.25282			6
2024.12.26	23:02:12.735	1.25279	1.25281			6
2024.12.26	23:02:13.952	1.25280	1.25282			6
2024.12.26	23:02:14.874	1.25279	1.25281			6
2024.12.26	23:02:16.410	1.25280	1.25282			6
2024.12.26	23:02:16.719	1.25279	1.25281			6
2024.12.26	23:02:17.023	1.25280	1.25282			6
2024.12.26	23:02:17.331	1.25282	1.25283			6
2024.12.26	23:02:20.085	1.25281				2
2024.12.26	23:02:20.395		1.25282			4
2024.12.26	23:02:24.365	1.25280				2
2024.12.26	23:02:28.647	1.25281	1.25283			6
2024.12.26	23:02:28.956	1.25282	1.25284			6
2024.12.26	23:02:29.567	1.25281	1.25283			6
2024.12.26	23:02:32.006	1.25282	1.25284			6
2024.12.26	23:02:32.924	1.25283	1.25285			6
2024.12.26	23:02:44.528	1.25284	1.25286			6
2024.12.26	23:02:45.441	1.25283	1.25285			6
2024.12.26	23:02:52.793	1.25282	1.25284			6
2024.12.26	23:02:56.767	1.25281	1.25283			6
2024.12.26	23:02:57.068	1.25282	1.25284			6
2024.12.26	23:03:00.132	1.25282				2
2024.12.26	23:03:00.440	1.25283	1.25285			6
2024.12.26	23:03:04.723	1.25282	1.25284			6
2024.12.26	23:03:08.392	1.25283	1.25285			6
2024.12.26	23:03:24.605	1.25284	1.25286			6
2024.12.26	23:03:24.909	1.25283	1.25285			6
2024.12.26	23:04:00.035	1.25283				2
2024.12.26	23:04:07.407	1.25284	1.25286			6
2024.12.26	23:04:08.023	1.25283	1.25285			6
2024.12.26	23:04:10.788	1.25284	1.25286			6
2024.12.26	23:04:13.274	1.25283	1.25285			6
2024.12.26	23:04:14.511	1.25284	1.25286			6
2024.12.26	23:04:21.596		1.25285			4
2024.12.26	23:04:25.913	1.25283				2
2024.12.26	23:04:29.594	1.25281	1.25283			6
2024.12.26	23:04:31.433	1.25280	1.25282			6
2024.12.26	23:04:34.800	1.25281	1.25283			6
2024.12.26	23:04:37.561	1.25282				2
2024.12.26	23:04:42.767		1.25284			4
2024.12.26	23:04:43.999		1.25283			4
2024.12.26	23:04:44.306	1.25283	1.25285			6
2024.12.26	23:04:45.228	1.25282	1.25284			6
2024.12.26	23:04:48.914		1.25283			4
2024.12.26	23:04:49.835	1.25281				2
2024.12.26	23:04:51.681	1.25282				2
2024.12.26	23:04:51.983	1.25281				2
2024.12.26	23:04:53.830	1.25282				2
2024.12.26	23:04:59.663	1.25281				2
2024.12.26	23:05:00.276	1.25281				2
2024.12.26	23:05:01.503	1.25282				2
2024.12.26	23:05:07.001	1.25280	1.25282			6
2024.12.26	23:05:07.303	1.25281	1.25283			6
2024.12.26	23:05:07.609	1.25280	1.25282			6
2024.12.26	23:05:09.461	1.25281	1.25283			6
2024.12.26	23:05:10.072	1.25282				2
2024.12.26	23:05:11.299	1.25281				2
2024.12.26	23:05:13.141	1.25282				2
2024.12.26	23:05:13.752	1.25281				2
2024.12.26	23:05:14.365	1.25282				2
2024.12.26	23:05:14.679	1.25281				2
2024.12.26	23:05:16.814	1.25282				2
2024.12.26	23:05:17.120	1.25281				2
2024.12.26	23:05:17.735	1.25282				2
2024.12.26	23:05:18.042	1.25281				2
2024.12.26	23:05:20.486	1.25282				2
2024.12.26	23:05:21.404	1.25281				2
2024.12.26	23:05:23.858	1.25280	1.25282			6
2024.12.26	23:05:24.164	1.25281	1.25283			6
2024.12.26	23:05:27.236	1.25282				2
2024.12.26	23:05:27.846	1.25281				2
2024.12.26	23:05:28.769	1.25282				2
2024.12.26	23:05:29.072	1.25281				2
2024.12.26	23:05:30.606	1.25282				2
2024.12.26	23:05:32.754	1.25281				2
2024.12.26	23:05:34.884	1.25282				2
2024.12.26	23:05:35.192	1.25281				2
2024.12.26	23:05:39.476	1.25280	1.25282			6
2024.12.26	23:05:44.683	1.25281	1.25283			6
2024.12.26	23:05:52.045	1.25282				2
2024.12.26	23:05:52.654	1.25281				2
2024.12.26	23:05:53.266	1.25280	1.25282			6
2024.12.26	23:05:54.182	1.25281	1.25283			6
2024.12.26	23:05:54.485	1.25280	1.25282			6
2024.12.26	23:05:58.169	1.25281	1.25283			6
2024.12.26	23:05:58.473	1.25279	1.25281			6
2024.12.26	23:05:58.782	1.25278	1.25280			6
2024.12.26	23:05:59.096	1.25279	1.25281			6
2024.12.26	23:05:59.398	1.25278	1.25279			6
2024.12.26	23:05:59.707	1.25277				2
2024.12.26	23:06:00.009	1.25277				2
2024.12.26	23:06:02.163	1.25278	1.25280			6
2024.12.26	23:06:02.470	1.25277	1.25279			6
2024.12.26	23:06:03.388	1.25279	1.25281			6
2024.12.26	23:06:04.931	1.25277	1.25279			6
2024.12.26	23:06:05.546	1.25278	1.25280			6
2024.12.26	23:06:06.162	1.25277	1.25279			6
2024.12.26	23:06:08.006	1.25279	1.25281			6
2024.12.26	23:06:08.312	1.25278	1.25280			6
2024.12.26	23:06:08.624	1.25277	1.25279			6
2024.12.26	23:06:09.233	1.25278	1.25281			6
2024.12.26	23:06:09.541	1.25277	1.25280			6
2024.12.26	23:06:10.158	1.25278				2
2024.12.26	23:06:16.281	1.25279	1.25281			6
2024.12.26	23:06:17.219	1.25278	1.25280			6
2024.12.26	23:06:21.195	1.25279	1.25281			6
2024.12.26	23:06:21.500	1.25278	1.25280			6
2024.12.26	23:06:21.804	1.25279	1.25281			6
2024.12.26	23:06:30.393	1.25280	1.25282			6
2024.12.26	23:06:45.745	1.25281				2
2024.12.26	23:06:46.668	1.25280				2
2024.12.26	23:06:51.614	1.25281				2
2024.12.26	23:06:56.520	1.25280				2
2024.12.26	23:07:00.194	1.25280				2
2024.12.26	23:07:00.806	1.25279	1.25281			6
2024.12.26	23:07:01.115	1.25280	1.25282			6
2024.12.26	23:07:01.419	1.25279	1.25281			6
2024.12.26	23:07:01.725	1.25280	1.25282			6
2024.12.26	23:07:02.030	1.25282	1.25284			6
2024.12.26	23:07:03.262		1.25285			4
2024.12.26	23:07:06.634		1.25284			4
2024.12.26	23:07:06.941	1.25280	1.25283			6
2024.12.26	23:07:20.010	1.25281	1.25284			6
2024.12.26	23:07:20.325	1.25280	1.25283			6
2024.12.26	23:07:25.249		1.25282			4
2024.12.26	23:07:28.627	1.25285	1.25287			6
2024.12.26	23:07:29.243	1.25283	1.25288			6
2024.12.26	23:07:34.784	1.25281	1.25286			6
2024.12.26	23:07:36.322	1.25282	1.25287			6
2024.12.26	23:07:37.550		1.25286			4
2024.12.26	23:07:38.164		1.25287			4
2024.12.26	23:07:49.242	1.25283	1.25288			6
2024.12.26	23:07:49.548	1.25282	1.25287			6
2024.12.26	23:07:49.852	1.25280	1.25285			6
2024.12.26	23:07:50.779	1.25283	1.25287			6
2024.12.26	23:07:51.085		1.25288			4
2024.12.26	23:07:52.319	1.25282	1.25287			6
2024.12.26	23:07:55.083	1.25280	1.25286			6
2024.12.26	23:07:56.008		1.25285			4
2024.12.26	23:07:59.386	1.25281				2
2024.12.26	23:08:00.306	1.25281				2
2024.12.26	23:08:01.834	1.25280				2
2024.12.26	23:08:03.370	1.25281				2
2024.12.26	23:08:07.360		1.25286			4
2024.12.26	23:08:08.901	1.25283	1.25287			6
2024.12.26	23:08:09.210	1.25281	1.25285			6
2024.12.26	23:08:17.186	1.25282	1.25286			6
2024.12.26	23:08:17.489	1.25283				2
2024.12.26	23:08:18.411	1.25282				2
2024.12.26	23:08:21.463	1.25281				2
2024.12.26	23:08:22.387	1.25279	1.25284			6
2024.12.26	23:08:22.693	1.25280	1.25285			6
2024.12.26	23:08:25.149	1.25281	1.25286			6
2024.12.26	23:08:26.988	1.25280	1.25285			6
2024.12.26	23:08:27.602	1.25283	1.25288			6
2024.12.26	23:08:27.910	1.25282	1.25287			6
2024.12.26	23:08:31.284	1.25279	1.25283			6
2024.12.26	23:08:32.206	1.25278	1.25284			6
2024.12.26	23:08:33.752	1.25279	1.25285			6
2024.12.26	23:08:36.209	1.25281	1.25286			6
2024.12.26	23:08:36.512	1.25279	1.25285			6
2024.12.26	23:08:38.056	1.25280				2
2024.12.26	23:08:44.209	1.25281				2
2024.12.26	23:08:46.362	1.25283	1.25288			6
2024.12.26	23:08:46.668	1.25282	1.25286			6
2024.12.26	23:08:47.910		1.25287			4
2024.12.26	23:08:52.836	1.25285	1.25288			6
2024.12.26	23:08:53.144	1.25286				2
2024.12.26	23:08:53.452	1.25285				2
2024.12.26	23:09:00.174	1.25285				2
2024.12.26	23:09:00.786	1.25284	1.25287			6
2024.12.26	23:09:02.325	1.25286	1.25288			6
2024.12.26	23:09:02.939	1.25285	1.25287			6
2024.12.26	23:09:03.242	1.25283				2
2024.12.26	23:09:04.472	1.25286	1.25288			6
2024.12.26	23:09:06.610	1.25284	1.25287			6
2024.12.26	23:09:13.061	1.25285				2
2024.12.26	23:09:13.371	1.25286	1.25288			6
2024.12.26	23:09:13.681	1.25285	1.25287			6
2024.12.26	23:09:14.907	1.25284				2
2024.12.26	23:09:17.064	1.25283	1.25286			6
2024.12.26	23:09:17.372	1.25281	1.25284			6
2024.12.26	23:09:21.987	1.25280				2
2024.12.26	23:09:22.896	1.25281				2
2024.12.26	23:09:23.209	1.25280				2
2024.12.26	23:09:23.511	1.25281				2
2024.12.26	23:09:24.739	1.25280				2
2024.12.26	23:09:25.045	1.25281				2
2024.12.26	23:09:25.351	1.25280				2
2024.12.26	23:09:29.332	1.25285	1.25288			6
2024.12.26	23:09:29.945	1.25283	1.25287			6
2024.12.26	23:09:30.870	1.25285	1.25288			6
2024.12.26	23:09:37.641	1.25286				2
2024.12.26	23:09:37.946	1.25285	1.25287			6
2024.12.26	23:09:38.253		1.25288			4
2024.12.26	23:09:46.241	1.25283	1.25287			6
2024.12.26	23:09:46.861	1.25285	1.25288			6
2024.12.26	23:09:47.169	1.25282	1.25286			6
2024.12.26	23:09:48.704	1.25285				2
2024.12.26	23:09:49.625	1.25284				2
2024.12.26	23:09:51.464		1.25287			4
2024.12.26	23:09:52.996	1.25285				2
2024.12.26	23:09:54.833	1.25283	1.25286			6
2024.12.26	23:09:55.139	1.25285	1.25287			6
2024.12.26	23:09:56.367	1.25286				2
2024.12.26	23:09:57.901	1.25285				2
2024.12.26	23:10:00.063	1.25285				2
2024.12.26	23:10:00.675	1.25284	1.25286			6
2024.12.26	23:10:03.446	1.25282	1.25285			6
2024.12.26	23:10:04.067	1.25284	1.25286			6
2024.12.26	23:10:06.223	1.25282	1.25285			6
2024.12.26	23:10:06.528	1.25283	1.25286			6
2024.12.26	23:10:07.447	1.25286	1.25288			6
2024.12.26	23:10:09.918	1.25285				2
2024.12.26	23:10:10.222	1.25286				2
2024.12.26	23:10:12.695	1.25283	1.25286			6
2024.12.26	23:10:14.530	1.25282				2
2024.12.26	23:10:15.461		1.25285			4
2024.12.26	23:10:21.005	1.25284				2
2024.12.26	23:10:21.313	1.25283				2
2024.12.26	23:10:21.615	1.25282				2
2024.12.26	23:10:21.926	1.25284				2
2024.12.26	23:10:22.541		1.25286			4
2024.12.26	23:10:24.383		1.25285			4
2024.12.26	23:10:25.003		1.25286			4
2024.12.26	23:10:28.082	1.25282				2
2024.12.26	23:10:28.395		1.25285			4
2024.12.26	23:10:31.764	1.25284				2
2024.12.26	23:10:33.921	1.25282				2
2024.12.26	23:10:36.688	1.25284				2
2024.12.26	23:10:36.990		1.25286			4
2024.12.26	23:10:37.919	1.25283				2
2024.12.26	23:10:38.221	1.25284				2
2024.12.26	23:10:38.524	1.25286	1.25287			6
2024.12.26	23:10:39.448	1.25284	1.25286			6
2024.12.26	23:10:41.593	1.25285				2
2024.12.26	23:10:46.486	1.25282				2
2024.12.26	23:10:46.789	1.25283				2
2024.12.26	23:10:50.481	1.25280	1.25284			6
2024.12.26	23:10:59.365	1.25281				2
2024.12.26	23:10:59.666	1.25280				2
2024.12.26	23:11:00.282	1.25280				2
2024.12.26	23:11:01.206	1.25281				2
2024.12.26	23:11:09.831	1.25280				2
2024.12.26	23:11:16.143	1.25281				2
2024.12.26	23:11:29.892	1.25280	1.25282			6
2024.12.26	23:11:30.799	1.25279				2
2024.12.26	23:11:31.101	1.25278	1.25281			6
2024.12.26	23:11:37.498	1.25279	1.25282			6
2024.12.26	23:11:45.746	1.25276	1.25279			6
2024.12.26	23:11:46.052		1.25278			4
2024.12.26	23:11:46.966	1.25274	1.25277			6
2024.12.26	23:11:47.274		1.25278			4
2024.12.26	23:11:48.198	1.25273				2
2024.12.26	23:11:49.106	1.25274				2
2024.12.26	23:11:50.333	1.25275				2
2024.12.26	23:11:51.254	1.25274				2
2024.12.26	23:11:58.602	1.25275	1.25279			6
2024.12.26	23:12:00.142	1.25275				2
2024.12.26	23:12:02.897	1.25274	1.25278			6
2024.12.26	23:12:03.210	1.25275	1.25279			6
2024.12.26	23:12:04.430	1.25274	1.25278			6
2024.12.26	23:12:10.555		1.25277			4
2024.12.26	23:12:11.167		1.25278			4
2024.12.26	23:12:11.782	1.25273	1.25277			6
2024.12.26	23:12:19.121	1.25274				2
2024.12.26	23:12:25.517	1.25275	1.25278			6
2024.12.26	23:12:45.401	1.25280	1.25283			6
2024.12.26	23:12:46.318	1.25278				2
2024.12.26	23:13:00.111	1.25278				2
2024.12.26	23:13:10.882		1.25282			4
2024.12.26	23:13:17.348	1.25279				2
2024.12.26	23:13:20.119	1.25276	1.25280			6
2024.12.26	23:13:20.425	1.25277	1.25281			6
2024.12.26	23:13:21.970	1.25276				2
2024.12.26	23:13:23.198	1.25277	1.25282			6
2024.12.26	23:13:24.429	1.25276	1.25281			6
2024.12.26	23:13:31.519	1.25277				2
2024.12.26	23:13:32.745	1.25276				2
2024.12.26	23:13:33.360		1.25280			4
2024.12.26	23:13:41.985	1.25278	1.25282			6
2024.12.26	23:13:53.658	1.25277	1.25281			6
2024.12.26	23:13:58.588	1.25276	1.25280			6
2024.12.26	23:13:58.903	1.25278	1.25282			6
2024.12.26	23:14:00.126	1.25278				2
2024.12.26	23:14:00.436	1.25277	1.25281			6
2024.12.26	23:14:00.743	1.25278	1.25282			6
2024.12.26	23:14:08.761	1.25277	1.25281			6
2024.12.26	23:14:09.988		1.25280			4
2024.12.26	23:14:10.300	1.25278	1.25282			6
2024.12.26	23:14:11.223	1.25277	1.25281			6
2024.12.26	23:14:11.531	1.25278	1.25282			6
2024.12.26	23:14:15.229	1.25277	1.25281			6
2024.12.26	23:14:15.537	1.25278	1.25282			6
2024.12.26	23:14:22.321	1.25277	1.25281			6
2024.12.26	23:14:23.238	1.25280	1.25284			6
2024.12.26	23:14:26.320	1.25278	1.25282			6
2024.12.26	23:14:27.244	1.25277	1.25281			6
2024.12.26	23:14:33.081	1.25278	1.25282			6
2024.12.26	23:14:40.478	1.25276	1.25277			6
2024.12.26	23:14:40.783		1.25279			4
2024.12.26	23:14:42.332	1.25275	1.25278			6
2024.12.26	23:14:43.871		1.25277			4
2024.12.26	23:14:44.792		1.25279			4
2024.12.26	23:14:46.328		1.25277			4
2024.12.26	23:14:46.637	1.25274	1.25276			6
2024.12.26	23:14:46.941	1.25275	1.25277			6
2024.12.26	23:14:47.244		1.25279			4
2024.12.26	23:14:48.476	1.25274	1.25277			6
2024.12.26	23:14:50.623		1.25276			4
2024.12.26	23:14:50.932		1.25277			4
2024.12.26	23:14:53.086	1.25275	1.25278			6
2024.12.26	23:14:53.402	1.25274	1.25277			6
2024.12.26	23:14:56.469	1.25275	1.25278			6
2024.12.26	23:15:00.172	1.25275				2
2024.12.26	23:15:00.481		1.25276			4
2024.12.26	23:15:00.788	1.25274	1.25277			6
2024.12.26	23:15:01.098	1.25275				2
2024.12.26	23:15:01.404	1.25278	1.25281			6
2024.12.26	23:15:02.334	1.25276	1.25278			6
2024.12.26	23:15:02.639		1.25279			4
2024.12.26	23:15:03.871		1.25278			4
2024.12.26	23:15:04.795		1.25277			4
2024.12.26	23:15:05.718		1.25278			4
2024.12.26	23:15:06.028		1.25277			4
2024.12.26	23:15:06.330		1.25278			4
2024.12.26	23:15:06.640	1.25274	1.25277			6
2024.12.26	23:15:06.943		1.25278			4
2024.12.26	23:15:07.876		1.25279			4
2024.12.26	23:15:08.188	1.25276				2
2024.12.26	23:15:08.491		1.25277			4
2024.12.26	23:15:09.717	1.25275	1.25276			6
2024.12.26	23:15:10.030		1.25278			4
2024.12.26	23:15:11.568		1.25277			4
2024.12.26	23:15:11.882		1.25278			4
2024.12.26	23:15:13.111		1.25277			4
2024.12.26	23:15:13.413		1.25276			4
2024.12.26	23:15:13.721		1.25279			4
2024.12.26	23:15:15.868	1.25276	1.25277			6
2024.12.26	23:15:16.179	1.25274				2
2024.12.26	23:15:16.792	1.25276				2
2024.12.26	23:15:17.102		1.25278			4
2024.12.26	23:15:17.722		1.25277			4
2024.12.26	23:15:18.028	1.25274				2
2024.12.26	23:15:19.261		1.25276			4
2024.12.26	23:15:19.566	1.25275	1.25277			6
2024.12.26	23:15:20.486	1.25274	1.25278			6
2024.12.26	23:15:21.102	1.25276	1.25277			6
2024.12.26	23:15:21.406	1.25277	1.25281			6
2024.12.26	23:15:22.341		1.25280			4
2024.12.26	23:15:22.643	1.25276				2
2024.12.26	23:15:22.946	1.25275	1.25279			6
2024.12.26	23:15:29.703	1.25277	1.25280			6
2024.12.26	23:15:30.013		1.25281			4
2024.12.26	23:15:30.325		1.25279			4
2024.12.26	23:15:30.937		1.25281			4
2024.12.26	23:15:33.705	1.25275	1.25279			6
2024.12.26	23:15:40.770		1.25280			4
2024.12.26	23:15:41.402	1.25276				2
2024.12.26	23:15:41.704	1.25277				2
2024.12.26	23:15:46.023		1.25282			4
2024.12.26	23:15:46.633	1.25276	1.25279			6
2024.12.26	23:15:47.553		1.25278			4
2024.12.26	23:15:47.862		1.25280			4
2024.12.26	23:15:48.781	1.25274	1.25278			6
2024.12.26	23:15:50.627		1.25277			4
2024.12.26	23:15:50.938		1.25278			4
2024.12.26	23:15:51.250	1.25275				2
2024.12.26	23:15:51.553	1.25274				2
2024.12.26	23:15:53.088		1.25279			4
2024.12.26	23:15:53.394	1.25275	1.25280			6
2024.12.26	23:15:56.169	1.25274	1.25277			6
2024.12.26	23:15:56.478	1.25275	1.25278			6
2024.12.26	23:15:59.238	1.25274	1.25276			6
2024.12.26	23:15:59.543		1.25278			4
2024.12.26	23:16:00.160	1.25274				2
2024.12.26	23:16:00.767	1.25275	1.25280			6
2024.12.26	23:16:01.072	1.25276	1.25281			6
2024.12.26	23:16:01.378	1.25275	1.25280			6
2024.12.26	23:16:02.299	1.25276	1.25281			6
2024.12.26	23:16:03.831		1.25280			4
2024.12.26	23:16:04.141	1.25275				2
2024.12.26	23:16:04.443		1.25279			4
2024.12.26	23:16:04.759		1.25280			4
2024.12.26	23:16:06.293		1.25279			4
2024.12.26	23:16:06.607		1.25280			4
2024.12.26	23:16:09.672		1.25279			4
2024.12.26	23:16:14.892	1.25274				2
2024.12.26	23:16:15.198		1.25280			4
2024.12.26	23:16:15.815		1.25279			4
2024.12.26	23:16:16.119		1.25275			4
2024.12.26	23:16:16.422		1.25277			4
2024.12.26	23:16:17.033		1.25278			4
2024.12.26	23:16:17.340		1.25277			4
2024.12.26	23:16:18.262		1.25276			4
2024.12.26	23:16:18.565		1.25277			4
2024.12.26	23:16:21.342		1.25276			4
2024.12.26	23:16:21.652		1.25277			4
2024.12.26	23:16:23.178	1.25273	1.25276			6
2024.12.26	23:16:23.483	1.25274	1.25277			6
2024.12.26	23:16:24.720		1.25278			4
2024.12.26	23:16:29.928	1.25275				2
2024.12.26	23:16:32.394		1.25276			4
2024.12.26	23:16:32.695	1.25274	1.25277			6
2024.12.26	23:16:35.448	1.25273	1.25276			6
2024.12.26	23:16:36.981	1.25274	1.25277			6
2024.12.26	23:16:37.604		1.25276			4
2024.12.26	23:16:38.220		1.25277			4
2024.12.26	23:16:38.837		1.25275			4
2024.12.26	23:16:39.141		1.25276			4
2024.12.26	23:16:39.442		1.25277			4
2024.12.26	23:16:39.744		1.25276			4
2024.12.26	23:16:41.283		1.25277			4
2024.12.26	23:16:41.583	1.25273	1.25276			6
2024.12.26	23:16:41.888	1.25267	1.25270			6
2024.12.26	23:16:43.415		1.25272			4
2024.12.26	23:16:44.342	1.25265	1.25270			6
2024.12.26	23:16:44.644		1.25271			4
2024.12.26	23:16:47.407	1.25266	1.25270			6
2024.12.26	23:16:48.942	1.25267	1.25272			6
2024.12.26	23:16:49.552		1.25271			4
2024.12.26	23:16:50.794		1.25270			4
2024.12.26	23:16:51.096		1.25271			4
2024.12.26	23:16:52.012		1.25270			4
2024.12.26	23:16:53.241		1.25271			4
2024.12.26	23:16:53.543		1.25270			4
2024.12.26	23:16:54.156		1.25269			4
2024.12.26	23:16:54.462		1.25271			4
2024.12.26	23:16:54.768	1.25268	1.25272			6
2024.12.26	23:16:55.071		1.25273			4
2024.12.26	23:16:57.225	1.25266	1.25269			6
2024.12.26	23:16:58.142	1.25267	1.25272			6
2024.12.26	23:16:58.445		1.25270			4
2024.12.26	23:16:58.750		1.25269			4
2024.12.26	23:16:59.055		1.25271			4
2024.12.26	23:16:59.361	1.25266	1.25270			6
2024.12.26	23:16:59.670		1.25271			4
2024.12.26	23:17:00.286	1.25266	1.25269			6
2024.12.26	23:17:02.436	1.25265				2
2024.12.26	23:17:05.516	1.25266	1.25270			6
2024.12.26	23:17:07.657	1.25265	1.25269			6
2024.12.26	23:17:11.942		1.25270			4
2024.12.26	23:17:14.996		1.25271			4
2024.12.26	23:17:15.305	1.25266				2
2024.12.26	23:17:22.971		1.25269			4
2024.12.26	23:17:30.631		1.25270			4
2024.12.26	23:17:31.246		1.25269			4
2024.12.26	23:17:35.537		1.25270			4
2024.12.26	23:17:36.456		1.25268			4
2024.12.26	23:17:36.763	1.25265				2
2024.12.26	23:17:37.067	1.25266	1.25269			6
2024.12.26	23:17:38.600		1.25270			4
2024.12.26	23:17:38.912		1.25269			4
2024.12.26	23:17:39.529		1.25270			4
2024.12.26	23:17:48.720	1.25269	1.25272			6
2024.12.26	23:17:49.032	1.25271	1.25273			6
2024.12.26	23:17:54.306	1.25269	1.25272			6
2024.12.26	23:17:54.615		1.25274			4
2024.12.26	23:17:54.923	1.25270	1.25273			6
2024.12.26	23:17:55.226	1.25269	1.25271			6
2024.12.26	23:17:56.461		1.25272			4
2024.12.26	23:17:56.769		1.25271			4
2024.12.26	23:17:57.079		1.25272			4
2024.12.26	23:17:58.312		1.25271			4
2024.12.26	23:17:58.625	1.25270	1.25274			6
2024.12.26	23:18:00.167	1.25270				2
2024.12.26	23:18:02.009	1.25280	1.25282			6
2024.12.26	23:18:02.328		1.25284			4
2024.12.26	23:18:03.861	1.25279				2
2024.12.26	23:18:04.169		1.25281			4
2024.12.26	23:18:04.475	1.25280	1.25284			6
2024.12.26	23:18:04.781	1.25282	1.25286			6
2024.12.26	23:18:05.082	1.25281	1.25285			6
2024.12.26	23:18:05.396	1.25282	1.25286			6
2024.12.26	23:18:07.245	1.25281	1.25284			6
2024.12.26	23:18:08.784	1.25280				2
2024.12.26	23:18:09.088	1.25281	1.25286			6
2024.12.26	23:18:25.702		1.25285			4
2024.12.26	23:18:39.544	1.25280	1.25283			6
2024.12.26	23:18:39.849		1.25284			4
2024.12.26	23:18:49.666		1.25283			4
2024.12.26	23:18:55.828		1.25284			4
2024.12.26	23:19:00.149	1.25280				2
2024.12.26	23:19:01.673	1.25281	1.25285			6
2024.12.26	23:19:02.609	1.25280	1.25284			6
2024.12.26	23:19:02.919	1.25281	1.25285			6
2024.12.26	23:19:06.317	1.25280	1.25283			6
2024.12.26	23:19:06.926	1.25279				2
2024.12.26	23:19:07.546	1.25280				2
2024.12.26	23:19:11.548	1.25281				2
2024.12.26	23:19:12.473	1.25280				2
2024.12.26	23:19:14.018	1.25281				2
2024.12.26	23:19:14.322	1.25280				2
2024.12.26	23:19:14.633	1.25279				2
2024.12.26	23:19:14.940	1.25281				2
2024.12.26	23:19:15.250	1.25279				2
2024.12.26	23:19:18.948	1.25280				2
2024.12.26	23:19:19.254	1.25279				2
2024.12.26	23:19:26.649	1.25281				2
2024.12.26	23:19:29.119	1.25280				2
2024.12.26	23:19:29.423	1.25281				2
2024.12.26	23:19:30.656	1.25282	1.25286			6
2024.12.26	23:19:30.967	1.25281				2
2024.12.26	23:19:38.043	1.25282				2
2024.12.26	23:19:43.282	1.25284	1.25287			6
2024.12.26	23:19:43.589		1.25288			4
2024.12.26	23:20:00.117	1.25284				2
2024.12.26	23:20:01.028	1.25283	1.25286			6
2024.12.26	23:20:01.633	1.25284	1.25287			6
2024.12.26	23:20:07.129	1.25283				2
2024.12.26	23:20:08.657		1.25286			4
2024.12.26	23:20:09.575		1.25287			4
2024.12.26	23:20:09.882	1.25284				2
2024.12.26	23:20:10.186	1.25283				2
2024.12.26	23:20:11.398	1.25284				2
2024.12.26	23:20:13.219	1.25285				2
2024.12.26	23:20:13.522	1.25284				2
2024.12.26	23:20:14.138	1.25285				2
2024.12.26	23:20:19.035	1.25284				2
2024.12.26	23:20:19.341	1.25285				2
2024.12.26	23:20:50.262	1.25284	1.25286			6
2024.12.26	23:20:56.072	1.25270	1.25271			6
2024.12.26	23:20:56.380	1.25263	1.25264			6
2024.12.26	23:20:56.995		1.25265			4
2024.12.26	23:20:57.300	1.25260				2
2024.12.26	23:20:58.837	1.25261				2
2024.12.26	23:20:59.146	1.25258	1.25263			6
2024.12.26	23:20:59.451		1.25262			4
2024.12.26	23:21:00.069	1.25258				2
2024.12.26	23:21:00.675	1.25257				2
2024.12.26	23:21:01.298	1.25258				2
2024.12.26	23:21:03.447	1.25255	1.25261			6
2024.12.26	23:21:03.757	1.25256				2
2024.12.26	23:21:06.223	1.25255				2
2024.12.26	23:21:09.913	1.25256				2
2024.12.26	23:21:10.221	1.25255	1.25259			6
2024.12.26	23:21:10.525	1.25252	1.25255			6
2024.12.26	23:21:13.923		1.25256			4
2024.12.26	23:21:16.380	1.25253	1.25259			6
2024.12.26	23:21:20.378		1.25260			4
2024.12.26	23:21:22.526		1.25259			4
2024.12.26	23:21:24.364		1.25260			4
2024.12.26	23:21:30.205	1.25252	1.25259			6
2024.12.26	23:22:00.301	1.25252				2
2024.12.26	23:22:07.066	1.25253	1.25260			6
2024.12.26	23:22:29.206	1.25254				2
2024.12.26	23:22:43.358		1.25259			4
2024.12.26	23:22:48.254	1.25261	1.25266			6
2024.12.26	23:22:49.164	1.25260	1.25267			6
2024.12.26	23:22:50.392	1.25263	1.25269			6
2024.12.26	23:22:51.321	1.25262				2
2024.12.26	23:22:54.075	1.25258	1.25264			6
2024.12.26	23:22:54.381	1.25256	1.25263			6
2024.12.26	23:22:54.686	1.25257	1.25264			6
2024.12.26	23:22:55.310	1.25256				2
2024.12.26	23:22:58.367	1.25257				2
2024.12.26	23:22:58.977	1.25256	1.25263			6
2024.12.26	23:22:59.286	1.25257	1.25264			6
2024.12.26	23:23:00.207	1.25257	1.25263			6
2024.12.26	23:23:02.046		1.25264			4
2024.12.26	23:23:04.190	1.25256	1.25263			6
2024.12.26	23:23:05.403	1.25257	1.25264			6
2024.12.26	23:23:12.143		1.25263			4
2024.12.26	23:23:26.089	1.25258				2
2024.12.26	23:23:43.222		1.25262			4
2024.12.26	23:23:47.514	1.25257	1.25261			6
2024.12.26	23:23:47.816	1.25256	1.25260			6
2024.12.26	23:23:48.728	1.25257	1.25261			6
2024.12.26	23:24:00.031	1.25257				2
2024.12.26	23:24:00.944		1.25259			4
2024.12.26	23:24:01.246	1.25255				2
2024.12.26	23:24:18.088		1.25258			4
2024.12.26	23:24:37.349	1.25254	1.25257			6
2024.12.26	23:24:41.334	1.25255				2
2024.12.26	23:24:42.245		1.25258			4
2024.12.26	23:24:53.242	1.25256				2
2024.12.26	23:25:00.265	1.25256				2
2024.12.26	23:25:12.188	1.25260	1.25262			6
2024.12.26	23:25:13.112		1.25264			4
2024.12.26	23:25:13.421	1.25259	1.25263			6
2024.12.26	23:25:14.034	1.25260	1.25264			6
2024.12.26	23:25:14.961	1.25259	1.25263			6
2024.12.26	23:25:15.273	1.25260	1.25264			6
2024.12.26	23:25:15.572	1.25259	1.25263			6
2024.12.26	23:25:18.341	1.25263	1.25266			6
2024.12.26	23:25:19.266	1.25262				2
2024.12.26	23:25:19.885	1.25263	1.25267			6
2024.12.26	23:25:35.295	1.25264				2
2024.12.26	23:25:58.068	1.25263	1.25266			6
2024.12.26	23:26:00.226	1.25263				2
2024.12.26	23:26:04.534	1.25264	1.25267			6
2024.12.26	23:26:10.089		1.25266			4
2024.12.26	23:26:29.350	1.25263	1.25265			6
2024.12.26	23:26:32.421	1.25264	1.25266			6
2024.12.26	23:26:33.639	1.25263	1.25265			6
2024.12.26	23:26:33.949	1.25264	1.25266			6
2024.12.26	23:26:35.788	1.25263	1.25265			6
2024.12.26	23:26:37.302	1.25264	1.25266			6
2024.12.26	23:26:37.608	1.25263	1.25265			6
2024.12.26	23:26:43.732	1.25264	1.25266			6
2024.12.26	23:26:44.038	1.25263	1.25265			6
2024.12.26	23:26:44.344	1.25264	1.25266			6
2024.12.26	23:26:44.647	1.25263	1.25265			6
2024.12.26	23:26:44.952	1.25264	1.25266			6
2024.12.26	23:26:48.916	1.25263	1.25265			6
2024.12.26	23:26:49.218	1.25264	1.25266			6
2024.12.26	23:26:50.143	1.25266	1.25268			6
2024.12.26	23:26:50.449		1.25267			4
2024.12.26	23:26:51.065	1.25267	1.25268			6
2024.12.26	23:26:51.368	1.25266	1.25267			6
2024.12.26	23:26:59.927	1.25265				2
2024.12.26	23:27:00.237	1.25266				2
2024.12.26	23:27:04.838		1.25268			4
2024.12.26	23:27:22.913		1.25267			4
2024.12.26	23:27:59.173	1.25262	1.25264			6
2024.12.26	23:27:59.784	1.25263				2
2024.12.26	23:28:00.097	1.25262	1.25263			6
2024.12.26	23:28:00.399		1.25264			4
2024.12.26	23:28:02.561		1.25265			4
2024.12.26	23:28:04.098		1.25264			4
2024.12.26	23:28:05.023	1.25261				2
2024.12.26	23:28:06.866	1.25262	1.25265			6
2024.12.26	23:28:07.172	1.25263	1.25266			6
2024.12.26	23:28:08.396	1.25262	1.25265			6
2024.12.26	23:28:09.923	1.25263				2
2024.12.26	23:28:11.161	1.25262				2
2024.12.26	23:28:11.465	1.25263				2
2024.12.26	23:28:12.081	1.25262				2
2024.12.26	23:28:15.461	1.25263				2
2024.12.26	23:28:15.775		1.25266			4
2024.12.26	23:28:19.460	1.25260	1.25263			6
2024.12.26	23:28:21.304	1.25259				2
2024.12.26	23:28:23.766	1.25260				2
2024.12.26	23:28:26.233	1.25259	1.25262			6
2024.12.26	23:28:27.155	1.25258				2
2024.12.26	23:28:29.610		1.25261			4
2024.12.26	23:28:30.841	1.25257				2
2024.12.26	23:28:36.382		1.25260			4
2024.12.26	23:28:42.215	1.25258	1.25261			6
2024.12.26	23:28:44.053	1.25259	1.25262			6
2024.12.26	23:28:44.666	1.25258	1.25261			6
2024.12.26	23:28:44.975	1.25259	1.25262			6
2024.12.26	23:28:45.894	1.25258	1.25261			6
2024.12.26	23:28:54.497	1.25257	1.25260			6
2024.12.26	23:28:54.802	1.25258	1.25261			6
2024.12.26	23:29:00.042	1.25258				2
2024.12.26	23:29:08.375	1.25259	1.25262			6
2024.12.26	23:29:08.989	1.25260	1.25263			6
2024.12.26	23:29:09.303	1.25259	1.25262			6
2024.12.26	23:29:13.002	1.25261	1.25264			6
2024.12.26	23:29:15.150	1.25265	1.25268			6
2024.12.26	23:29:15.457		1.25267			4
2024.12.26	23:29:15.763	1.25264				2
2024.12.26	23:29:16.384	1.25263				2
2024.12.26	23:29:18.226	1.25264	1.25266			6
2024.12.26	23:29:25.608	1.25263				2
2024.12.26	23:29:30.224	1.25264				2
2024.12.26	23:29:32.379	1.25265				2
2024.12.26	23:29:36.356	1.25263				2
2024.12.26	23:29:41.259	1.25264				2
2024.12.26	23:29:51.655	1.25265				2
2024.12.26	23:29:52.264	1.25262	1.25263			6
2024.12.26	23:29:52.885	1.25261	1.25262			6
2024.12.26	23:29:53.494	1.25260				2
2024.12.26	23:29:54.416		1.25263			4
2024.12.26	23:29:56.264	1.25261				2
2024.12.26	23:29:56.880	1.25260				2
2024.12.26	23:29:57.189	1.25259				2
2024.12.26	23:29:59.038	1.25260				2
2024.12.26	23:29:59.347	1.25259				2
2024.12.26	23:29:59.654	1.25260				2
2024.12.26	23:29:59.962	1.25259				2
2024.12.26	23:30:00.263	1.25260	1.25265			6
2024.12.26	23:30:01.482	1.25259	1.25264			6
2024.12.26	23:30:03.942	1.25258	1.25263			6
2024.12.26	23:30:04.243	1.25259				2
2024.12.26	23:30:07.330	1.25258	1.25262			6
2024.12.26	23:30:07.940	1.25259	1.25263			6
2024.12.26	23:30:09.480	1.25260	1.25264			6
2024.12.26	23:30:09.783	1.25261	1.25265			6
2024.12.26	23:30:10.101		1.25266			4
2024.12.26	23:30:10.718	1.25260	1.25265			6
2024.12.26	23:30:12.568	1.25258	1.25263			6
2024.12.26	23:30:19.959	1.25257	1.25262			6
2024.12.26	23:30:21.498	1.25256	1.25261			6
2024.12.26	23:30:23.350	1.25257				2
2024.12.26	23:30:23.655	1.25256				2
2024.12.26	23:30:26.119	1.25258	1.25263			6
2024.12.26	23:30:27.043	1.25257	1.25262			6
2024.12.26	23:30:27.966	1.25258	1.25263			6
2024.12.26	23:30:30.119	1.25259	1.25264			6
2024.12.26	23:30:30.423		1.25263			4
2024.12.26	23:30:30.725	1.25258				2
2024.12.26	23:30:31.033	1.25259				2
2024.12.26	23:30:31.641	1.25258				2
2024.12.26	23:30:35.034	1.25259				2
2024.12.26	23:30:36.263	1.25258				2
2024.12.26	23:30:36.877	1.25259				2
2024.12.26	23:30:37.486	1.25258				2
2024.12.26	23:30:38.112	1.25257	1.25261			6
2024.12.26	23:30:39.028	1.25258	1.25262			6
2024.12.26	23:30:39.336		1.25263			4
2024.12.26	23:30:40.255	1.25257	1.25262			6
2024.12.26	23:30:43.628	1.25258	1.25263			6
2024.12.26	23:30:44.543	1.25257	1.25262			6
2024.12.26	23:30:44.847	1.25258	1.25263			6
2024.12.26	23:30:45.154	1.25257	1.25262			6
2024.12.26	23:30:51.328	1.25258				2
2024.12.26	23:30:51.637	1.25257	1.25261			6
2024.12.26	23:30:53.492	1.25258	1.25262			6
2024.12.26	23:31:00.268	1.25258				2
2024.12.26	23:31:01.196	1.25257	1.25261			6
2024.12.26	23:31:05.502	1.25258	1.25262			6
2024.12.26	23:31:07.045	1.25257	1.25261			6
2024.12.26	23:31:07.347	1.25258	1.25262			6
2024.12.26	23:31:10.743	1.25257	1.25261			6
2024.12.26	23:31:17.819	1.25256	1.25260			6
2024.12.26	23:31:18.131	1.25257	1.25261			6
2024.12.26	23:31:18.437	1.25258	1.25262			6
2024.12.26	23:31:27.061	1.25257	1.25261			6
2024.12.26	23:31:27.988	1.25256	1.25260			6
2024.12.26	23:31:28.604	1.25258	1.25262			6
2024.12.26	23:31:29.220	1.25257	1.25261			6
2024.12.26	23:31:30.138	1.25258	1.25262			6
2024.12.26	23:31:30.757	1.25257	1.25261			6
2024.12.26	23:31:33.835	1.25258	1.25262			6
2024.12.26	23:31:34.451	1.25257	1.25261			6
2024.12.26	23:31:36.602	1.25256	1.25260			6
2024.12.26	23:31:37.528	1.25257	1.25261			6
2024.12.26	23:31:52.303		1.25260			4
2024.12.26	23:31:53.827	1.25254	1.25257			6
2024.12.26	23:31:54.133	1.25253	1.25258			6
2024.12.26	23:31:55.062	1.25252	1.25257			6
2024.12.26	23:32:00.294	1.25252				2
2024.12.26	23:32:03.369		1.25256			4
2024.12.26	23:32:08.600	1.25251	1.25255			6
2024.12.26	23:32:15.949	1.25252	1.25256			6
2024.12.26	23:32:30.334		1.25255			4
2024.12.26	23:32:38.610	1.25253	1.25256			6
2024.12.26	23:32:40.456	1.25254	1.25257			6
2024.12.26	23:32:40.761	1.25253	1.25256			6
2024.12.26	23:32:41.071	1.25252	1.25255			6
2024.12.26	23:32:41.676	1.25253	1.25256			6
2024.12.26	23:32:42.297	1.25252	1.25255			6
2024.12.26	23:33:00.048	1.25252				2
2024.12.26	23:33:00.356	1.25251	1.25254			6
2024.12.26	23:33:05.599	1.25252	1.25255			6
2024.12.26	23:33:06.215	1.25251	1.25254			6
2024.12.26	23:33:08.381	1.25252				2
2024.12.26	23:33:17.257	1.25254	1.25256			6
2024.12.26	23:33:18.182	1.25253				2
2024.12.26	23:33:21.878	1.25252	1.25255			6
2024.12.26	23:33:26.501	1.25253	1.25256			6
2024.12.26	23:33:28.961	1.25252	1.25255			6
2024.12.26	23:33:57.310	1.25253				2
2024.12.26	23:34:00.060	1.25253				2
2024.12.26	23:34:02.514	1.25254	1.25256			6
2024.12.26	23:34:03.725	1.25255	1.25257			6
2024.12.26	23:34:05.247		1.25258			4
2024.12.26	23:34:17.266	1.25254	1.25257			6
2024.12.26	23:34:17.578	1.25253	1.25256			6
2024.12.26	23:34:17.879	1.25254	1.25257			6
2024.12.26	23:34:18.804	1.25253	1.25256			6
2024.12.26	23:34:19.110	1.25252	1.25255			6
2024.12.26	23:34:19.422	1.25253	1.25256			6
2024.12.26	23:34:20.353	1.25252				2
2024.12.26	23:34:20.965	1.25253	1.25257			6
2024.12.26	23:34:27.136		1.25256			4
2024.12.26	23:34:27.437	1.25254	1.25257			6
2024.12.26	23:34:28.057	1.25253	1.25256			6
2024.12.26	23:34:29.294	1.25252				2
2024.12.26	23:34:35.146	1.25253				2
2024.12.26	23:34:40.061	1.25252	1.25255			6
2024.12.26	23:34:45.869	1.25253	1.25256			6
2024.12.26	23:34:48.616	1.25252	1.25255			6
2024.12.26	23:34:51.370	1.25253	1.25256			6
2024.12.26	23:34:51.681	1.25252	1.25255			6
2024.12.26	23:34:51.985	1.25253	1.25256			6
2024.12.26	23:34:52.597	1.25254	1.25257			6
2024.12.26	23:34:54.437	1.25253	1.25256			6
2024.12.26	23:34:56.283	1.25254	1.25257			6
2024.12.26	23:34:57.205	1.25253	1.25256			6
2024.12.26	23:34:57.512	1.25254	1.25257			6
2024.12.26	23:34:59.667	1.25253	1.25256			6
2024.12.26	23:35:00.280	1.25253				2
2024.12.26	23:35:00.589	1.25254	1.25257			6
2024.12.26	23:35:09.197	1.25253	1.25256			6
2024.12.26	23:35:09.501	1.25254	1.25257			6
2024.12.26	23:35:11.043	1.25253	1.25256			6
2024.12.26	23:35:11.345	1.25254	1.25257			6
2024.12.26	23:35:13.196	1.25261	1.25263			6
2024.12.26	23:35:14.117	1.25258				2
2024.12.26	23:35:19.042	1.25257				2
2024.12.26	23:35:19.352	1.25258				2
2024.12.26	23:35:24.591	1.25259				2
2024.12.26	23:35:31.656	1.25258				2
2024.12.26	23:35:36.267	1.25263	1.25267			6
2024.12.26	23:35:38.422		1.25268			4
2024.12.26	23:35:46.124	1.25262				2
2024.12.26	23:35:46.431	1.25263				2
2024.12.26	23:36:00.300	1.25263				2
2024.12.26	23:36:03.381	1.25264				2
2024.12.26	23:36:36.942	1.25265				2
2024.12.26	23:36:37.243	1.25266				2
2024.12.26	23:36:37.862	1.25264	1.25266			6
2024.12.26	23:36:38.172	1.25263				2
2024.12.26	23:36:43.721	1.25264				2
2024.12.26	23:36:47.702		1.25267			4
2024.12.26	23:36:48.007	1.25265	1.25269			6
2024.12.26	23:36:50.150		1.25267			4
2024.12.26	23:36:52.299		1.25266			4
2024.12.26	23:36:52.603	1.25264				2
2024.12.26	23:36:52.913	1.25265				2
2024.12.26	23:36:53.524	1.25264				2
2024.12.26	23:36:53.825	1.25265				2
2024.12.26	23:36:54.125	1.25264				2
2024.12.26	23:36:55.342	1.25265	1.25267			6
2024.12.26	23:36:58.716	1.25264	1.25266			6
2024.12.26	23:36:59.321	1.25265	1.25267			6
2024.12.26	23:37:00.237	1.25265				2
2024.12.26	23:37:18.382	1.25264	1.25266			6
2024.12.26	23:37:18.692	1.25265	1.25267			6
2024.12.26	23:37:22.072	1.25266				2
2024.12.26	23:37:29.416	1.25265				2
2024.12.26	23:37:32.461		1.25268			4
2024.12.26	23:37:53.808	1.25266				2
2024.12.26	23:38:00.233	1.25266				2
2024.12.26	23:38:02.672	1.25265	1.25266			6
2024.12.26	23:38:02.981	1.25264				2
2024.12.26	23:38:03.286	1.25263				2
2024.12.26	23:38:05.742	1.25264	1.25267			6
2024.12.26	23:38:07.280	1.25263				2
2024.12.26	23:38:07.895	1.25264				2
2024.12.26	23:38:11.897	1.25263	1.25266			6
2024.12.26	23:38:13.136	1.25262				2
2024.12.26	23:38:13.442	1.25264	1.25267			6
2024.12.26	23:38:14.675	1.25263				2
2024.12.26	23:38:14.983	1.25262	1.25266			6
2024.12.26	23:38:15.293	1.25264	1.25267			6
2024.12.26	23:38:19.290	1.25263				2
2024.12.26	23:38:19.905	1.25264				2
2024.12.26	23:38:20.212	1.25263				2
2024.12.26	23:38:22.686	1.25264				2
2024.12.26	23:38:24.526	1.25262	1.25266			6
2024.12.26	23:38:25.451	1.25263	1.25267			6
2024.12.26	23:38:27.919	1.25262	1.25266			6
2024.12.26	23:38:28.226	1.25263	1.25267			6
2024.12.26	23:38:32.233		1.25266			4
2024.12.26	23:38:33.160	1.25262				2
2024.12.26	23:38:45.182	1.25263	1.25267			6
2024.12.26	23:38:45.491	1.25264				2
2024.12.26	23:38:50.122	1.25263				2
2024.12.26	23:39:00.276	1.25263				2
2024.12.26	23:39:00.582	1.25264				2
2024.12.26	23:39:02.435	1.25263				2
2024.12.26	23:39:07.355	1.25264				2
2024.12.26	23:39:09.499	1.25262	1.25265			6
2024.12.26	23:39:09.809	1.25263	1.25266			6
2024.12.26	23:39:10.112	1.25262				2
2024.12.26	23:39:12.562	1.25263	1.25267			6
2024.12.26	23:39:13.181	1.25262	1.25266			6
2024.12.26	23:39:17.477	1.25263	1.25267			6
2024.12.26	23:39:33.141		1.25266			4
2024.12.26	23:39:35.584	1.25265	1.25267			6
2024.12.26	23:39:36.191	1.25264				2
2024.12.26	23:39:38.665	1.25265				2
2024.12.26	23:39:42.982	1.25264				2
2024.12.26	23:39:51.915	1.25265	1.25268			6
2024.12.26	23:39:53.454	1.25267	1.25271			6
2024.12.26	23:39:53.765	1.25265	1.25267			6
2024.12.26	23:39:54.380	1.25264				2
2024.12.26	23:39:55.311	1.25262				2
2024.12.26	23:39:56.233	1.25263				2
2024.12.26	23:39:56.535	1.25262				2
2024.12.26	23:39:57.144	1.25264	1.25268			6
2024.12.26	23:39:57.767	1.25263	1.25267			6
2024.12.26	23:39:58.388	1.25264				2
2024.12.26	23:40:00.224	1.25262				2
2024.12.26	23:40:00.527	1.25264				2
2024.12.26	23:40:00.839		1.25268			4
2024.12.26	23:40:06.988		1.25267			4
2024.12.26	23:40:09.135	1.25263				2
2024.12.26	23:40:15.285	1.25261				2
2024.12.26	23:40:20.500		1.25266			4
2024.12.26	23:40:30.920	1.25263	1.25268			6
2024.12.26	23:40:31.839	1.25264				2
2024.12.26	23:40:40.452		1.25267			4
2024.12.26	23:40:40.755	1.25261	1.25266			6
2024.12.26	23:40:47.531	1.25262				2
2024.12.26	23:40:48.764	1.25263	1.25268			6
2024.12.26	23:40:50.611	1.25261	1.25266			6
2024.12.26	23:40:51.221		1.25265			4
2024.12.26	23:41:00.154	1.25261				2
2024.12.26	23:41:07.536	1.25259				2
2024.12.26	23:41:19.811		1.25264			4
2024.12.26	23:41:20.730	1.25258	1.25263			6
2024.12.26	23:41:23.799	1.25259	1.25264			6
2024.12.26	23:41:24.108	1.25262	1.25266			6
2024.12.26	23:41:24.420	1.25263	1.25267			6
2024.12.26	23:41:26.871	1.25262				2
2024.12.26	23:41:29.948		1.25266			4
2024.12.26	23:41:30.872	1.25259	1.25265			6
2024.12.26	23:41:51.699	1.25258	1.25262			6
2024.12.26	23:41:55.086		1.25263			4
2024.12.26	23:41:55.390		1.25262			4
2024.12.26	23:41:56.625		1.25263			4
2024.12.26	23:42:00.001	1.25258				2
2024.12.26	23:42:05.226		1.25262			4
2024.12.26	23:42:05.837	1.25257				2
2024.12.26	23:42:10.448	1.25258				2
2024.12.26	23:42:23.646	1.25257				2
2024.12.26	23:42:51.913	1.25261	1.25265			6
2024.12.26	23:42:52.226	1.25259				2
2024.12.26	23:43:00.217	1.25259				2
2024.12.26	23:43:02.363		1.25264			4
2024.12.26	23:43:04.821	1.25258				2
2024.12.26	23:43:06.042	1.25257	1.25262			6
2024.12.26	23:43:12.833	1.25258				2
2024.12.26	23:43:24.513	1.25257				2
2024.12.26	23:43:30.350	1.25258				2
2024.12.26	23:43:33.735	1.25257				2
2024.12.26	23:43:38.350	1.25258				2
2024.12.26	23:43:51.876	1.25257				2
2024.12.26	23:43:55.895		1.25261			4
2024.12.26	23:44:00.201	1.25258	1.25262			6
2024.12.26	23:44:01.126	1.25259				2
2024.12.26	23:44:01.739		1.25261			4
2024.12.26	23:44:02.355		1.25262			4
2024.12.26	23:44:11.583	1.25258				2
2024.12.26	23:44:13.126	1.25260				2
2024.12.26	23:44:14.978	1.25259	1.25261			6
2024.12.26	23:44:23.917	1.25261	1.25263			6
2024.12.26	23:44:30.384	1.25263	1.25264			6
2024.12.26	23:44:32.843	1.25261	1.25263			6
2024.12.26	23:44:33.463	1.25262				2
2024.12.26	23:44:33.769	1.25261				2
2024.12.26	23:44:35.924	1.25268	1.25269			6
2024.12.26	23:44:36.236		1.25271			4
2024.12.26	23:44:40.241	1.25269				2
2024.12.26	23:44:45.781	1.25267				2
2024.12.26	23:44:48.861		1.25270			4
2024.12.26	23:44:49.170	1.25266				2
2024.12.26	23:44:51.633	1.25265	1.25269			6
2024.12.26	23:44:51.942	1.25264	1.25268			6
2024.12.26	23:44:52.252	1.25265	1.25267			6
2024.12.26	23:44:52.864	1.25267	1.25269			6
2024.12.26	23:44:53.171	1.25264	1.25266			6
2024.12.26	23:44:53.478	1.25265	1.25267			6
2024.12.26	23:44:56.253	1.25267	1.25268			6
2024.12.26	23:45:00.259	1.25268	1.25270			6
2024.12.26	23:45:00.568	1.25269	1.25271			6
2024.12.26	23:45:00.870	1.25267	1.25269			6
2024.12.26	23:45:03.642	1.25265	1.25267			6
2024.12.26	23:45:09.496	1.25262	1.25270			6
2024.12.26	23:45:19.361	1.25263				2
2024.12.26	23:45:20.285	1.25262				2
2024.12.26	23:45:21.521	1.25263				2
2024.12.26	23:45:24.907	1.25262				2
2024.12.26	23:45:37.814	1.25263				2
2024.12.26	23:45:38.117	1.25262	1.25269			6
2024.12.26	23:45:38.423	1.25261				2
2024.12.26	23:45:39.345	1.25270	1.25278			6
2024.12.26	23:45:39.650	1.25271				2
2024.12.26	23:45:39.962		1.25279			4
2024.12.26	23:45:41.813	1.25272				2
2024.12.26	23:45:43.655		1.25280			4
2024.12.26	23:45:51.658	1.25270	1.25278			6
2024.12.26	23:45:51.965	1.25271	1.25279			6
2024.12.26	23:45:53.507	1.25272	1.25280			6
2024.12.26	23:46:00.276	1.25272				2
2024.12.26	23:46:09.493	1.25271	1.25279			6
2024.12.26	23:46:42.701		1.25278			4
2024.12.26	23:46:51.621	1.25270				2
2024.12.26	23:46:51.927	1.25268	1.25276			6
2024.12.26	23:46:59.619	1.25269	1.25277			6
2024.12.26	23:47:00.233	1.25269				2
2024.12.26	23:47:00.845	1.25268	1.25276			6
2024.12.26	23:47:02.999	1.25272	1.25277			6
2024.12.26	23:47:05.151		1.25278			4
2024.12.26	23:47:44.811	1.25270				2
2024.12.26	23:48:00.197	1.25270				2
2024.12.26	23:48:05.426		1.25278			4
2024.12.26	23:48:48.470	1.25271	1.25279			6
2024.12.26	23:49:00.138	1.25271				2
2024.12.26	23:49:03.511	1.25270	1.25278			6
2024.12.26	23:49:24.399	1.25271	1.25279			6
2024.12.26	23:49:40.993	1.25269	1.25277			6
2024.12.26	23:49:41.303	1.25266	1.25274			6
2024.12.26	23:49:48.682	1.25267	1.25275			6
2024.12.26	23:49:48.994	1.25266	1.25274			6
2024.12.26	23:49:56.347	1.25267	1.25275			6
2024.12.26	23:49:58.183	1.25266	1.25274			6
2024.12.26	23:50:00.020	1.25266				2
2024.12.26	23:50:00.632	1.25263	1.25271			6
2024.12.26	23:50:00.943	1.25265	1.25273			6
2024.12.26	23:50:01.871	1.25266	1.25274			6
2024.12.26	23:50:02.172	1.25264	1.25272			6
2024.12.26	23:50:07.088	1.25265				2
2024.12.26	23:50:07.397	1.25262	1.25270			6
2024.12.26	23:50:34.142	1.25263	1.25271			6
2024.12.26	23:50:41.216	1.25262	1.25270			6
2024.12.26	23:50:44.595	1.25261	1.25269			6
2024.12.26	23:50:47.060	1.25262	1.25270			6
2024.12.26	23:50:48.591	1.25261	1.25269			6
2024.12.26	23:51:00.246	1.25262	1.25270			6
2024.12.26	23:51:03.013	1.25263	1.25271			6
2024.12.26	23:51:04.561	1.25261	1.25269			6
2024.12.26	23:51:04.861	1.25262	1.25270			6
2024.12.26	23:51:18.981	1.25261	1.25269			6
2024.12.26	23:51:48.837	1.25262	1.25270			6
2024.12.26	23:51:51.591	1.25266	1.25274			6
2024.12.26	23:51:51.901	1.25267	1.25275			6
2024.12.26	23:51:54.671	1.25266	1.25274			6
2024.12.26	23:51:59.271	1.25267	1.25275			6
2024.12.26	23:52:00.195	1.25267				2
2024.12.26	23:52:00.807	1.25265	1.25273			6
2024.12.26	23:52:04.493		1.25271			4
2024.12.26	23:52:04.804	1.25263				2
2024.12.26	23:52:05.111	1.25264	1.25272			6
2024.12.26	23:52:07.260	1.25263	1.25271			6
2024.12.26	23:52:10.951	1.25260	1.25268			6
2024.12.26	23:52:11.251	1.25261				2
2024.12.26	23:52:12.175		1.25269			4
2024.12.26	23:52:12.481	1.25262	1.25270			6
2024.12.26	23:52:15.547	1.25261	1.25269			6
2024.12.26	23:52:15.860	1.25260	1.25268			6
2024.12.26	23:52:20.151	1.25261	1.25269			6
2024.12.26	23:52:22.608	1.25260	1.25267			6
2024.12.26	23:52:22.914	1.25261	1.25268			6
2024.12.26	23:52:23.224	1.25262	1.25270			6
2024.12.26	23:52:29.050	1.25261	1.25269			6
2024.12.26	23:52:29.355		1.25267			4
2024.12.26	23:52:29.655	1.25260				2
2024.12.26	23:52:32.732	1.25261	1.25269			6
2024.12.26	23:52:40.718	1.25260	1.25268			6
2024.12.26	23:52:41.325		1.25267			4
2024.12.26	23:52:49.301		1.25268			4
2024.12.26	23:52:55.742	1.25261				2
2024.12.26	23:52:59.430	1.25262	1.25270			6
2024.12.26	23:53:00.041	1.25262				2
2024.12.26	23:53:12.609	1.25260	1.25268			6
2024.12.26	23:53:22.415		1.25267			4
2024.12.26	23:53:32.540	1.25261	1.25268			6
2024.12.26	23:53:32.841	1.25263	1.25271			6
2024.12.26	23:53:33.153	1.25262	1.25270			6
2024.12.26	23:53:34.382	1.25263	1.25271			6
2024.12.26	23:53:45.744	1.25262	1.25270			6
2024.12.26	23:54:00.139	1.25262				2
2024.12.26	23:54:00.754	1.25260	1.25267			6
2024.12.26	23:54:27.780		1.25268			4
2024.12.26	23:54:37.607		1.25267			4
2024.12.26	23:54:40.984		1.25268			4
2024.12.26	23:54:41.285	1.25258	1.25266			6
2024.12.26	23:55:00.025	1.25258				2
2024.12.26	23:55:00.335	1.25260	1.25268			6
2024.12.26	23:55:07.759	1.25242	1.25282			6
2024.12.26	23:55:12.570	1.25243	1.25283			6
2024.12.26	23:55:18.572	1.25246	1.25286			6
2024.12.26	23:55:20.537	1.25247	1.25287			6
2024.12.26	23:55:44.720		1.25286			4
2024.12.26	23:55:45.144		1.25287			4
2024.12.26	23:55:57.101	1.25248	1.25288			6
2024.12.26	23:56:00.580	1.25244	1.25284			6
2024.12.26	23:56:11.809	1.25249	1.25289			6
2024.12.26	23:56:16.819	1.25247	1.25292			6
2024.12.26	23:56:17.284		1.25293			4
2024.12.26	23:56:17.713	1.25249	1.25295			6
2024.12.26	23:56:18.192	1.25250				2
2024.12.26	23:56:40.084	1.25245	1.25293			6
2024.12.26	23:56:41.228	1.25248				2
2024.12.26	23:56:41.916	1.25245				2
2024.12.26	23:56:42.235	1.25248				2
2024.12.26	23:56:44.482	1.25245				2
2024.12.26	23:56:45.741	1.25248				2
2024.12.26	23:56:54.152	1.25246	1.25294			6
2024.12.26	23:56:56.015	1.25245	1.25293			6
2024.12.26	23:56:56.353		1.25294			4
2024.12.26	23:56:57.204	1.25248				2
2024.12.26	23:57:00.412	1.25248				2
2024.12.26	23:57:00.807	1.25245				2
2024.12.26	23:57:01.909	1.25248				2
2024.12.26	23:57:03.069	1.25245				2
2024.12.26	23:57:04.274	1.25249				2
2024.12.26	23:57:04.579	1.25245				2
2024.12.26	23:57:04.970		1.25293			4
2024.12.26	23:57:05.647		1.25294			4
2024.12.26	23:57:13.073	1.25248				2
2024.12.26	23:57:13.840	1.25247	1.25286			6
2024.12.26	23:57:14.281	1.25244				2
2024.12.26	23:57:19.390	1.25245	1.25293			6
2024.12.26	23:57:20.486	1.25249	1.25294			6
2024.12.26	23:57:23.912		1.25295			4
2024.12.26	23:57:28.789	1.25247	1.25288			6
2024.12.26	23:57:45.360	1.25249	1.25294			6
2024.12.26	23:57:50.762	1.25246	1.25293			6
2024.12.26	23:57:52.356	1.25243	1.25286			6
2024.12.26	23:58:00.314	1.25239	1.25285			6
2024.12.26	23:58:01.003	1.25238				2
2024.12.26	23:58:10.274	1.25236				2
2024.12.26	23:58:11.268	1.25237				2
2024.12.26	23:58:28.640		1.25286			4
2024.12.26	23:58:30.491	1.25241				2
2024.12.26	23:58:31.889	1.25239				2
2024.12.26	23:58:37.354	1.25244				2
2024.12.26	23:58:40.357		1.25290			4
2024.12.26	23:58:40.668	1.25248	1.25298			6
2024.12.26	23:58:41.004	1.25243	1.25293			6
2024.12.26	23:58:42.034	1.25242				2
2024.12.26	23:58:45.482		1.25292			4
2024.12.26	23:58:49.081	1.25244				2
2024.12.26	23:58:49.446	1.25242				2
2024.12.26	23:58:58.466	1.25241	1.25293			6
2024.12.26	23:58:58.773		1.25294			4
2024.12.26	23:59:00.319	1.25241				2
2024.12.26	23:59:00.624	1.25242	1.25295			6
2024.12.26	23:59:10.338	1.25243	1.25296			6
2024.12.26	23:59:14.732		1.25295			4
2024.12.26	23:59:50.366		1.25296			4
2024.12.26	23:59:50.870		1.25294			4
2024.12.26	23:59:53.873		1.25292			4
2024.12.26	23:59:55.332	1.25217	1.25321			6
2024.12.26	23:59:56.559	1.25216	1.25320			6
2024.12.26	23:59:58.404	1.25188	1.25380			6
2024.12.26	23:59:58.713	1.25178	1.25370			6
2024.12.26	23:59:59.017	1.25174	1.25366			6
2024.12.26	23:59:59.329	1.25172	1.25364			6
